          0.002       6087.0622       109678.87
          0.004       5871.6556        105797.6
          0.006       5663.8718       102053.68
          0.008       5463.4409        98442.24
           0.01       5270.1028       94958.605
          0.012       5083.6065       91598.247
          0.014       4903.7098       88356.804
          0.016       4730.1793       85230.069
          0.018       4562.7896        82213.98
           0.02       4401.3234       79304.624
          0.022       4245.5711       76498.224
          0.024       4095.3305       73791.135
          0.026       3950.4065       71179.843
          0.028       3810.6111       68660.959
           0.03       3675.7627       66231.212
          0.032       3545.6863       63887.448
          0.034       3420.2129       61626.624
          0.036       3299.1798       59445.805
          0.038       3182.4297        57342.16
           0.04       3069.8111       55312.959
          0.042       2961.1778       53355.566
          0.044       2856.3889        51467.44
          0.046       2755.3081        49646.13
          0.048       2657.8043       47889.273
           0.05        2563.751       46194.586
          0.052        2473.026        44559.87
          0.054       2385.5115       42983.003
          0.056        2301.094       41461.937
          0.058       2219.6638       39994.699
           0.06       2141.1152       38579.382
          0.062       2065.3462        37214.15
          0.064       1992.2586        35897.23
          0.066       1921.7573       34626.913
          0.068       1853.7509        33401.55
           0.07       1788.1511       32219.549
          0.072       1724.8727       31079.376
          0.074       1663.8336       29979.551
          0.076       1604.9545       28918.647
          0.078        1548.159       27895.285
           0.08       1493.3734       26908.138
          0.082       1440.5265       25955.923
          0.084       1389.5497       25037.405
          0.086       1340.3769       24151.391
          0.088       1292.9441       23296.731
           0.09       1247.1899       22472.316
          0.092       1203.0549       21677.074
          0.094       1160.4816       20909.975
          0.096        1119.415       20170.021
          0.098       1079.8016       19456.252
            0.1         1041.59       18767.742
          0.102       1004.7306       18103.596
          0.104       969.17557       17462.953
          0.106       934.87877       16844.981
          0.108       901.79565       16248.878
           0.11       869.88326       15673.869
          0.112       839.10017       15119.208
          0.114       809.40643       14584.176
          0.116       780.76347       14068.076
          0.118       753.13412       13570.241
           0.12       726.48251       13090.023
          0.122       700.77403       12626.798
          0.124       675.97531       12179.966
          0.126       652.05417       11748.946
          0.128       628.97953       11333.179
           0.13       606.72145       10932.125
          0.132       585.25103       10545.263
          0.134        564.5404       10172.092
          0.136       544.56266       9812.1256
          0.138        525.2919       9464.8979
           0.14       506.70307       9129.9579
          0.142       488.77206       8806.8705
          0.144       471.47559       8495.2164
          0.146        454.7912       8194.5911
          0.148       438.69723       7904.6041
           0.15       423.17278       7624.8791
          0.152       408.19771       7355.0529
          0.154       393.75257       7094.7752
          0.156       379.81861       6843.7081
          0.158       366.37774       6601.5256
           0.16       353.41251       6367.9134
          0.162       340.90608       6142.5682
          0.164       328.84223       5925.1974
          0.166       317.20529       5715.5189
          0.168       305.98016       5513.2603
           0.17       295.15225       5318.1593
          0.172       284.70752       5129.9623
          0.174        274.6324       4948.4252
          0.176       264.91382       4773.3123
          0.178       255.53915       4604.3962
           0.18       246.49624       4441.4577
          0.182       237.77332       4284.2851
          0.184        229.3591       4132.6745
          0.186       221.24263       3986.4291
          0.188       213.41338       3845.3589
           0.19       205.86119       3709.2808
          0.192       198.57626       3578.0183
          0.194       191.54912       3451.4008
          0.196       184.77065        3329.264
          0.198       178.23206       3211.4493
            0.2       171.92486       3097.8038
          0.202       165.84085       2988.1799
          0.204       159.97214       2882.4354
          0.206        154.3111       2780.4329
          0.208        148.8504         2682.04
           0.21       143.58294        2587.129
          0.212       138.50189       2495.5767
          0.214       133.60064       2407.2643
          0.216       128.87283       2322.0769
          0.218       124.31233       2239.9042
           0.22       119.91321       2160.6393
          0.222       115.66977       2084.1795
          0.224        111.5765       2010.4254
          0.226       107.62807       1939.2812
          0.228       103.81937       1870.6547
           0.23       100.14545       1804.4567
          0.232       96.601545       1740.6013
          0.234       93.183047       1679.0056
          0.236       89.885522       1619.5896
          0.238       86.704689       1562.2762
           0.24       83.636417        1506.991
          0.242       80.676725       1453.6622
          0.244       77.821769       1402.2206
          0.246       75.067843       1352.5993
          0.248       72.411371       1304.7341
           0.25       69.848906       1258.5627
          0.252       67.377121       1214.0251
          0.254       64.992806       1171.0637
          0.256       62.692866       1129.6226
          0.258       60.474315       1089.6479
           0.26       58.334274       1051.0879
          0.262       56.269964       1013.8924
          0.264       54.278705       978.01318
          0.266       52.357911       943.40364
          0.268        50.50509       910.01884
           0.27       48.717836       877.81545
          0.272       46.993828       846.75167
          0.274       45.330829       816.78715
          0.276        43.72668       787.88301
          0.278       42.179297       760.00172
           0.28       40.686673       733.10707
          0.282       39.246869       707.16417
          0.284       37.858016       682.13932
          0.286       36.518311       658.00005
          0.288       35.226016         634.715
           0.29       33.979451       612.25395
          0.292          32.777       670.76286
          0.294         31.2964         716.325
          0.296         29.9117         651.575
          0.298         28.6901         553.175
            0.3          27.699         454.425
          0.302         26.8724         404.375
          0.304         26.0815         393.375
          0.306         25.2989           396.1
          0.308         24.4971         412.575
           0.31         23.6486         438.175
          0.312         22.7444           459.2
          0.314         21.8118         466.675
          0.316         20.8777         460.725
          0.318         19.9689           441.3
           0.32         19.1125           413.3
          0.322         18.3157           387.2
          0.324         17.5637           366.3
          0.326         16.8505         348.425
          0.328           16.17         333.575
           0.33         15.5162           323.1
          0.332         14.8776           316.4
          0.334         14.2506          309.15
          0.336          13.641          299.05
          0.338         13.0544         286.125
           0.34         12.4965         273.225
          0.342         11.9615          264.15
          0.344         11.4399           257.6
          0.346         10.9311          251.35
          0.348         10.4345        245.3225
           0.35         9.94981          240.81
          0.352         9.47126        237.6875
          0.354         8.99906        232.4375
          0.356         8.54151        223.0425
          0.358         8.10689        209.5025
           0.36          7.7035          195.25
          0.362         7.32589        185.5375
          0.364         6.96135        179.6525
          0.366         6.60728         175.065
          0.368         6.26109        171.7775
           0.37         5.92017        169.8125
          0.372         5.58184          168.51
          0.374         5.24613         166.835
          0.376          4.9145        164.4275
          0.378         4.58842          161.29
           0.38         4.26934        156.8025
          0.382         3.96121          150.71
          0.384          3.6665        144.1725
          0.386         3.38452          137.98
          0.388         3.11458        132.1375
           0.39         2.85597         126.505
          0.392         2.60856         120.895
          0.394         2.37239         115.375
          0.396         2.14706         110.055
          0.398         1.93217        104.9325
            0.4         1.72733          100.41
          0.402         1.53053         96.6875
          0.404         1.34058         93.0725
          0.406         1.15824        89.07275
          0.408        0.984289          84.683
           0.41        0.819508          80.674
          0.412        0.661593          77.501
          0.414        0.509504        73.92075
          0.416         0.36591         69.0055
          0.418        0.233482         62.7555
           0.42        0.114888        56.84686
          0.422      0.00609456       53.463375
          0.424      -0.0989655        51.69189
          0.426       -0.200673       50.110875
          0.428       -0.299409         48.7205
           0.43       -0.395555         47.7055
          0.432       -0.490231         47.0315
          0.434       -0.583681        46.18525
          0.436       -0.674972        44.87275
          0.438       -0.763172          43.094
           0.44       -0.847348        40.58525
          0.442       -0.925513        37.32375
          0.444       -0.996643        33.93675
          0.446        -1.06126        30.80675
          0.448        -1.11987         27.9375
           0.45        -1.17301           25.44
          0.452        -1.22163            23.4
          0.454        -1.26661         21.6725
          0.456        -1.30832         20.1225
          0.458         -1.3471         18.7525
           0.46        -1.38333         17.6975
          0.462        -1.41789          16.765
          0.464        -1.45039          15.345
          0.466        -1.47927         13.1525
          0.468          -1.503           10.19
           0.47        -1.52003          6.9075
          0.472        -1.53063            4.09
          0.474        -1.53639          1.7825
          0.476        -1.53776         -0.3025
          0.478        -1.53518           -2.17
           0.48        -1.52908         -3.5325
          0.482        -1.52105           -4.21
          0.484        -1.51224           -4.65
          0.486        -1.50245          -5.185
          0.488         -1.4915         -5.8175
           0.49        -1.47918           -6.31
          0.492        -1.46626          -6.575
          0.494        -1.45288         -7.0825
          0.496        -1.43793         -8.1525
          0.498        -1.42027         -9.7875
            0.5        -1.39878        -11.7525
          0.502        -1.37326        -13.3875
          0.504        -1.34523         -14.275
          0.506        -1.31616         -14.425
          0.508        -1.28753         -13.835
           0.51        -1.26082         -13.055
          0.512        -1.23531        -12.7775
          0.514        -1.20971        -12.6825
          0.516        -1.18458         -12.305
          0.518        -1.16049          -11.64
           0.52        -1.13802          -10.95
          0.522        -1.11669         -10.605
          0.524         -1.0956        -10.5175
          0.526        -1.07462        -10.4925
          0.528        -1.05363         -10.525
           0.53        -1.03252        -10.6175
          0.532        -1.01116       -10.72625
          0.534       -0.989615       -10.78725
          0.536       -0.968011        -10.7825
          0.538       -0.946485       -10.70975
           0.54       -0.925172         -9.8025
          0.542       -0.907275         -7.7715
          0.544       -0.894086        -6.10175
          0.546       -0.882868        -5.79975
          0.548       -0.870887        -6.86525
           0.55       -0.855407          -9.023
          0.552       -0.834795       -11.14725
          0.554       -0.810818       -12.23925
          0.556       -0.785838       -12.14975
          0.558       -0.762219        -10.8785
           0.56       -0.742324        -8.93025
          0.562       -0.726498        -7.42525
          0.564       -0.712623        -6.78225
          0.566       -0.699369          -6.804
          0.568       -0.685407        -7.49075
           0.57       -0.669406          -8.617
          0.572       -0.650939          -9.555
          0.574       -0.631186         -9.9275
          0.576       -0.611229           -9.76
          0.578       -0.592146        -9.05225
           0.58        -0.57502        -8.17675
          0.582       -0.559439        -7.69575
          0.584       -0.544237         -7.5205
          0.586       -0.529357          -7.373
          0.588       -0.514745        -7.25325
           0.59       -0.500344         -7.0845
          0.592       -0.486407          -6.846
          0.594        -0.47296            -6.7
          0.596       -0.459607          -6.752
          0.598       -0.445952          -7.002
            0.6       -0.431599          -7.616
          0.602       -0.415488        -8.49925
          0.604       -0.397602         -9.0965
          0.606       -0.379102          -9.113
          0.608        -0.36115        -8.54825
           0.61       -0.344909          -7.783
          0.612       -0.330018        -7.39875
          0.614       -0.315314        -7.31625
          0.616       -0.300753        -7.25575
          0.618       -0.286291          -7.217
           0.62       -0.271885        -7.23425
          0.622       -0.257354        -7.28025
          0.624       -0.242764        -7.22875
          0.626       -0.228439        -7.01525
          0.628       -0.214703         -6.6395
           0.63       -0.201881        -5.95175
          0.632       -0.190896        -5.00825
          0.634       -0.181848        -4.26775
          0.636       -0.173825          -3.984
          0.638       -0.165912         -4.1575
           0.64       -0.157195          -4.623
          0.642        -0.14742        -5.00875
          0.644        -0.13716         -5.1695
          0.646       -0.126742         -5.1655
          0.648       -0.116498        -4.99675
           0.65       -0.106755        -4.04525
          0.652       -0.100317       -2.170325
          0.654      -0.0980737         -0.7096
          0.656      -0.0974786        -0.52175
          0.658      -0.0959867        -1.60645
           0.66      -0.0910528       -3.913775
          0.662      -0.0803316       -6.456075
          0.664      -0.0652285       -7.876875
          0.666      -0.0488241        -7.75725
          0.668      -0.0341995       -6.097175
           0.67      -0.0244354       -3.935575
          0.672      -0.0184572         -2.7943
          0.674      -0.0132582       -2.359095
          0.676     -0.00902082       -1.832725
          0.678      -0.0059273      -1.2151975
           0.68     -0.00416003      -0.6612675
          0.682     -0.00328223      -0.3846875
          0.684     -0.00262128      -0.3191125
          0.686     -0.00200578        -0.33923
          0.688     -0.00126436      -0.4450375
           0.69     -0.00022563      -0.5840925
          0.692      0.00107201      -0.6786875
          0.694      0.00248912      -0.7433675
          0.696      0.00404548        -0.81794
          0.698      0.00576088        -0.90241
            0.7      0.00765512       -1.255755
          0.702       0.0107839        -1.94677
          0.704       0.0154422       -2.431125
          0.706       0.0205084       -2.354675
          0.708       0.0248609        -1.71745
           0.71       0.0273782       -0.872825
          0.712       0.0283522        -0.37375
          0.714       0.0288732         -0.1662
          0.716        0.029017         0.00345
          0.718       0.0288594        0.135125
           0.72       0.0284765         0.22365
          0.722       0.0279648        0.275475
          0.724       0.0273746        0.313275
          0.726       0.0267117          0.3481
          0.728       0.0259822          0.3799
           0.73       0.0251921        0.539975
          0.732       0.0238223        0.865025
          0.734        0.021732        1.081875
          0.736       0.0194948        1.012025
          0.738       0.0176839        0.655475
           0.74       0.0168729       -0.003325
          0.742       0.0176972        -0.80035
          0.744       0.0200743         -1.4507
          0.746          0.0235       -1.848975
          0.748       0.0274702       -1.995225
           0.75       0.0314809       -2.121475
          0.752       0.0359561        -2.44285
          0.754       0.0412523       -2.701875
          0.756       0.0467636          -2.658
          0.758       0.0518843       -2.311225
           0.76       0.0560085       -1.621825
          0.762       0.0583716       -0.736375
          0.764        0.058954        0.025925
          0.766       0.0582679          0.5322
          0.768       0.0568252        0.782475
           0.77        0.055138        1.433875
          0.772       0.0510897        2.794225
          0.774       0.0439611         3.68235
          0.776       0.0363603          3.2664
          0.778       0.0308955        1.546425
           0.78       0.0301746       -0.914875
          0.782        0.034555       -2.861075
          0.784       0.0416189        -3.81425
          0.786        0.049812       -3.990275
          0.788         0.05758       -3.389125
           0.79       0.0633685       -2.546125
          0.792       0.0677645        -2.21265
          0.794       0.0722191         -2.1775
          0.796       0.0764745        -2.01345
          0.798       0.0802729        -1.72045
            0.8       0.0833563       -1.428075
          0.802       0.0859852        -1.30975
          0.804       0.0885953        -1.30155
          0.806       0.0911914         -1.2958
          0.808       0.0937785       -1.292475
           0.81       0.0963613         -1.2883
          0.812       0.0989317       -1.279175
          0.814        0.101478       -1.267825
          0.816        0.104003        -1.25675
          0.818        0.106505          -1.246
           0.82        0.108987        -0.73725
          0.822        0.109454         0.47975
          0.824        0.107068         1.47225
          0.826        0.103565           1.597
          0.828         0.10068           0.854
           0.83        0.100149         -0.5325
          0.832         0.10281         -1.8405
          0.834        0.107511         -2.5495
          0.836        0.113008          -2.636
          0.838        0.118055            -2.1
           0.84        0.121408         -0.9515
          0.842        0.121861         0.29175
          0.844        0.120241         0.87775
          0.846         0.11835           0.563
          0.848        0.117989          -0.653
           0.85        0.120962        -2.09925
          0.852        0.126386         -2.7955
          0.854        0.132144        -2.94875
          0.856        0.138181        -3.07525
          0.858        0.144445        -3.17475
           0.86         0.15088        -3.24975
          0.862        0.157444         -3.3015
          0.864        0.164086        -3.32425
          0.866        0.170741        -3.31425
          0.868        0.177343        -3.27175
           0.87        0.183828         -3.1905
          0.872        0.190105         -3.0655
          0.874         0.19609        -2.90525
          0.876        0.201726          -2.716
          0.878        0.206954        -2.49725
           0.88        0.211715        -2.19725
          0.882        0.215743          -1.813
          0.884        0.218967        -1.46975
          0.886        0.221622          -1.244
          0.888        0.223943         -1.1355
           0.89        0.226164           -0.95
          0.892        0.227743          -0.577
          0.894        0.228472        -0.33675
          0.896         0.22909        -0.46575
          0.898        0.230335        -0.96425
            0.9        0.232947          -1.701
          0.902        0.237139        -2.33775
          0.904        0.242298        -2.69425
          0.906        0.247916         -2.7975
          0.908        0.253488          -2.648
           0.91        0.258508         -2.4065
          0.912        0.263114        -2.28275
          0.914        0.267639        -2.18775
          0.916        0.271865        -1.98425
          0.918        0.275576         -1.6725
           0.92        0.278555          -1.109
          0.922        0.280012         -0.3335
          0.924        0.279889           0.236
          0.926        0.279068           0.365
          0.928        0.278429         0.05275
           0.93        0.278857          -0.528
          0.932        0.280541        -0.98325
          0.934         0.28279         -1.1545
          0.936        0.285159        -1.10275
          0.938        0.287201         -0.8285
           0.94        0.288473        -0.44225
          0.942         0.28897          -0.137
          0.944        0.289021           0.073
          0.946        0.288678           0.257
          0.948        0.287993           0.415
           0.95        0.287018           0.607
          0.952        0.285565          0.8545
          0.954          0.2836         1.03975
          0.956        0.281406          1.0825
          0.958         0.27927         0.98275
           0.96        0.277475         0.52075
          0.962        0.277187          -0.257
          0.964        0.278503          -0.731
          0.966        0.280111        -0.54825
          0.968        0.280696           0.292
           0.97        0.278943         1.73475
          0.972        0.273757          3.2555
          0.974        0.265921          4.2045
          0.976        0.256939         4.40125
          0.978        0.248316           3.845
           0.98        0.241559           3.037
          0.982        0.236168         2.69575
          0.984        0.230776         2.64675
          0.986        0.225581         2.49775
          0.988        0.220785          2.2485
           0.99        0.216587          2.0075
          0.992        0.212755         1.91475
          0.994        0.208928         1.91025
          0.996        0.205114          1.9025
          0.998        0.201318          1.8915
              1        0.197548         1.88125
          1.002        0.193793         1.87725
          1.004        0.190039         1.87725
          1.006        0.186284         1.87725
          1.008         0.18253           1.877
           1.01        0.178776          1.8755
          1.012        0.175028         1.87175
          1.014        0.171289         1.86825
          1.016        0.167555         1.86675
          1.018        0.163822          1.8665
           1.02        0.160089         1.71425
          1.022        0.156965          1.3485
          1.024        0.154695         1.05825
          1.026        0.152732          1.0425
          1.028        0.150525           1.302
           1.03        0.147524          2.6905
          1.032        0.139763          5.3285
          1.034         0.12621           7.261
          1.036        0.110719        7.265975
          1.038       0.0971461        5.343625
           1.04       0.0893445         2.69245
          1.042       0.0863763          1.2566
          1.044       0.0843181        0.957275
          1.046       0.0825472          0.9694
          1.048       0.0804405         1.29295
           1.05       0.0773754          1.7014
          1.052       0.0736349        1.869975
          1.054       0.0698955        1.877575
          1.056       0.0661246          1.9015
          1.058       0.0622895        1.941725
           1.06       0.0583577        2.001125
          1.062        0.054285        2.064925
          1.064        0.050098        2.103725
          1.066       0.0458701        2.105875
          1.068       0.0416745          2.0714
           1.07       0.0375845         1.89515
          1.072       0.0340939        1.560425
          1.074       0.0313428         1.30495
          1.076       0.0288741        1.278075
          1.078       0.0262305        1.479875
           1.08       0.0229546        1.987325
          1.082       0.0182812        2.662575
          1.084       0.0123043          3.1063
          1.086        0.005856       3.1339523
          1.088    -0.000231509       2.7455275
           1.09     -0.00512611       2.1791778
          1.092     -0.00894822       1.8006475
          1.094      -0.0123287         1.56317
          1.096      -0.0152009         1.29245
          1.098      -0.0174985        0.988475
            1.1      -0.0191548        0.727975
          1.102      -0.0204104         0.58545
          1.104      -0.0214966        0.480775
          1.106      -0.0223335        0.336125
          1.108      -0.0228411          0.1515
           1.11      -0.0229395       -0.019775
          1.112       -0.022762       -0.107825
          1.114      -0.0225082        -0.14115
          1.116      -0.0221974        -0.16485
          1.118      -0.0218488       -0.178925
           1.12      -0.0214817       -0.235075
          1.122      -0.0209085         -0.3518
          1.124      -0.0200745       -0.427475
          1.126      -0.0191986       -0.393725
          1.128      -0.0184996       -0.250525
           1.13      -0.0181965        0.263875
          1.132      -0.0195551        1.188025
          1.134      -0.0229486         1.92525
          1.136      -0.0272561         2.10205
          1.138      -0.0313568        1.718425
           1.14      -0.0341298        1.070475
          1.142      -0.0356387        0.676125
          1.144      -0.0368343          0.5721
          1.146      -0.0379271        0.573375
          1.148      -0.0391278        0.679925
           1.15      -0.0406468          0.9122
          1.152      -0.0427766         1.19525
          1.154      -0.0454278        1.365425
          1.156      -0.0482383        1.354625
          1.158      -0.0508463         1.16285
           1.16      -0.0528897         0.64715
          1.162      -0.0534349          -0.109
          1.164      -0.0524537       -0.623025
          1.166      -0.0509428       -0.638725
          1.168      -0.0498988        -0.15615
           1.17      -0.0503182        0.613075
          1.172      -0.0523511        1.206575
          1.174      -0.0551445         1.46005
          1.176      -0.0581913        1.459825
          1.178      -0.0609838         1.20585
           1.18      -0.0630147        0.867225
          1.182      -0.0644527          0.6829
          1.184      -0.0657463          0.5887
          1.186      -0.0668075         0.45045
          1.188      -0.0675481         0.26815
           1.19      -0.0678801         0.07835
          1.192      -0.0678615         -0.0681
          1.194      -0.0676077        -0.18605
          1.196      -0.0671173       -0.304775
          1.198      -0.0663886       -0.424325
            1.2        -0.06542        -0.54635
          1.202      -0.0642032       -0.663375
          1.204      -0.0627665       -0.759925
          1.206      -0.0611635       -0.829575
          1.208      -0.0594482        -0.87235
           1.21      -0.0576741       -1.007625
          1.212      -0.0554177         -1.2906
          1.214      -0.0525117       -1.505775
          1.216      -0.0493946         -1.5017
          1.218      -0.0465049         -1.2784
           1.22       -0.044281       -0.640975
          1.222       -0.043941        0.334275
          1.224      -0.0456181        1.045525
          1.226      -0.0481231        1.162225
          1.228       -0.050267          0.6844
           1.23      -0.0508607       -0.227925
          1.232      -0.0493553       -1.075075
          1.234      -0.0465604        -1.50755
          1.236      -0.0433251       -1.515475
          1.238      -0.0404985       -1.098875
           1.24      -0.0389296         -0.2612
          1.242      -0.0394537        0.661625
          1.244      -0.0415761        1.174275
          1.246      -0.0441508        1.113975
          1.248       -0.046032          0.4807
           1.25      -0.0460736       -0.529525
          1.252      -0.0439139       -1.393625
          1.254      -0.0404991       -1.817075
          1.256      -0.0366456       -1.832225
          1.258      -0.0331702       -1.439125
           1.26      -0.0308891       -0.802675
          1.262      -0.0299595       -0.299475
          1.264      -0.0296912       -0.082425
          1.266      -0.0296298       -0.092575
          1.268      -0.0293209       -0.329975
           1.27      -0.0283099       -0.879525
          1.272      -0.0258028         -1.5752
          1.274      -0.0220091        -1.95565
          1.276      -0.0179802       -1.810375
          1.278      -0.0147676       -1.139375
           1.28      -0.0134227         -0.2924
          1.282       -0.013598         0.18575
          1.284      -0.0141657        0.352275
          1.286      -0.0150071         0.45945
          1.288      -0.0160035        0.507225
           1.29       -0.017036          0.5677
          1.292      -0.0182743        0.694575
          1.294      -0.0198143         0.78815
          1.296      -0.0214269        0.767225
          1.298      -0.0228832        0.631775
            1.3       -0.023954        0.001675
          1.302      -0.0228899         -1.2084
          1.304      -0.0191204         -2.1762
          1.306      -0.0141851      -2.3741675
          1.308     -0.00962373      -1.8023125
           1.31     -0.00697585      -0.6096875
          1.312     -0.00718498       0.5788525
          1.314     -0.00929126         1.19858
          1.316      -0.0119793        1.160585
          1.318      -0.0139336          0.4649
           1.32      -0.0138389       -0.766725
          1.322      -0.0108667          -1.968
          1.324      -0.0059669      -2.5938625
          1.326     -0.00049125        -2.54382
          1.328      0.00420838      -1.8178525
           1.33      0.00678016        -0.75307
          1.332      0.00722066      -0.0106175
          1.334      0.00682263        0.260535
          1.336      0.00617852       0.2354725
          1.338      0.00588074       -0.085805
           1.34      0.00652174       -0.597395
          1.342      0.00827032       -1.015865
          1.344       0.0105852        -1.18087
          1.346       0.0129938        -1.10955
          1.348       0.0150234       -0.801875
           1.35       0.0162013         -0.3573
          1.352       0.0164526       -0.010475
          1.354       0.0162432         0.13525
          1.356       0.0159116        0.111675
          1.358       0.0157965         -0.0812
           1.36       0.0162364         -0.3237
          1.362       0.0170913        -0.43595
          1.364       0.0179802         -0.4473
          1.366       0.0188805         -0.4473
          1.368       0.0197694         -0.4359
           1.37       0.0206241        -0.41735
          1.372       0.0214388        -0.40035
          1.374       0.0222255       -0.387375
          1.376       0.0229883       -0.376375
          1.378        0.023731        -0.36735
           1.38       0.0244577         -0.2888
          1.382       0.0248862       -0.085675
          1.384       0.0248004          0.1456
          1.386       0.0243038         0.32515
          1.388       0.0234998         0.45305
           1.39       0.0224916          0.8146
          1.392       0.0202414          1.5167
          1.394       0.0164248          2.0065
          1.396       0.0122154       1.9096025
          1.398      0.00878639       1.2259975
            1.4      0.00731141       0.3449925
          1.402      0.00740642      -0.1180625
          1.404      0.00778366      -0.2136175
          1.406      0.00826089      -0.2180575
          1.408      0.00865589      -0.1313875
           1.41      0.00878644       -0.017225
          1.412      0.00872479       0.0308825
          1.414      0.00866291         0.03168
          1.416      0.00859807       0.0338375
          1.418      0.00852756         0.03735
           1.42      0.00844867       0.0402075
          1.422      0.00836673       0.0420225
          1.424      0.00828058       0.0472475
          1.426      0.00817774       0.0587075
          1.428      0.00804575       0.0764025
           1.43      0.00787213         0.15785
          1.432      0.00741435       0.3240725
          1.434      0.00657584         0.46281
          1.436      0.00556311       0.4982925
          1.438      0.00458267       0.4305225
           1.44      0.00384102        0.306535
          1.442      0.00335653       0.2202375
          1.444      0.00296007       0.1948925
          1.446      0.00257696       0.2068925
          1.448       0.0021325        0.256245
           1.45      0.00155198        0.318539
          1.452     0.000858344      0.35415225
          1.454     0.000135371      0.36467025
          1.456    -0.000600337      0.36688775
          1.458     -0.00133218      0.36080575
           1.46     -0.00204356       0.3397275
          1.462     -0.00269109         0.30923
          1.464     -0.00328048        0.294415
          1.466     -0.00386875         0.30812
          1.468     -0.00451296       0.3503425
           1.47     -0.00527012        0.429675
          1.472     -0.00623166       0.5315925
          1.474     -0.00739649       0.6128225
          1.476     -0.00868295       0.6532275
          1.478      -0.0100094       0.6527875
           1.48      -0.0112941         0.64625
          1.482      -0.0125944          0.6718
          1.484      -0.0139813        0.699825
          1.486      -0.0153937        0.697325
          1.488      -0.0167706          0.6643
           1.49      -0.0180509          0.4219
          1.492      -0.0184582       -0.091275
          1.494      -0.0176858         -0.5204
          1.496      -0.0163766       -0.628025
          1.498      -0.0151737         -0.4141
            1.5      -0.0147202        0.101925
          1.502      -0.0155814          0.6704
          1.504      -0.0174018        0.965325
          1.506      -0.0194427        0.890925
          1.508      -0.0209655        0.447225
           1.51      -0.0212316        -0.15245
          1.512      -0.0203557        -0.55605
          1.514      -0.0190074          -0.769
          1.516      -0.0172797       -0.935425
          1.518      -0.0152657        -1.05525
           1.52      -0.0130587        -1.21295
          1.522      -0.0104139       -1.436435
          1.524     -0.00731296      -1.5562975
          1.526     -0.00418871      -1.4597725
          1.528     -0.00147387      -1.1468837
           1.53     0.000398825        -0.73546
          1.532      0.00146797     -0.44778375
          1.534      0.00218996         -0.3227
          1.536      0.00275877      -0.2946075
          1.538      0.00336839       -0.363505
           1.54      0.00421279       -0.497405
          1.542      0.00535801       -0.609915
          1.544      0.00665245       -0.651395
          1.546      0.00796359      -0.6266225
          1.548      0.00915894      -0.5356025
           1.55        0.010106       -0.344265
          1.552        0.010536       -0.092125
          1.554       0.0104745        0.076325
          1.556       0.0102307          0.0902
          1.558       0.0101137       -0.050475
           1.56       0.0104326       -0.252025
          1.562       0.0111218       -0.365275
          1.564       0.0118937         -0.4007
          1.566       0.0127246       -0.424275
          1.568       0.0135908       -0.435975
           1.57       0.0144685         -0.4724
          1.572       0.0154804       -0.552825
          1.574       0.0166798       -0.614575
          1.576       0.0179387        -0.61245
          1.578       0.0191296       -0.546475
           1.58       0.0201246       -0.158775
          1.582       0.0197647        0.608325
          1.584       0.0176913        1.196775
          1.586       0.0149776        1.248675
          1.588       0.0126966         0.76405
           1.59       0.0119214       -0.008925
          1.592       0.0127323        -0.57155
          1.594       0.0142076         -0.7964
          1.596       0.0159179       -0.806475
          1.598       0.0174335       -0.601775
            1.6        0.018325         -0.2665
          1.602       0.0184995        0.002225
          1.604       0.0183161        0.119175
          1.606       0.0180228        0.112075
          1.608       0.0178678        -0.01905
           1.61        0.018099         -0.3659
          1.612       0.0193314       -0.853225
          1.614       0.0215119         -1.1387
          1.616       0.0238862       -1.047075
          1.618       0.0257002       -0.578425
           1.62       0.0261999            0.05
          1.622       0.0255002          0.4547
          1.624       0.0243811          0.6036
          1.626       0.0230858         0.63095
          1.628       0.0218573         0.53675
           1.63       0.0209388        0.371625
          1.632       0.0203708          0.2474
          1.634       0.0199492         0.20535
          1.636       0.0195494        0.225575
          1.638       0.0190469        0.308025
           1.64       0.0183173           0.492
          1.642       0.0170789        0.746825
          1.644         0.01533         0.92825
          1.646       0.0133659        0.961975
          1.648       0.0114821         0.84802
           1.65      0.00997382       0.6480475
          1.652      0.00888991         0.47235
          1.654      0.00808442       0.3322725
          1.656      0.00756082         0.19046
          1.658      0.00732258       0.0469075
           1.66      0.00737319      -0.2142325
          1.662      0.00817951      -0.6097725
          1.664      0.00981228      -0.8753225
          1.666       0.0116808       -0.845505
          1.668       0.0131943         -0.5203
           1.67        0.013762        -0.07235
          1.672       0.0134837          0.2009
          1.674       0.0129584         0.28495
          1.676       0.0123439         0.29005
          1.678       0.0117982        0.216125
           1.68       0.0114794        0.112875
          1.682       0.0113467         0.05345
          1.684       0.0112656        0.023275
          1.686       0.0112536       -0.015575
          1.688       0.0113279         -0.0631
           1.69        0.011506         -0.1899
          1.692       0.0120875       -0.410825
          1.694       0.0131493       -0.571725
          1.696       0.0143744       -0.574125
          1.698       0.0154458       -0.418075
            1.7       0.0160467       -0.132475
          1.702       0.0159757        0.153175
          1.704        0.015434        0.316925
          1.706        0.014708        0.337425
          1.708       0.0140843        0.214675
           1.71       0.0138493       -0.013775
          1.712       0.0141394         -0.2278
          1.714       0.0147605       -0.341125
          1.716       0.0155039         -0.3501
          1.718       0.0161609         -0.2547
           1.72       0.0165227       -0.005675
          1.722       0.0161836          0.3364
          1.724       0.0151771        0.557475
          1.726       0.0139537          0.5533
          1.728       0.0129639         0.32385
           1.73       0.0126583        -0.16235
          1.732       0.0136133        -0.73625
          1.734       0.0156033         -1.0655
          1.736       0.0178753       -1.018225
          1.738       0.0196762       -0.594475
           1.74       0.0202532         -0.0723
          1.742       0.0199654          0.1449
          1.744       0.0196736        0.147025
          1.746       0.0193773        0.149475
          1.748       0.0190757         0.15225
           1.75       0.0187683        0.154575
          1.752       0.0184574        0.155575
          1.754        0.018146        0.155675
          1.756       0.0178347        0.155525
          1.758       0.0175239         0.15515
           1.76       0.0172141        0.148225
          1.762        0.016931          0.1332
          1.764       0.0166813        0.123575
          1.766       0.0164367         0.12815
          1.768       0.0161687        0.146925
           1.77        0.015849        0.187525
          1.772       0.0154186          0.2451
          1.774       0.0148686        0.293175
          1.776       0.0142459        0.317775
          1.778       0.0135975        0.318925
           1.78       0.0129702        0.317725
          1.782       0.0123266        0.336225
          1.784       0.0116253        0.354925
          1.786       0.0109069         0.35325
          1.788       0.0102123         0.33119
           1.79      0.00958214         0.21152
          1.792      0.00936622       -0.025175
          1.794      0.00968284       -0.214895
          1.796       0.0102258        -0.25149
          1.798       0.0106888       -0.134975
            1.8       0.0107657        0.063075
          1.802       0.0104365       0.2144175
          1.804      0.00990803       0.3054675
          1.806      0.00921463        0.379365
          1.808      0.00839057       0.4361275
           1.81      0.00747012       0.5618075
          1.812      0.00614334        0.785185
          1.814      0.00432938       0.9342875
          1.816      0.00240619      0.89441575
          1.818     0.000751717      0.66557225
           1.82    -0.000256099      0.34381125
          1.822    -0.000623528      0.09692175
          1.824    -0.000643786      -0.0635445
          1.826     -0.00036935     -0.19777275
          1.828     0.000147305      -0.3057625
           1.83       0.0008537     -0.37911625
          1.832      0.00166377      -0.4185625
          1.834      0.00252795      -0.4461875
          1.836      0.00344852        -0.47495
          1.838      0.00442775      -0.5048475
           1.84      0.00546791       -0.570145
          1.842      0.00670833      -0.6769175
          1.844      0.00817558      -0.7486075
          1.846      0.00970276       -0.736855
          1.848        0.011123       -0.641635
           1.85       0.0122693        -0.46525
          1.852        0.012984       -0.249725
          1.854       0.0132682       -0.052425
          1.856       0.0131937         0.10905
          1.858        0.012832          0.2347
           1.86       0.0122549        0.326925
          1.862       0.0115243         0.40125
          1.864       0.0106499         0.47492
          1.866      0.00962462        0.552155
          1.868      0.00844128       0.6329475
           1.87      0.00709283       0.7426925
          1.872      0.00547051       0.8768225
          1.874      0.00358554         0.96492
          1.876      0.00161083      0.96656325
          1.878    -0.000280713       0.8817475
           1.88     -0.00191616      0.74342425
          1.882     -0.00325441         0.61155
          1.884     -0.00436236        0.493655
          1.886     -0.00522903       0.3702825
          1.888     -0.00584349       0.2414325
           1.89     -0.00619476        0.098875
          1.892     -0.00623899        -0.05377
          1.894     -0.00597968       -0.190505
          1.896     -0.00547697      -0.2971675
          1.898     -0.00479101        -0.37376
            1.9     -0.00398193       -0.490745
          1.902     -0.00282803      -0.6810725
          1.904     -0.00125764     -0.81803575
          1.906     0.000444113      -0.8124325
          1.908      0.00199209     -0.66426175
           1.91      0.00310116       -0.393085
          1.912      0.00356443        -0.08987
          1.914      0.00346064       0.1578475
          1.916      0.00293304       0.3339425
          1.918      0.00212487       0.4384075
           1.92      0.00117941        0.684871
          1.922    -0.000614614       1.1671325
          1.924     -0.00348912       1.4917915
          1.926     -0.00658178          1.3853
          1.928     -0.00903032        0.847655
           1.93      -0.0099724        0.022595
          1.932      -0.0091207      -0.6932525
          1.934     -0.00719939       -1.064315
          1.936     -0.00486344        -1.10789
          1.938     -0.00276783        -0.82398
           1.94     -0.00156752       -0.414865
          1.942     -0.00110837      -0.2053955
          1.944    -0.000745938     -0.17715975
          1.946    -0.000399731      -0.1891681
          1.948     1.07344e-05      -0.2414185
           1.95     0.000565943      -0.3209689
          1.952      0.00129461     -0.38986675
          1.954      0.00212541      -0.4235525
          1.956      0.00298882       -0.422465
          1.958      0.00381527         -0.3866
           1.96      0.00453522        -0.30199
          1.962      0.00502323        -0.17424
          1.964      0.00523218       -0.046695
          1.966      0.00521001       0.0568825
          1.968      0.00500465       0.1364925
           1.97      0.00466404         0.34183
          1.972      0.00363733       0.7264975
          1.974      0.00175805       0.9966745
          1.976    -0.000349368       0.9546275
          1.978     -0.00206046       0.6003505
           1.98     -0.00275077        0.105355
          1.982     -0.00248188      -0.2192475
          1.984     -0.00187378      -0.3355825
          1.986     -0.00113955       -0.345365
          1.988     -0.00049232     -0.24859025
           1.99    -0.000145189     -0.11940457
          1.992    -1.47017e-05      -0.0615045
          1.994     0.000100829    -0.045084175
          1.996     0.000165635     -0.01077975
          1.998     0.000143948      0.04140875
              2               0        0.035987
          2.002               0               0
          2.004               0               0
          2.006               0               0
          2.008               0               0
           2.01               0               0
          2.012               0               0
          2.014               0               0
          2.016               0               0
          2.018               0               0
           2.02               0               0
          2.022               0               0
          2.024               0               0
          2.026               0               0
          2.028               0               0
           2.03               0               0
          2.032               0               0
          2.034               0               0
          2.036               0               0
          2.038               0               0
           2.04               0               0
          2.042               0               0
          2.044               0               0
          2.046               0               0
          2.048               0               0
           2.05               0               0
          2.052               0               0
          2.054               0               0
          2.056               0               0
          2.058               0               0
           2.06               0               0
          2.062               0               0
          2.064               0               0
          2.066               0               0
          2.068               0               0
           2.07               0               0
          2.072               0               0
          2.074               0               0
          2.076               0               0
          2.078               0               0
           2.08               0               0
          2.082               0               0
          2.084               0               0
          2.086               0               0
          2.088               0               0
           2.09               0               0
          2.092               0               0
          2.094               0               0
          2.096               0               0
          2.098               0               0
            2.1               0               0
          2.102               0               0
          2.104               0               0
          2.106               0               0
          2.108               0               0
           2.11               0               0
          2.112               0               0
          2.114               0               0
          2.116               0               0
          2.118               0               0
           2.12               0               0
          2.122               0               0
          2.124               0               0
          2.126               0               0
          2.128               0               0
           2.13               0               0
          2.132               0               0
          2.134               0               0
          2.136               0               0
          2.138               0               0
           2.14               0               0
          2.142               0               0
          2.144               0               0
          2.146               0               0
          2.148               0               0
           2.15               0               0
          2.152               0               0
          2.154               0               0
          2.156               0               0
          2.158               0               0
           2.16               0               0
          2.162               0               0
          2.164               0               0
          2.166               0               0
          2.168               0               0
           2.17               0               0
          2.172               0               0
          2.174               0               0
          2.176               0               0
          2.178               0               0
           2.18               0               0
          2.182               0               0
          2.184               0               0
          2.186               0               0
          2.188               0               0
           2.19               0               0
          2.192               0               0
          2.194               0               0
          2.196               0               0
          2.198               0               0
            2.2               0               0
          2.202               0               0
          2.204               0               0
          2.206               0               0
          2.208               0               0
           2.21               0               0
          2.212               0               0
          2.214               0               0
          2.216               0               0
          2.218               0               0
           2.22               0               0
          2.222               0               0
          2.224               0               0
          2.226               0               0
          2.228               0               0
           2.23               0               0
          2.232               0               0
          2.234               0               0
          2.236               0               0
          2.238               0               0
           2.24               0               0
          2.242               0               0
          2.244               0               0
          2.246               0               0
          2.248               0               0
           2.25               0               0
          2.252               0               0
          2.254               0               0
          2.256               0               0
          2.258               0               0
           2.26               0               0
          2.262               0               0
          2.264               0               0
          2.266               0               0
          2.268               0               0
           2.27               0               0
          2.272               0               0
          2.274               0               0
          2.276               0               0
          2.278               0               0
           2.28               0               0
          2.282               0               0
          2.284               0               0
          2.286               0               0
          2.288               0               0
           2.29               0               0
          2.292               0               0
          2.294               0               0
          2.296               0               0
          2.298               0               0
            2.3               0               0
          2.302               0               0
          2.304               0               0
          2.306               0               0
          2.308               0               0
           2.31               0               0
          2.312               0               0
          2.314               0               0
          2.316               0               0
          2.318               0               0
           2.32               0               0
          2.322               0               0
          2.324               0               0
          2.326               0               0
          2.328               0               0
           2.33               0               0
          2.332               0               0
          2.334               0               0
          2.336               0               0
          2.338               0               0
           2.34               0               0
          2.342               0               0
          2.344               0               0
          2.346               0               0
          2.348               0               0
           2.35               0               0
          2.352               0               0
          2.354               0               0
          2.356               0               0
          2.358               0               0
           2.36               0               0
          2.362               0               0
          2.364               0               0
          2.366               0               0
          2.368               0               0
           2.37               0               0
          2.372               0               0
          2.374               0               0
          2.376               0               0
          2.378               0               0
           2.38               0               0
          2.382               0               0
          2.384               0               0
          2.386               0               0
          2.388               0               0
           2.39               0               0
          2.392               0               0
          2.394               0               0
          2.396               0               0
          2.398               0               0
            2.4               0               0
          2.402               0               0
          2.404               0               0
          2.406               0               0
          2.408               0               0
           2.41               0               0
          2.412               0               0
          2.414               0               0
          2.416               0               0
          2.418               0               0
           2.42               0               0
          2.422               0               0
          2.424               0               0
          2.426               0               0
          2.428               0               0
           2.43               0               0
          2.432               0               0
          2.434               0               0
          2.436               0               0
          2.438               0               0
           2.44               0               0
          2.442               0               0
          2.444               0               0
          2.446               0               0
          2.448               0               0
           2.45               0               0
          2.452               0               0
          2.454               0               0
          2.456               0               0
          2.458               0               0
           2.46               0               0
          2.462               0               0
          2.464               0               0
          2.466               0               0
          2.468               0               0
           2.47               0               0
          2.472               0               0
          2.474               0               0
          2.476               0               0
          2.478               0               0
           2.48               0               0
          2.482               0               0
          2.484               0               0
          2.486               0               0
          2.488               0               0
           2.49               0               0
          2.492               0               0
          2.494               0               0
          2.496               0               0
          2.498               0               0
            2.5               0               0
          2.502               0               0
          2.504               0               0
          2.506               0               0
          2.508               0               0
           2.51               0               0
          2.512               0               0
          2.514               0               0
          2.516               0               0
          2.518               0               0
           2.52               0               0
          2.522               0               0
          2.524               0               0
          2.526               0               0
          2.528               0               0
           2.53               0               0
          2.532               0               0
          2.534               0               0
          2.536               0               0
          2.538               0               0
           2.54               0               0
          2.542               0               0
          2.544               0               0
          2.546               0               0
          2.548               0               0
           2.55               0               0
          2.552               0               0
          2.554               0               0
          2.556               0               0
          2.558               0               0
           2.56               0               0
          2.562               0               0
          2.564               0               0
          2.566               0               0
          2.568               0               0
           2.57               0               0
          2.572               0               0
          2.574               0               0
          2.576               0               0
          2.578               0               0
           2.58               0               0
          2.582               0               0
          2.584               0               0
          2.586               0               0
          2.588               0               0
           2.59               0               0
          2.592               0               0
          2.594               0               0
          2.596               0               0
          2.598               0               0
            2.6               0               0
          2.602               0               0
          2.604               0               0
          2.606               0               0
          2.608               0               0
           2.61               0               0
          2.612               0               0
          2.614               0               0
          2.616               0               0
          2.618               0               0
           2.62               0               0
          2.622               0               0
          2.624               0               0
          2.626               0               0
          2.628               0               0
           2.63               0               0
          2.632               0               0
          2.634               0               0
          2.636               0               0
          2.638               0               0
           2.64               0               0
          2.642               0               0
          2.644               0               0
          2.646               0               0
          2.648               0               0
           2.65               0               0
          2.652               0               0
          2.654               0               0
          2.656               0               0
          2.658               0               0
           2.66               0               0
          2.662               0               0
          2.664               0               0
          2.666               0               0
          2.668               0               0
           2.67               0               0
          2.672               0               0
          2.674               0               0
          2.676               0               0
          2.678               0               0
           2.68               0               0
          2.682               0               0
          2.684               0               0
          2.686               0               0
          2.688               0               0
           2.69               0               0
          2.692               0               0
          2.694               0               0
          2.696               0               0
          2.698               0               0
            2.7               0               0
          2.702               0               0
          2.704               0               0
          2.706               0               0
          2.708               0               0
           2.71               0               0
          2.712               0               0
          2.714               0               0
          2.716               0               0
          2.718               0               0
           2.72               0               0
          2.722               0               0
          2.724               0               0
          2.726               0               0
          2.728               0               0
           2.73               0               0
          2.732               0               0
          2.734               0               0
          2.736               0               0
          2.738               0               0
           2.74               0               0
          2.742               0               0
          2.744               0               0
          2.746               0               0
          2.748               0               0
           2.75               0               0
          2.752               0               0
          2.754               0               0
          2.756               0               0
          2.758               0               0
           2.76               0               0
          2.762               0               0
          2.764               0               0
          2.766               0               0
          2.768               0               0
           2.77               0               0
          2.772               0               0
          2.774               0               0
          2.776               0               0
          2.778               0               0
           2.78               0               0
          2.782               0               0
          2.784               0               0
          2.786               0               0
          2.788               0               0
           2.79               0               0
          2.792               0               0
          2.794               0               0
          2.796               0               0
          2.798               0               0
            2.8               0               0
          2.802               0               0
          2.804               0               0
          2.806               0               0
          2.808               0               0
           2.81               0               0
          2.812               0               0
          2.814               0               0
          2.816               0               0
          2.818               0               0
           2.82               0               0
          2.822               0               0
          2.824               0               0
          2.826               0               0
          2.828               0               0
           2.83               0               0
          2.832               0               0
          2.834               0               0
          2.836               0               0
          2.838               0               0
           2.84               0               0
          2.842               0               0
          2.844               0               0
          2.846               0               0
          2.848               0               0
           2.85               0               0
          2.852               0               0
          2.854               0               0
          2.856               0               0
          2.858               0               0
           2.86               0               0
          2.862               0               0
          2.864               0               0
          2.866               0               0
          2.868               0               0
           2.87               0               0
          2.872               0               0
          2.874               0               0
          2.876               0               0
          2.878               0               0
           2.88               0               0
          2.882               0               0
          2.884               0               0
          2.886               0               0
          2.888               0               0
           2.89               0               0
          2.892               0               0
          2.894               0               0
          2.896               0               0
          2.898               0               0
            2.9               0               0
          2.902               0               0
          2.904               0               0
          2.906               0               0
          2.908               0               0
           2.91               0               0
          2.912               0               0
          2.914               0               0
          2.916               0               0
          2.918               0               0
           2.92               0               0
          2.922               0               0
          2.924               0               0
          2.926               0               0
          2.928               0               0
           2.93               0               0
          2.932               0               0
          2.934               0               0
          2.936               0               0
          2.938               0               0
           2.94               0               0
          2.942               0               0
          2.944               0               0
          2.946               0               0
          2.948               0               0
           2.95               0               0
          2.952               0               0
          2.954               0               0
          2.956               0               0
          2.958               0               0
           2.96               0               0
          2.962               0               0
          2.964               0               0
          2.966               0               0
          2.968               0               0
           2.97               0               0
          2.972               0               0
          2.974               0               0
          2.976               0               0
          2.978               0               0
           2.98               0               0
          2.982               0               0
          2.984               0               0
          2.986               0               0
          2.988               0               0
           2.99               0               0
          2.992               0               0
          2.994               0               0
          2.996               0               0
          2.998               0               0
              3               0               0
          3.002               0               0
          3.004               0               0
          3.006               0               0
          3.008               0               0
           3.01               0               0
          3.012               0               0
          3.014               0               0
          3.016               0               0
          3.018               0               0
           3.02               0               0
          3.022               0               0
          3.024               0               0
          3.026               0               0
          3.028               0               0
           3.03               0               0
          3.032               0               0
          3.034               0               0
          3.036               0               0
          3.038               0               0
           3.04               0               0
          3.042               0               0
          3.044               0               0
          3.046               0               0
          3.048               0               0
           3.05               0               0
          3.052               0               0
          3.054               0               0
          3.056               0               0
          3.058               0               0
           3.06               0               0
          3.062               0               0
          3.064               0               0
          3.066               0               0
          3.068               0               0
           3.07               0               0
          3.072               0               0
          3.074               0               0
          3.076               0               0
          3.078               0               0
           3.08               0               0
          3.082               0               0
          3.084               0               0
          3.086               0               0
          3.088               0               0
           3.09               0               0
          3.092               0               0
          3.094               0               0
          3.096               0               0
          3.098               0               0
            3.1               0               0
          3.102               0               0
          3.104               0               0
          3.106               0               0
          3.108               0               0
           3.11               0               0
          3.112               0               0
          3.114               0               0
          3.116               0               0
          3.118               0               0
           3.12               0               0
          3.122               0               0
          3.124               0               0
          3.126               0               0
          3.128               0               0
           3.13               0               0
          3.132               0               0
          3.134               0               0
          3.136               0               0
          3.138               0               0
           3.14               0               0
          3.142               0               0
          3.144               0               0
          3.146               0               0
          3.148               0               0
           3.15               0               0
          3.152               0               0
          3.154               0               0
          3.156               0               0
          3.158               0               0
           3.16               0               0
          3.162               0               0
          3.164               0               0
          3.166               0               0
          3.168               0               0
           3.17               0               0
          3.172               0               0
          3.174               0               0
          3.176               0               0
          3.178               0               0
           3.18               0               0
          3.182               0               0
          3.184               0               0
          3.186               0               0
          3.188               0               0
           3.19               0               0
          3.192               0               0
          3.194               0               0
          3.196               0               0
          3.198               0               0
            3.2               0               0
          3.202               0               0
          3.204               0               0
          3.206               0               0
          3.208               0               0
           3.21               0               0
          3.212               0               0
          3.214               0               0
          3.216               0               0
          3.218               0               0
           3.22               0               0
          3.222               0               0
          3.224               0               0
          3.226               0               0
          3.228               0               0
           3.23               0               0
          3.232               0               0
          3.234               0               0
          3.236               0               0
          3.238               0               0
           3.24               0               0
          3.242               0               0
          3.244               0               0
          3.246               0               0
          3.248               0               0
           3.25               0               0
          3.252               0               0
          3.254               0               0
          3.256               0               0
          3.258               0               0
           3.26               0               0
          3.262               0               0
          3.264               0               0
          3.266               0               0
          3.268               0               0
           3.27               0               0
          3.272               0               0
          3.274               0               0
          3.276               0               0
          3.278               0               0
           3.28               0               0
          3.282               0               0
          3.284               0               0
          3.286               0               0
          3.288               0               0
           3.29               0               0
          3.292               0               0
          3.294               0               0
          3.296               0               0
          3.298               0               0
            3.3               0               0
          3.302               0               0
          3.304               0               0
          3.306               0               0
          3.308               0               0
           3.31               0               0
          3.312               0               0
          3.314               0               0
          3.316               0               0
          3.318               0               0
           3.32               0               0
          3.322               0               0
          3.324               0               0
          3.326               0               0
          3.328               0               0
           3.33               0               0
          3.332               0               0
          3.334               0               0
          3.336               0               0
          3.338               0               0
           3.34               0               0
          3.342               0               0
          3.344               0               0
          3.346               0               0
          3.348               0               0
           3.35               0               0
          3.352               0               0
          3.354               0               0
          3.356               0               0
          3.358               0               0
           3.36               0               0
          3.362               0               0
          3.364               0               0
          3.366               0               0
          3.368               0               0
           3.37               0               0
          3.372               0               0
          3.374               0               0
          3.376               0               0
          3.378               0               0
           3.38               0               0
          3.382               0               0
          3.384               0               0
          3.386               0               0
          3.388               0               0
           3.39               0               0
          3.392               0               0
          3.394               0               0
          3.396               0               0
          3.398               0               0
            3.4               0               0
          3.402               0               0
          3.404               0               0
          3.406               0               0
          3.408               0               0
           3.41               0               0
          3.412               0               0
          3.414               0               0
          3.416               0               0
          3.418               0               0
           3.42               0               0
          3.422               0               0
          3.424               0               0
          3.426               0               0
          3.428               0               0
           3.43               0               0
          3.432               0               0
          3.434               0               0
          3.436               0               0
          3.438               0               0
           3.44               0               0
          3.442               0               0
          3.444               0               0
          3.446               0               0
          3.448               0               0
           3.45               0               0
          3.452               0               0
          3.454               0               0
          3.456               0               0
          3.458               0               0
           3.46               0               0
          3.462               0               0
          3.464               0               0
          3.466               0               0
          3.468               0               0
           3.47               0               0
          3.472               0               0
          3.474               0               0
          3.476               0               0
          3.478               0               0
           3.48               0               0
          3.482               0               0
          3.484               0               0
          3.486               0               0
          3.488               0               0
           3.49               0               0
          3.492               0               0
          3.494               0               0
          3.496               0               0
          3.498               0               0
            3.5               0               0
