          0.002       797.51948       8257.9347
          0.004        781.1746       8088.6913
          0.006       765.16471       7922.9165
          0.008       749.48294       7760.5392
           0.01       734.12256       7601.4897
          0.012       719.07698       7445.6999
          0.014       704.33976        7293.103
          0.016       689.90457       7143.6335
          0.018       675.76522       6997.2273
           0.02       661.91566       6853.8216
          0.022       648.34994        6713.355
          0.024       635.06224       6575.7673
          0.026       622.04687       6440.9993
          0.028       609.29824       6308.9933
           0.03       596.81089       6179.6928
          0.032       584.57947       6053.0422
          0.034       572.59872       5928.9873
          0.036       560.86352       5807.4748
          0.038       549.36882       5688.4527
           0.04       538.10971         5571.87
          0.042       527.08134       5457.6765
          0.044         516.279       5345.8234
          0.046       505.69805       5236.2627
          0.048       495.33395       5128.9474
           0.05       485.18226       5023.8314
          0.052       475.23863       4920.8698
          0.054       465.49878       4820.0184
          0.056       455.95855       4721.2338
          0.058       446.61385       4624.4739
           0.06       437.46066       4529.6969
          0.062       428.49506       4436.8624
          0.064       419.71321       4345.9305
          0.066       411.11134       4256.8623
          0.068       402.68576       4169.6194
           0.07       394.43286       4084.1646
          0.072        386.3491       4000.4611
          0.074       378.43102       3918.4731
          0.076       370.67521       3838.1654
          0.078       363.07835       3759.5036
           0.08       355.63719       3682.4539
          0.082       348.34854       3606.9833
          0.084       341.20926       3533.0595
          0.086        334.2163       3460.6507
          0.088       327.36666        3389.726
           0.09        320.6574       3320.2547
          0.092       314.08564       3252.2073
          0.094       307.64857       3185.5545
          0.096       301.34342       3120.2677
          0.098        295.1675        3056.319
            0.1       289.11815       2993.6808
          0.102       283.19277       2932.3264
          0.104       277.38884       2872.2294
          0.106       271.70386       2813.3641
          0.108       266.13538       2755.7052
           0.11       260.68103       2699.2281
          0.112       255.33847       2643.9084
          0.114        250.1054       2589.7224
          0.116       244.97958        2536.647
          0.118       239.95881       2484.6593
           0.12       235.04094       2433.7371
          0.122       230.22386       2383.8586
          0.124       225.50551       2335.0022
          0.126       220.88386       2287.1472
          0.128       216.35692        2240.273
           0.13       211.92276       2194.3594
          0.132       207.57948       2149.3868
          0.134       203.32522       2105.3359
          0.136       199.15814       2062.1878
          0.138       195.07647        2019.924
           0.14       191.07844       1978.5264
          0.142       187.16236       1937.9772
          0.144       183.32654        1898.259
          0.146       179.56932       1859.3549
          0.148       175.88912       1821.2481
           0.15       172.28433       1783.9223
          0.152       168.75343       1747.3614
          0.154       165.29489       1711.5499
          0.156       161.90723       1676.4723
          0.158         158.589       1642.1136
           0.16       155.33877       1608.4591
          0.162       152.15516       1575.4943
          0.164        149.0368       1543.2051
          0.166       145.98234       1511.5777
          0.168       142.99048       1480.5984
           0.17       140.05995       1450.2541
          0.172       137.18947       1420.5317
          0.174       134.37782       1391.4184
          0.176        131.6238       1362.9018
          0.178       128.92621       1334.9696
           0.18       126.28392       1307.6099
          0.182       123.69577       1280.8109
          0.184       121.16067       1254.5611
          0.186       118.67753       1228.8493
          0.188       116.24528       1203.6645
           0.19       113.86287       1178.9958
          0.192       111.52929       1154.8327
          0.194       109.24354       1131.1649
          0.196       107.00463       1107.9821
          0.198       104.81161       1085.2744
            0.2       102.66354       1063.0321
          0.202       100.55948       1041.2456
          0.204       98.498553       1019.9056
          0.206       96.479861       999.00305
          0.208       94.502541       978.52884
           0.21       92.565746       958.47424
          0.212       90.668644       938.83066
          0.214       88.810423       919.58967
          0.216       86.990285       900.74301
          0.218       85.207451       882.28261
           0.22       83.461155       864.20054
          0.222       81.750649       846.48906
          0.224       80.075199       829.14058
          0.226       78.434086       812.14764
          0.228       76.826608       795.50297
           0.23       75.252075       779.19942
          0.232        73.70981       763.23001
          0.234       72.199154       747.58789
          0.236       70.719459       732.26634
          0.238       69.270089       717.25881
           0.24       67.850424       702.55885
          0.242       66.459854       688.16016
          0.244       65.097783       674.05656
          0.246       63.763627       660.24202
          0.248       62.456815        646.7106
           0.25       61.176785        633.4565
          0.252       59.922989       620.47403
          0.254       58.694889       607.75764
          0.256       57.491958       595.30187
          0.258       56.313681       583.10137
           0.26       55.159553       571.15092
          0.262       54.029078       559.44539
          0.264       52.921771       547.97976
          0.266       51.837159       536.74911
          0.268       50.774775       525.74863
           0.27       49.734164        514.9736
          0.272        48.71488       504.41941
          0.274       47.716487       494.08151
          0.276       46.738554       483.95549
          0.278       45.780665         474.037
           0.28       44.842406       464.32178
          0.282       43.923378       454.80567
          0.284       43.023184       445.48459
          0.286       42.141439       436.35455
          0.288       41.277766       427.41162
           0.29       40.431793       418.65197
          0.292       39.603158       410.07185
          0.294       38.791505       401.66758
          0.296       37.996487       393.43555
          0.298       37.217763       385.37223
            0.3       36.454998       377.47416
          0.302       35.707866       369.73796
          0.304       34.976047       362.16032
          0.306       34.259225       354.73797
          0.308       33.557095       347.46775
           0.31       32.869354       340.34652
          0.312       32.195709       333.37124
          0.314       31.535869       326.53892
          0.316       30.889553       319.84662
          0.318       30.256483       313.29148
           0.32       29.636387       306.87068
          0.322          29.029       354.24676
          0.324         28.2194           383.7
          0.326         27.4942          338.95
          0.328         26.8636          289.15
           0.33         26.3376          210.05
          0.332         26.0234           108.2
          0.334         25.9048            54.2
          0.336         25.8066            87.8
          0.338         25.5536             209
           0.34         24.9706         378.325
          0.342         24.0403         509.075
          0.344         22.9343         569.775
          0.346         21.7612          576.15
          0.348         20.6297           528.2
           0.35         19.6484         462.425
          0.352           18.78          432.85
          0.354          17.917         429.275
          0.356         17.0629         423.875
          0.358         16.2215          416.65
           0.36         15.3963           411.1
          0.362         14.5771          408.15
          0.364         13.7637          400.65
          0.366         12.9745         384.025
          0.368         12.2276         358.275
           0.37         11.5414         322.975
          0.372         10.9357          283.85
          0.374          10.406          250.59
          0.376         9.93334        226.7525
          0.378         9.49899        212.2975
           0.38         9.08415          206.12
          0.382         8.67451           203.2
          0.384         8.27135          198.82
          0.386         7.87923        192.1525
          0.388         7.50274        183.1975
           0.39         7.14644          174.69
          0.392         6.80398        168.6575
          0.394         6.47181         161.335
          0.396         6.15864        149.6475
          0.398         5.87322          133.59
            0.4         5.62428         117.925
          0.402         5.40152         109.075
          0.404         5.18798         104.785
          0.406         4.98238        101.1275
          0.408         4.78347          98.105
           0.41         4.58996         96.8675
          0.412           4.396          97.305
          0.414         4.20074         96.4075
          0.416         4.01037         92.4125
          0.418         3.83109         85.3175
           0.42          3.6691           77.54
          0.422         3.52093           72.75
          0.424          3.3781         70.4125
          0.426         3.23928         68.7325
          0.428         3.10317         67.7075
           0.43         2.96845         67.4125
          0.432         2.83352         67.4775
          0.434         2.69854           67.18
          0.436          2.5648          66.235
          0.438          2.4336           64.64
           0.44         2.30624          62.645
          0.442         2.18302         60.7475
          0.444         2.06325         59.0625
          0.446         1.94677          57.465
          0.448         1.83339          55.955
           0.45         1.72295         54.7525
          0.452         1.61438         54.1175
          0.454         1.50648         53.8825
          0.456         1.39885          53.845
          0.458          1.2911          54.005
           0.46         1.18283         54.4775
          0.462         1.07319          55.136
          0.464        0.962286          55.513
          0.466        0.851138        55.37575
          0.468        0.740783        54.72175
           0.47        0.632251          52.698
          0.472        0.529991         49.0325
          0.474        0.436121        45.45275
          0.476         0.34818        43.10375
          0.478        0.263706        41.98575
           0.48        0.180237         41.5787
          0.482       0.0973912       40.896125
          0.484       0.0166525       39.758875
          0.486      -0.0616443       38.454125
          0.488       -0.137164       36.981675
           0.49       -0.209571         35.3515
          0.492        -0.27857        33.55825
          0.494       -0.343804         31.5675
          0.496        -0.40484         29.3605
          0.498       -0.461246        26.93725
            0.5       -0.512589        24.69175
          0.502       -0.560013         23.1255
          0.504       -0.605091        22.00375
          0.506       -0.648028        20.98575
          0.508       -0.689034        20.07175
           0.51       -0.728315          19.367
          0.512       -0.766502          18.849
          0.514       -0.803711        18.22075
          0.516       -0.839385        17.31325
          0.518       -0.872964         16.1255
           0.52       -0.903887        14.70275
          0.522       -0.931775        13.21625
          0.524       -0.956752          11.811
          0.526       -0.979019        10.50575
          0.528       -0.998775         9.30025
           0.53        -1.01622         8.25875
          0.532        -1.03181            7.42
          0.534         -1.0459          6.6825
          0.536        -1.05854          5.9725
          0.538        -1.06979           5.285
           0.54        -1.07968           4.795
          0.542        -1.08897            4.45
          0.544        -1.09748            3.73
          0.546        -1.10389          2.3575
          0.548        -1.10691          0.3275
           0.55         -1.1052          -1.685
          0.552        -1.10017           -2.75
          0.554         -1.0942           -3.18
          0.556        -1.08745         -3.5325
          0.558        -1.08007         -3.8025
           0.56        -1.07224           -3.97
          0.562        -1.06419          -4.045
          0.564        -1.05606         -4.0925
          0.566        -1.04782         -4.1425
          0.568        -1.03949          -4.195
           0.57        -1.03104         -4.2975
          0.572         -1.0223         -4.5075
          0.574        -1.01301          -4.825
          0.576          -1.003          -5.222
          0.578       -0.992122         -5.6945
           0.58       -0.980222        -6.94975
          0.582       -0.964323        -9.20025
          0.584       -0.943421       -11.00125
          0.586       -0.920318         -11.401
          0.588       -0.897817           -10.4
           0.59       -0.878718        -8.38125
          0.592       -0.864292        -6.56825
          0.594       -0.852445         -5.8395
          0.596       -0.840934          -6.232
          0.598       -0.827517        -7.74575
            0.6       -0.809951        -9.55625
          0.602       -0.789292         -10.423
          0.604       -0.768259       -10.54825
          0.606       -0.747099        -10.5495
          0.608       -0.726061       -10.42625
           0.61       -0.705394       -10.26575
          0.612       -0.684998         -10.197
          0.614       -0.664606       -10.19575
          0.616       -0.644215        -10.1965
          0.618        -0.62382        -10.1995
           0.62       -0.603417       -10.20625
          0.622       -0.582995         -10.216
          0.624       -0.562553       -10.22475
          0.626       -0.542096        -10.2305
          0.628       -0.521631         -10.233
           0.63       -0.501164       -10.39375
          0.632       -0.480056         -10.793
          0.634       -0.457992        -11.1475
          0.636       -0.435466        -11.2555
          0.638        -0.41297        -11.1175
           0.64       -0.390996       -10.21675
          0.642       -0.372103          -8.535
          0.644       -0.356856          -7.335
          0.646       -0.342763        -7.38225
          0.648       -0.327327        -8.67675
           0.65       -0.308056         -11.661
          0.652       -0.280683       -15.56275
          0.654       -0.245805       -18.11475
          0.656       -0.208224         -18.267
          0.658       -0.172737          -16.02
           0.66       -0.144144       -12.80825
          0.662       -0.121504        -11.0165
          0.664       -0.100078      -10.632375
          0.666      -0.0789745       -10.69445
          0.668      -0.0573002      -11.202975
           0.67      -0.0341626      -11.962265
          0.672     -0.00945114      -12.519125
          0.674       0.0159139       -12.68261
          0.676       0.0412793       -12.51945
          0.678       0.0659917      -12.029625
           0.68       0.0893978      -11.428325
          0.682        0.111705        -11.0698
          0.684        0.133677       -10.94825
          0.686        0.155498       -10.91775
          0.688        0.177348       -10.97825
           0.69        0.199411       -11.17925
          0.692        0.222065       -11.45525
          0.694        0.245232       -11.58475
          0.696        0.268404       -11.46125
          0.698        0.291077       -11.08525
            0.7        0.312745          -10.31
          0.702        0.332317        -9.25325
          0.704        0.349758          -8.456
          0.706        0.366141          -8.196
          0.708        0.382542          -8.474
           0.71        0.400037        -9.04225
          0.712        0.418711          -9.429
          0.714        0.437753          -9.545
          0.716        0.456891          -9.525
          0.718        0.475853        -9.36875
           0.72        0.494366         -9.0395
          0.722        0.512011         -8.5885
          0.724         0.52872        -8.18425
          0.726        0.544748         -7.9085
          0.728        0.560354        -7.76125
           0.73        0.575793         -7.5985
          0.732        0.590748          -7.196
          0.734        0.604577        -6.57675
          0.736        0.617055        -5.84425
          0.738        0.627954          -4.998
           0.74        0.637047        -3.93175
          0.742        0.643681        -2.66575
          0.744         0.64771        -1.49725
          0.746         0.64967        -0.59675
          0.748        0.650097         0.03575
           0.75        0.649527           0.357
          0.752        0.648669          0.5265
          0.754        0.647421         0.88975
          0.756         0.64511         1.59025
          0.758         0.64106          2.6285
           0.76        0.634596         3.66225
          0.762        0.626411         4.22125
          0.764        0.617711         4.45575
          0.766        0.608588         4.64425
          0.768        0.599134          4.7865
           0.77        0.589442         4.93775
          0.772        0.579383         5.12525
          0.774        0.568941         5.25075
          0.776         0.55838          5.2445
          0.778        0.547963         5.10675
           0.78        0.537953          4.3475
          0.782        0.530573         2.92625
          0.784        0.526248         2.00625
          0.786        0.522548         2.30175
          0.788        0.517041         3.81275
           0.79        0.507297           5.751
          0.792        0.494037          6.8425
          0.794        0.479927          7.1445
          0.796        0.465459          7.2015
          0.798        0.451121           7.014
            0.8        0.437403          6.7585
          0.802        0.424087           6.671
          0.804        0.410719         6.66275
          0.806        0.397436          6.5865
          0.808        0.384373         6.44225
           0.81        0.371667         6.26975
          0.812        0.359294         6.14075
          0.814        0.347104         6.06175
          0.816        0.335047          6.0075
          0.818        0.323074           5.978
           0.82        0.311135           5.948
          0.822        0.299282          5.8905
          0.824        0.287573         5.82725
          0.826        0.275973          5.7825
          0.828        0.264443         5.75675
           0.83        0.252946          5.6705
          0.832        0.241761         5.43025
          0.834        0.231225         5.09225
          0.836        0.221392         4.72725
          0.838        0.212316         4.33575
           0.84        0.204049         3.63025
          0.842        0.197795           2.551
          0.844        0.193845         1.72675
          0.846        0.190888           1.558
          0.848        0.187613          2.0445
           0.85         0.18271         2.98725
          0.852        0.175664         3.82275
          0.854        0.167419         4.20425
          0.856        0.158847            4.15
          0.858        0.150819         3.65975
           0.86        0.144208         2.93425
          0.862        0.139082         2.31975
          0.864        0.134929         1.83425
          0.866        0.131745         1.35075
          0.868        0.129526         0.86925
           0.87        0.128268         0.25575
          0.872        0.128503         -0.4495
          0.874        0.130066        -0.85175
          0.876         0.13191         -0.7305
          0.878        0.132988        -0.08625
           0.88        0.132255         0.69075
          0.882        0.130225          1.0335
          0.884        0.128121          1.0675
          0.886        0.125955         1.09475
          0.888        0.123742         1.11525
           0.89        0.121494           1.162
          0.892        0.119094          1.2415
          0.894        0.116528         1.28125
          0.896        0.113969         1.23475
          0.898        0.111589         1.10275
            0.9        0.109558         0.74225
          0.902         0.10862          0.1105
          0.904        0.109116         -0.4985
          0.906        0.110614        -0.89175
          0.908        0.112683        -1.06925
           0.91        0.114891        -1.08775
          0.912        0.117034        -1.07825
          0.914        0.119204        -1.09325
          0.916        0.121407        -1.11175
          0.918        0.123651         -1.1345
           0.92        0.125945          -1.172
          0.922        0.128339          -1.223
          0.924        0.130837          -1.257
          0.926        0.133367        -1.25625
          0.928        0.135862        -1.22125
           0.93        0.138252        -1.00375
          0.932        0.139877        -0.57375
          0.934        0.140547          -0.256
          0.936        0.140901        -0.25775
          0.938        0.141578          -0.579
           0.94        0.143217          -1.106
          0.942        0.146002        -1.55175
          0.944        0.149424          -1.769
          0.946        0.153078          -1.784
          0.948         0.15656          -1.597
           0.95        0.159466        -1.33175
          0.952        0.161887         -1.1835
          0.954          0.1642          -1.134
          0.956        0.166423          -1.094
          0.958        0.168576        -1.06425
           0.96         0.17068           -1.01
          0.962        0.172616          -0.903
          0.964        0.174292        -0.78825
          0.966        0.175769          -0.704
          0.968        0.177108         -0.6495
           0.97        0.178367         -0.2115
          0.972        0.177954          0.7805
          0.974        0.175245            1.55
          0.976        0.171754         1.56175
          0.978        0.168998           0.816
           0.98         0.16849        -0.71075
          0.982        0.171841          -2.459
          0.984        0.178326         -3.5305
          0.986        0.185963          -3.611
          0.988         0.19277            -2.7
           0.99        0.196763        -1.45025
          0.992        0.198571        -0.80375
          0.994        0.199978        -0.54175
          0.996        0.200738         -0.1575
          0.998        0.200608          0.3495
              1         0.19934           0.853
          1.002        0.197196          1.1515
          1.004        0.194734          1.2595
          1.006        0.192158          1.2655
          1.008        0.189672           1.169
           1.01        0.187482         0.96675
          1.012        0.185805         0.73575
          1.014        0.184539             0.6
          1.016        0.183405          0.6035
          1.018        0.182125         0.74575
           1.02        0.180422         1.37175
          1.022        0.176638         2.51125
          1.024        0.170377           3.346
          1.026        0.163254         3.37375
          1.028        0.156882         2.59475
           1.03        0.152875         1.24925
          1.032        0.151885            0.05
          1.034        0.152675        -0.53475
          1.036        0.154024        -0.50825
          1.038        0.154708         0.12975
           1.04        0.153505          0.9935
          1.042        0.150734            1.46
          1.044        0.147665         1.55575
          1.046        0.144511         1.54575
          1.048        0.141482         1.43025
           1.05         0.13879          1.2365
          1.052        0.136536         1.06075
          1.054        0.134547         0.97775
          1.056        0.132625         0.99475
          1.058        0.130568         1.11175
           1.06        0.128178           1.435
          1.062        0.124828          1.9355
          1.064        0.120436         2.30175
          1.066        0.115621           2.359
          1.068           0.111           2.107
           1.07        0.107193          1.5155
          1.072        0.104938         0.81375
          1.074        0.103938         0.41975
          1.076        0.103259           0.494
          1.078        0.101962         1.03655
           1.08       0.0991128        1.756875
          1.082       0.0949345        2.196525
          1.084       0.0903267        2.392375
          1.086        0.085365         2.55035
          1.088       0.0801253        2.670475
           1.09       0.0746831          2.8088
          1.092       0.0688901          2.9863
          1.094       0.0627379        3.094375
          1.096       0.0565126        3.059375
          1.098       0.0505004        2.881375
            1.1       0.0449871          2.6156
          1.102        0.040038         2.34945
          1.104       0.0355893        2.075875
          1.106       0.0317345         1.75555
          1.108       0.0285671         1.38855
           1.11       0.0261803        1.079375
          1.112       0.0242496         0.95045
          1.114       0.0223785         0.92405
          1.116       0.0205534         0.90455
          1.118       0.0187603        0.891975
           1.12       0.0169855         0.87395
          1.122       0.0152645        0.843925
          1.124       0.0136098        0.822975
          1.126       0.0119726         0.82635
          1.128       0.0103044        0.854085
           1.13      0.00855626        1.170635
          1.132      0.00562186         1.86226
          1.134      0.00110722       2.3973775
          1.136     -0.00396765        2.422485
          1.138     -0.00858272       1.9375625
           1.14      -0.0117179         1.25067
          1.142      -0.0135854         0.84125
          1.144      -0.0150829        0.658375
          1.146      -0.0162189         0.47975
          1.148      -0.0170019          0.3054
           1.15      -0.0174405        0.152075
          1.152      -0.0176102         0.04975
          1.154      -0.0176395        0.001625
          1.156      -0.0176167       -0.002375
          1.158        -0.01763         0.03775
           1.16      -0.0177677        0.109275
          1.162      -0.0180671        0.192925
          1.164      -0.0185394         0.29165
          1.166      -0.0192337         0.41485
          1.168      -0.0201988        0.562525
           1.17      -0.0214838          0.9953
          1.172        -0.02418        1.790275
          1.174      -0.0286449          2.4116
          1.176      -0.0338264         2.50685
          1.178      -0.0386723        2.076025
           1.18      -0.0421305        1.437725
          1.182      -0.0444232        1.075925
          1.184      -0.0464342         0.92025
          1.186      -0.0481042          0.7349
          1.188      -0.0493738         0.51985
           1.19      -0.0501836           0.263
          1.192      -0.0504258        0.014875
          1.194      -0.0502431       -0.118425
          1.196      -0.0499521       -0.093425
          1.198      -0.0498694          0.0899
            1.2      -0.0503117        0.374575
          1.202      -0.0513677         0.61435
          1.204      -0.0527691        0.732075
          1.206       -0.054296        0.739875
          1.208      -0.0557286        0.637825
           1.21      -0.0568473          0.3876
          1.212       -0.057279          0.0724
          1.214      -0.0571369         -0.0871
          1.216      -0.0569306        0.008175
          1.218      -0.0571696        0.358225
           1.22      -0.0583635         0.78365
          1.222      -0.0603042        1.007925
          1.224      -0.0623952        1.064675
          1.226      -0.0645629        1.084775
          1.228      -0.0667343        1.068275
           1.23       -0.068836         1.05835
          1.232      -0.0709677        1.082475
          1.234      -0.0731659        1.073825
          1.236       -0.075263         0.98125
          1.238      -0.0770909        0.804725
           1.24      -0.0784819         0.33275
          1.242      -0.0784219        -0.47805
          1.244      -0.0765697        -1.16395
          1.246      -0.0737661       -1.429375
          1.248      -0.0708522        -1.27425
           1.25      -0.0686691       -0.897575
          1.252      -0.0672619        -0.66095
          1.254      -0.0660253       -0.609425
          1.256      -0.0648242       -0.625425
          1.258      -0.0635236        -0.70895
           1.26      -0.0619884       -0.917925
          1.262      -0.0598519       -1.252125
          1.264      -0.0569799       -1.566325
          1.266      -0.0535866         -1.7734
          1.268      -0.0498863         -1.8734
           1.27       -0.046093        -2.26155
          1.272      -0.0408401        -3.09655
          1.274      -0.0337068         -3.6285
          1.276      -0.0263261       -3.344025
          1.278      -0.0203307       -2.243075
           1.28      -0.0173538       -0.833975
          1.282      -0.0169948         0.02995
          1.284      -0.0174736        0.339625
          1.286      -0.0183533          0.4309
          1.288      -0.0191972         0.30375
           1.29      -0.0195683        0.082675
          1.292      -0.0195279       -0.041325
          1.294       -0.019403       -0.092975
          1.296       -0.019156       -0.163425
          1.298      -0.0187493         -0.2527
            1.3      -0.0181452       -0.725525
          1.302      -0.0158472           -1.71
          1.304      -0.0113052      -2.4863925
          1.306     -0.00590163        -2.57157
          1.308     -0.00101892      -1.9655475
           1.31      0.00196056      -0.7340525
          1.312      0.00191729      0.58074325
          1.314    -0.000362413         1.32988
          1.316     -0.00340223       1.3408543
          1.318     -0.00572583       0.6136625
           1.32     -0.00585688        -0.61503
          1.322     -0.00326571      -1.6663245
          1.324     0.000808418      -2.1135475
          1.326      0.00518848      -1.9722555
          1.328      0.00869744       -1.242455
           1.33       0.0101583        -0.36739
          1.332        0.010167        0.007975
          1.334       0.0101264         0.02445
          1.336       0.0100692        0.024475
          1.338       0.0100285         0.00805
           1.34        0.010037       -0.014375
          1.342        0.010086       -0.027475
          1.344       0.0101469        -0.03425
          1.346        0.010223       -0.042675
          1.348       0.0103176       -0.052725
           1.35       0.0104339       -0.269775
          1.352       0.0113967       -0.770725
          1.354       0.0135168       -1.157425
          1.356       0.0160264        -1.16025
          1.358       0.0181578       -0.779275
           1.36       0.0191435         -0.0535
          1.362       0.0183718         0.70955
          1.364       0.0163053           1.146
          1.366       0.0137878          1.1605
          1.368       0.0116633        0.753075
           1.37       0.0107755        0.189125
          1.372       0.0109068       -0.107225
          1.374       0.0112044         -0.1632
          1.376       0.0115596         -0.1648
          1.378       0.0118636       -0.112075
           1.38       0.0120079       -0.031225
          1.382       0.0119885         0.03445
          1.384       0.0118701          0.0854
          1.386       0.0116469          0.1392
          1.388       0.0113133          0.1958
           1.39       0.0108637         0.53527
          1.392      0.00917222       1.2402475
          1.394      0.00590271          1.7345
          1.396      0.00223422         1.63923
          1.398     -0.00065421        0.954445
            1.4     -0.00158356         0.09278
          1.402     -0.00102533     -0.32888475
          1.404    -0.000268021       -0.416821
          1.406     0.000641954     -0.48154525
          1.408      0.00165816      -0.5230565
           1.41      0.00273418       -0.557345
          1.412      0.00388754       -0.597265
          1.414      0.00512324      -0.6221225
          1.416      0.00637603       -0.614365
          1.418       0.0075807      -0.5739975
           1.42      0.00867202      -0.4621825
          1.422      0.00942943        -0.25181
          1.424      0.00967926       0.0007075
          1.426       0.0094266       0.2506825
          1.428      0.00867653       0.4981175
           1.43      0.00743413         0.80899
          1.432      0.00544057        1.178395
          1.434      0.00272055       1.4340365
          1.436    -0.000295576       1.4744975
          1.438     -0.00317744       1.2997735
           1.44     -0.00549467         1.02678
          1.442     -0.00728456        0.840635
          1.444     -0.00885721        0.726735
          1.446      -0.0101915       0.6022975
          1.448      -0.0112664          0.4673
           1.45      -0.0120607          0.1609
          1.452        -0.01191       -0.338775
          1.454      -0.0107056      -0.6626425
          1.456     -0.00925943      -0.5805475
          1.458     -0.00838341       -0.092465
           1.46     -0.00888957       0.5192475
          1.462      -0.0104604       0.8283825
          1.464      -0.0122031          0.9016
          1.466      -0.0140668          0.9494
          1.468      -0.0160007          0.9718
           1.47       -0.017954         1.00535
          1.472      -0.0200221        1.073875
          1.474      -0.0222495         1.12175
          1.476      -0.0245091         1.10605
          1.478      -0.0266737          1.0268
           1.48      -0.0286163        0.583475
          1.482      -0.0290076       -0.307975
          1.484      -0.0273844        -1.02245
          1.486      -0.0249178        -1.15125
          1.488      -0.0227794       -0.694325
           1.49      -0.0221405         0.03465
          1.492       -0.022918        0.511525
          1.494      -0.0241866         0.73405
          1.496      -0.0258542         0.91055
          1.498      -0.0278288        1.041025
            1.5      -0.0300183          1.3101
          1.502      -0.0330692         1.78955
          1.504      -0.0371765         2.12545
          1.506       -0.041571        2.076725
          1.508      -0.0454834        1.643325
           1.51      -0.0481443          0.6211
          1.512      -0.0479678       -0.767175
          1.514      -0.0450756         -1.6769
          1.516      -0.0412602        -1.69035
          1.518      -0.0383142         -0.8075
           1.52      -0.0380302        0.362575
          1.522      -0.0397645        0.917275
          1.524      -0.0416993        1.025275
          1.526      -0.0438656          1.1488
          1.528      -0.0462945         1.28785
           1.53       -0.049017        1.422675
          1.532      -0.0519852         1.51465
          1.534      -0.0550756          1.5553
          1.536      -0.0582064        1.555025
          1.538      -0.0612957          1.5138
           1.54      -0.0642616        1.427675
          1.542      -0.0670064        1.295675
          1.544      -0.0694443         1.12615
          1.546       -0.071511          0.9244
          1.548      -0.0731419         0.69045
           1.55      -0.0742728         0.10395
          1.552      -0.0735577       -0.910475
          1.554      -0.0706309       -1.664825
          1.556      -0.0668984         -1.7161
          1.558      -0.0637665       -1.064325
           1.56      -0.0626411       -0.159675
          1.562      -0.0631278         0.29065
          1.564      -0.0638037         0.35105
          1.566       -0.064532           0.343
          1.568      -0.0651757        0.266525
           1.57      -0.0655981         0.15885
          1.572      -0.0658111        0.089725
          1.574       -0.065957        0.070675
          1.576      -0.0660938         0.08065
          1.578      -0.0662796         0.11965
           1.58      -0.0665724           0.201
          1.582      -0.0670836        0.315375
          1.584      -0.0678339         0.41535
          1.586       -0.068745        0.476225
          1.588      -0.0697388        0.498075
           1.59      -0.0707373         0.73625
          1.592      -0.0726838        1.263325
          1.594      -0.0757906        1.549825
          1.596      -0.0788831           1.249
          1.598      -0.0807866          0.3608
            1.6      -0.0803263         -0.6469
          1.602       -0.078199       -1.101725
          1.604      -0.0759194         -1.1649
          1.606      -0.0735394       -1.202125
          1.608      -0.0711109       -1.213375
           1.61      -0.0686859        -1.20775
          1.612      -0.0662799        -1.20315
          1.614      -0.0638733       -1.203675
          1.616      -0.0614652         -1.2046
          1.618      -0.0590549       -1.205925
           1.62      -0.0566415         -1.2581
          1.622      -0.0540225       -1.368375
          1.624       -0.051168         -1.4215
          1.626      -0.0483365         -1.3454
          1.628      -0.0457864       -1.140075
           1.63      -0.0437762       -0.808775
          1.632      -0.0425513       -0.449325
          1.634      -0.0419789       -0.200425
          1.636      -0.0417496        -0.10625
          1.638      -0.0415539        -0.16675
           1.64      -0.0410826         -0.2994
          1.642      -0.0403563          -0.368
          1.644      -0.0396106       -0.374275
          1.646      -0.0388592         -0.3738
          1.648      -0.0381154        -0.36665
           1.65      -0.0373926       -0.320675
          1.652      -0.0368327       -0.229375
          1.654      -0.0364751       -0.163325
          1.656      -0.0361794       -0.167425
          1.658      -0.0358054         -0.2417
           1.66      -0.0352126         -0.5249
          1.662      -0.0337058       -1.016875
          1.664      -0.0311451       -1.370575
          1.666      -0.0282235       -1.377725
          1.668      -0.0256342       -1.038325
           1.67      -0.0240702       -0.593675
          1.672      -0.0232595       -0.401975
          1.674      -0.0224623         -0.3973
          1.676      -0.0216703       -0.396825
          1.678       -0.020875       -0.400525
           1.68      -0.0200682         -0.4079
          1.682      -0.0192434         -0.4152
          1.684      -0.0184074       -0.418125
          1.686      -0.0175709       -0.415725
          1.688      -0.0167445       -0.407925
           1.69      -0.0159392       -0.294475
          1.692      -0.0155666       -0.034625
          1.694      -0.0158007         0.18205
          1.696      -0.0162948          0.2255
          1.698      -0.0167027        0.095725
            1.7      -0.0166777         -0.1069
          1.702      -0.0162751         -0.2221
          1.704      -0.0157893       -0.260525
          1.706       -0.015233        -0.29265
          1.708      -0.0146187       -0.318475
           1.71      -0.0139591         -0.3656
          1.712      -0.0131563       -0.443875
          1.714      -0.0121836       -0.499025
          1.716      -0.0111602       -0.494575
          1.718      -0.0102053      -0.4305025
           1.72     -0.00943819      -0.3159525
          1.722     -0.00894149       -0.169495
          1.724     -0.00876021       0.0038625
          1.726     -0.00895694         0.20852
          1.728     -0.00959429         0.44449
           1.73      -0.0107349       0.6412775
          1.732      -0.0121594        0.716925
          1.734      -0.0136026        0.724575
          1.736      -0.0150577          0.7289
          1.738      -0.0165182        0.729975
           1.74      -0.0179776        0.734325
          1.742      -0.0194555        0.745675
          1.744      -0.0209603          0.7532
          1.746      -0.0224683          0.7489
          1.748      -0.0239559        0.732725
           1.75      -0.0253992         0.29945
          1.752      -0.0251537          -0.741
          1.754      -0.0224352         -1.6607
          1.756      -0.0185109         -1.9468
          1.758       -0.014648       -1.599275
           1.76      -0.0121138          -0.992
          1.762        -0.01068      -0.6713175
          1.764     -0.00942853      -0.5220475
          1.766     -0.00859181      -0.2565675
          1.768     -0.00840226       0.1251225
           1.77      -0.0090923         0.59851
          1.772      -0.0107963        1.029925
          1.774       -0.013212        1.280175
          1.776       -0.015917        1.319225
          1.778      -0.0184889         1.14705
           1.78      -0.0205052        0.893125
          1.782      -0.0220614        0.740975
          1.784      -0.0234691        0.642375
          1.786      -0.0246309           0.495
          1.788      -0.0254491          0.2988
           1.79      -0.0258261       -0.020575
          1.792      -0.0253668       -0.440875
          1.794      -0.0240626         -0.7429
          1.796      -0.0223952       -0.803975
          1.798      -0.0208467        -0.62405
            1.8       -0.019899        -0.22885
          1.802      -0.0199313        0.195825
          1.804      -0.0206823        0.435325
          1.806      -0.0216726          0.4352
          1.808      -0.0224231         0.19545
           1.81      -0.0224544       -0.426875
          1.812      -0.0207156         -1.2928
          1.814      -0.0172832       -1.836575
          1.816      -0.0133693       -1.774325
          1.818      -0.0101859      -1.1060425
           1.82     -0.00894513       -0.169175
          1.822      -0.0095092       0.4355675
          1.824      -0.0106874        0.650775
          1.826      -0.0121123         0.68225
          1.828      -0.0134164        0.529925
           1.83       -0.014232          0.3056
          1.832      -0.0146388        0.170975
          1.834      -0.0149159          0.0892
          1.836      -0.0149956       -0.026425
          1.838      -0.0148102       -0.175975
           1.84      -0.0142917         -0.5638
          1.842       -0.012555        -1.22469
          1.844     -0.00939294      -1.7000025
          1.846     -0.00575499      -1.7005625
          1.848     -0.00259069      -1.2263587
           1.85    -0.000849555       -0.489064
          1.852    -0.000634434      0.06207875
          1.854     -0.00109787        0.282369
          1.856     -0.00176391         0.26469
          1.858     -0.00215663       0.0090425
           1.86     -0.00180008        -0.32068
          1.862     -0.00087391      -0.4799025
          1.864      0.00011953      -0.5115125
          1.866      0.00117214      -0.5390725
          1.868      0.00227582        -0.56258
           1.87      0.00342246       -0.634475
          1.872      0.00481372      -0.7666625
          1.874      0.00648911      -0.8458825
          1.876      0.00819725       -0.799425
          1.878      0.00968681      -0.6272875
           1.88       0.0107064      -0.2009225
          1.882       0.0104905        0.448065
          1.884      0.00891414        0.950985
          1.886      0.00668656       1.0992525
          1.888      0.00451713         0.89284
           1.89       0.0031152        0.528305
          1.892      0.00240391        0.314345
          1.894      0.00185782       0.2226325
          1.896      0.00151338        0.112695
          1.898      0.00140704      -0.0154675
            1.9      0.00157525       -0.305715
          1.902       0.0026299      -0.7759775
          1.904      0.00467916        -1.09351
          1.906      0.00700394         -1.0515
          1.908      0.00888516       -0.649945
           1.91      0.00960372      -0.0571675
          1.912      0.00911383       0.3809825
          1.914      0.00807979        0.566525
          1.916      0.00684773       0.5790125
          1.918      0.00576374         0.41845
           1.92      0.00517393          0.1766
          1.922      0.00505734        0.019645
          1.924      0.00509535       -0.032555
          1.926      0.00518756      -0.0345575
          1.928      0.00523358       0.0136375
           1.93      0.00513301        0.160995
          1.932       0.0045896         0.38723
          1.934      0.00358409        0.539495
          1.936      0.00243162       0.5342025
          1.938      0.00144728      0.37135575
           1.94     0.000946197      -0.1006825
          1.942      0.00185001     -0.82116575
          1.944      0.00423086      -1.3199025
          1.946      0.00712962       -1.339075
          1.948      0.00958716        -0.87867
           1.95       0.0106443       -0.234835
          1.952       0.0105265          0.1297
          1.954       0.0101255        0.261135
          1.956      0.00948196        0.372205
          1.958      0.00863668        0.462915
           1.96       0.0076303         0.60024
          1.962      0.00623572        0.800785
          1.964      0.00442716         0.92211
          1.966      0.00254728        0.872104
          1.968     0.000938744      0.65076652
           1.97    -5.57861e-05      0.19550725
          1.972     0.000156715     -0.37982152
          1.974       0.0014635     -0.74796125
          1.976      0.00314856         -0.7581
          1.978       0.0044959       -0.410245
           1.98      0.00478954       0.0529875
          1.982      0.00428395       0.2639325
          1.984      0.00373381       0.2776325
          1.986      0.00317342       0.2741825
          1.988      0.00263708       0.2535875
           1.99      0.00215907        0.230235
          1.992      0.00171614         0.22257
          1.994      0.00126879      0.22228375
          1.996     0.000827005      0.21700975
          1.998     0.000400751      0.20675125
              2               0      0.10018775
          2.002               0               0
          2.004               0               0
          2.006               0               0
          2.008               0               0
           2.01               0               0
          2.012               0               0
          2.014               0               0
          2.016               0               0
          2.018               0               0
           2.02               0               0
          2.022               0               0
          2.024               0               0
          2.026               0               0
          2.028               0               0
           2.03               0               0
          2.032               0               0
          2.034               0               0
          2.036               0               0
          2.038               0               0
           2.04               0               0
          2.042               0               0
          2.044               0               0
          2.046               0               0
          2.048               0               0
           2.05               0               0
          2.052               0               0
          2.054               0               0
          2.056               0               0
          2.058               0               0
           2.06               0               0
          2.062               0               0
          2.064               0               0
          2.066               0               0
          2.068               0               0
           2.07               0               0
          2.072               0               0
          2.074               0               0
          2.076               0               0
          2.078               0               0
           2.08               0               0
          2.082               0               0
          2.084               0               0
          2.086               0               0
          2.088               0               0
           2.09               0               0
          2.092               0               0
          2.094               0               0
          2.096               0               0
          2.098               0               0
            2.1               0               0
          2.102               0               0
          2.104               0               0
          2.106               0               0
          2.108               0               0
           2.11               0               0
          2.112               0               0
          2.114               0               0
          2.116               0               0
          2.118               0               0
           2.12               0               0
          2.122               0               0
          2.124               0               0
          2.126               0               0
          2.128               0               0
           2.13               0               0
          2.132               0               0
          2.134               0               0
          2.136               0               0
          2.138               0               0
           2.14               0               0
          2.142               0               0
          2.144               0               0
          2.146               0               0
          2.148               0               0
           2.15               0               0
          2.152               0               0
          2.154               0               0
          2.156               0               0
          2.158               0               0
           2.16               0               0
          2.162               0               0
          2.164               0               0
          2.166               0               0
          2.168               0               0
           2.17               0               0
          2.172               0               0
          2.174               0               0
          2.176               0               0
          2.178               0               0
           2.18               0               0
          2.182               0               0
          2.184               0               0
          2.186               0               0
          2.188               0               0
           2.19               0               0
          2.192               0               0
          2.194               0               0
          2.196               0               0
          2.198               0               0
            2.2               0               0
          2.202               0               0
          2.204               0               0
          2.206               0               0
          2.208               0               0
           2.21               0               0
          2.212               0               0
          2.214               0               0
          2.216               0               0
          2.218               0               0
           2.22               0               0
          2.222               0               0
          2.224               0               0
          2.226               0               0
          2.228               0               0
           2.23               0               0
          2.232               0               0
          2.234               0               0
          2.236               0               0
          2.238               0               0
           2.24               0               0
          2.242               0               0
          2.244               0               0
          2.246               0               0
          2.248               0               0
           2.25               0               0
          2.252               0               0
          2.254               0               0
          2.256               0               0
          2.258               0               0
           2.26               0               0
          2.262               0               0
          2.264               0               0
          2.266               0               0
          2.268               0               0
           2.27               0               0
          2.272               0               0
          2.274               0               0
          2.276               0               0
          2.278               0               0
           2.28               0               0
          2.282               0               0
          2.284               0               0
          2.286               0               0
          2.288               0               0
           2.29               0               0
          2.292               0               0
          2.294               0               0
          2.296               0               0
          2.298               0               0
            2.3               0               0
          2.302               0               0
          2.304               0               0
          2.306               0               0
          2.308               0               0
           2.31               0               0
          2.312               0               0
          2.314               0               0
          2.316               0               0
          2.318               0               0
           2.32               0               0
          2.322               0               0
          2.324               0               0
          2.326               0               0
          2.328               0               0
           2.33               0               0
          2.332               0               0
          2.334               0               0
          2.336               0               0
          2.338               0               0
           2.34               0               0
          2.342               0               0
          2.344               0               0
          2.346               0               0
          2.348               0               0
           2.35               0               0
          2.352               0               0
          2.354               0               0
          2.356               0               0
          2.358               0               0
           2.36               0               0
          2.362               0               0
          2.364               0               0
          2.366               0               0
          2.368               0               0
           2.37               0               0
          2.372               0               0
          2.374               0               0
          2.376               0               0
          2.378               0               0
           2.38               0               0
          2.382               0               0
          2.384               0               0
          2.386               0               0
          2.388               0               0
           2.39               0               0
          2.392               0               0
          2.394               0               0
          2.396               0               0
          2.398               0               0
            2.4               0               0
          2.402               0               0
          2.404               0               0
          2.406               0               0
          2.408               0               0
           2.41               0               0
          2.412               0               0
          2.414               0               0
          2.416               0               0
          2.418               0               0
           2.42               0               0
          2.422               0               0
          2.424               0               0
          2.426               0               0
          2.428               0               0
           2.43               0               0
          2.432               0               0
          2.434               0               0
          2.436               0               0
          2.438               0               0
           2.44               0               0
          2.442               0               0
          2.444               0               0
          2.446               0               0
          2.448               0               0
           2.45               0               0
          2.452               0               0
          2.454               0               0
          2.456               0               0
          2.458               0               0
           2.46               0               0
          2.462               0               0
          2.464               0               0
          2.466               0               0
          2.468               0               0
           2.47               0               0
          2.472               0               0
          2.474               0               0
          2.476               0               0
          2.478               0               0
           2.48               0               0
          2.482               0               0
          2.484               0               0
          2.486               0               0
          2.488               0               0
           2.49               0               0
          2.492               0               0
          2.494               0               0
          2.496               0               0
          2.498               0               0
            2.5               0               0
          2.502               0               0
          2.504               0               0
          2.506               0               0
          2.508               0               0
           2.51               0               0
          2.512               0               0
          2.514               0               0
          2.516               0               0
          2.518               0               0
           2.52               0               0
          2.522               0               0
          2.524               0               0
          2.526               0               0
          2.528               0               0
           2.53               0               0
          2.532               0               0
          2.534               0               0
          2.536               0               0
          2.538               0               0
           2.54               0               0
          2.542               0               0
          2.544               0               0
          2.546               0               0
          2.548               0               0
           2.55               0               0
          2.552               0               0
          2.554               0               0
          2.556               0               0
          2.558               0               0
           2.56               0               0
          2.562               0               0
          2.564               0               0
          2.566               0               0
          2.568               0               0
           2.57               0               0
          2.572               0               0
          2.574               0               0
          2.576               0               0
          2.578               0               0
           2.58               0               0
          2.582               0               0
          2.584               0               0
          2.586               0               0
          2.588               0               0
           2.59               0               0
          2.592               0               0
          2.594               0               0
          2.596               0               0
          2.598               0               0
            2.6               0               0
          2.602               0               0
          2.604               0               0
          2.606               0               0
          2.608               0               0
           2.61               0               0
          2.612               0               0
          2.614               0               0
          2.616               0               0
          2.618               0               0
           2.62               0               0
          2.622               0               0
          2.624               0               0
          2.626               0               0
          2.628               0               0
           2.63               0               0
          2.632               0               0
          2.634               0               0
          2.636               0               0
          2.638               0               0
           2.64               0               0
          2.642               0               0
          2.644               0               0
          2.646               0               0
          2.648               0               0
           2.65               0               0
          2.652               0               0
          2.654               0               0
          2.656               0               0
          2.658               0               0
           2.66               0               0
          2.662               0               0
          2.664               0               0
          2.666               0               0
          2.668               0               0
           2.67               0               0
          2.672               0               0
          2.674               0               0
          2.676               0               0
          2.678               0               0
           2.68               0               0
          2.682               0               0
          2.684               0               0
          2.686               0               0
          2.688               0               0
           2.69               0               0
          2.692               0               0
          2.694               0               0
          2.696               0               0
          2.698               0               0
            2.7               0               0
          2.702               0               0
          2.704               0               0
          2.706               0               0
          2.708               0               0
           2.71               0               0
          2.712               0               0
          2.714               0               0
          2.716               0               0
          2.718               0               0
           2.72               0               0
          2.722               0               0
          2.724               0               0
          2.726               0               0
          2.728               0               0
           2.73               0               0
          2.732               0               0
          2.734               0               0
          2.736               0               0
          2.738               0               0
           2.74               0               0
          2.742               0               0
          2.744               0               0
          2.746               0               0
          2.748               0               0
           2.75               0               0
          2.752               0               0
          2.754               0               0
          2.756               0               0
          2.758               0               0
           2.76               0               0
          2.762               0               0
          2.764               0               0
          2.766               0               0
          2.768               0               0
           2.77               0               0
          2.772               0               0
          2.774               0               0
          2.776               0               0
          2.778               0               0
           2.78               0               0
          2.782               0               0
          2.784               0               0
          2.786               0               0
          2.788               0               0
           2.79               0               0
          2.792               0               0
          2.794               0               0
          2.796               0               0
          2.798               0               0
            2.8               0               0
          2.802               0               0
          2.804               0               0
          2.806               0               0
          2.808               0               0
           2.81               0               0
          2.812               0               0
          2.814               0               0
          2.816               0               0
          2.818               0               0
           2.82               0               0
          2.822               0               0
          2.824               0               0
          2.826               0               0
          2.828               0               0
           2.83               0               0
          2.832               0               0
          2.834               0               0
          2.836               0               0
          2.838               0               0
           2.84               0               0
          2.842               0               0
          2.844               0               0
          2.846               0               0
          2.848               0               0
           2.85               0               0
          2.852               0               0
          2.854               0               0
          2.856               0               0
          2.858               0               0
           2.86               0               0
          2.862               0               0
          2.864               0               0
          2.866               0               0
          2.868               0               0
           2.87               0               0
          2.872               0               0
          2.874               0               0
          2.876               0               0
          2.878               0               0
           2.88               0               0
          2.882               0               0
          2.884               0               0
          2.886               0               0
          2.888               0               0
           2.89               0               0
          2.892               0               0
          2.894               0               0
          2.896               0               0
          2.898               0               0
            2.9               0               0
          2.902               0               0
          2.904               0               0
          2.906               0               0
          2.908               0               0
           2.91               0               0
          2.912               0               0
          2.914               0               0
          2.916               0               0
          2.918               0               0
           2.92               0               0
          2.922               0               0
          2.924               0               0
          2.926               0               0
          2.928               0               0
           2.93               0               0
          2.932               0               0
          2.934               0               0
          2.936               0               0
          2.938               0               0
           2.94               0               0
          2.942               0               0
          2.944               0               0
          2.946               0               0
          2.948               0               0
           2.95               0               0
          2.952               0               0
          2.954               0               0
          2.956               0               0
          2.958               0               0
           2.96               0               0
          2.962               0               0
          2.964               0               0
          2.966               0               0
          2.968               0               0
           2.97               0               0
          2.972               0               0
          2.974               0               0
          2.976               0               0
          2.978               0               0
           2.98               0               0
          2.982               0               0
          2.984               0               0
          2.986               0               0
          2.988               0               0
           2.99               0               0
          2.992               0               0
          2.994               0               0
          2.996               0               0
          2.998               0               0
              3               0               0
          3.002               0               0
          3.004               0               0
          3.006               0               0
          3.008               0               0
           3.01               0               0
          3.012               0               0
          3.014               0               0
          3.016               0               0
          3.018               0               0
           3.02               0               0
          3.022               0               0
          3.024               0               0
          3.026               0               0
          3.028               0               0
           3.03               0               0
          3.032               0               0
          3.034               0               0
          3.036               0               0
          3.038               0               0
           3.04               0               0
          3.042               0               0
          3.044               0               0
          3.046               0               0
          3.048               0               0
           3.05               0               0
          3.052               0               0
          3.054               0               0
          3.056               0               0
          3.058               0               0
           3.06               0               0
          3.062               0               0
          3.064               0               0
          3.066               0               0
          3.068               0               0
           3.07               0               0
          3.072               0               0
          3.074               0               0
          3.076               0               0
          3.078               0               0
           3.08               0               0
          3.082               0               0
          3.084               0               0
          3.086               0               0
          3.088               0               0
           3.09               0               0
          3.092               0               0
          3.094               0               0
          3.096               0               0
          3.098               0               0
            3.1               0               0
          3.102               0               0
          3.104               0               0
          3.106               0               0
          3.108               0               0
           3.11               0               0
          3.112               0               0
          3.114               0               0
          3.116               0               0
          3.118               0               0
           3.12               0               0
          3.122               0               0
          3.124               0               0
          3.126               0               0
          3.128               0               0
           3.13               0               0
          3.132               0               0
          3.134               0               0
          3.136               0               0
          3.138               0               0
           3.14               0               0
          3.142               0               0
          3.144               0               0
          3.146               0               0
          3.148               0               0
           3.15               0               0
          3.152               0               0
          3.154               0               0
          3.156               0               0
          3.158               0               0
           3.16               0               0
          3.162               0               0
          3.164               0               0
          3.166               0               0
          3.168               0               0
           3.17               0               0
          3.172               0               0
          3.174               0               0
          3.176               0               0
          3.178               0               0
           3.18               0               0
          3.182               0               0
          3.184               0               0
          3.186               0               0
          3.188               0               0
           3.19               0               0
          3.192               0               0
          3.194               0               0
          3.196               0               0
          3.198               0               0
            3.2               0               0
          3.202               0               0
          3.204               0               0
          3.206               0               0
          3.208               0               0
           3.21               0               0
          3.212               0               0
          3.214               0               0
          3.216               0               0
          3.218               0               0
           3.22               0               0
          3.222               0               0
          3.224               0               0
          3.226               0               0
          3.228               0               0
           3.23               0               0
          3.232               0               0
          3.234               0               0
          3.236               0               0
          3.238               0               0
           3.24               0               0
          3.242               0               0
          3.244               0               0
          3.246               0               0
          3.248               0               0
           3.25               0               0
          3.252               0               0
          3.254               0               0
          3.256               0               0
          3.258               0               0
           3.26               0               0
          3.262               0               0
          3.264               0               0
          3.266               0               0
          3.268               0               0
           3.27               0               0
          3.272               0               0
          3.274               0               0
          3.276               0               0
          3.278               0               0
           3.28               0               0
          3.282               0               0
          3.284               0               0
          3.286               0               0
          3.288               0               0
           3.29               0               0
          3.292               0               0
          3.294               0               0
          3.296               0               0
          3.298               0               0
            3.3               0               0
          3.302               0               0
          3.304               0               0
          3.306               0               0
          3.308               0               0
           3.31               0               0
          3.312               0               0
          3.314               0               0
          3.316               0               0
          3.318               0               0
           3.32               0               0
          3.322               0               0
          3.324               0               0
          3.326               0               0
          3.328               0               0
           3.33               0               0
          3.332               0               0
          3.334               0               0
          3.336               0               0
          3.338               0               0
           3.34               0               0
          3.342               0               0
          3.344               0               0
          3.346               0               0
          3.348               0               0
           3.35               0               0
          3.352               0               0
          3.354               0               0
          3.356               0               0
          3.358               0               0
           3.36               0               0
          3.362               0               0
          3.364               0               0
          3.366               0               0
          3.368               0               0
           3.37               0               0
          3.372               0               0
          3.374               0               0
          3.376               0               0
          3.378               0               0
           3.38               0               0
          3.382               0               0
          3.384               0               0
          3.386               0               0
          3.388               0               0
           3.39               0               0
          3.392               0               0
          3.394               0               0
          3.396               0               0
          3.398               0               0
            3.4               0               0
          3.402               0               0
          3.404               0               0
          3.406               0               0
          3.408               0               0
           3.41               0               0
          3.412               0               0
          3.414               0               0
          3.416               0               0
          3.418               0               0
           3.42               0               0
          3.422               0               0
          3.424               0               0
          3.426               0               0
          3.428               0               0
           3.43               0               0
          3.432               0               0
          3.434               0               0
          3.436               0               0
          3.438               0               0
           3.44               0               0
          3.442               0               0
          3.444               0               0
          3.446               0               0
          3.448               0               0
           3.45               0               0
          3.452               0               0
          3.454               0               0
          3.456               0               0
          3.458               0               0
           3.46               0               0
          3.462               0               0
          3.464               0               0
          3.466               0               0
          3.468               0               0
           3.47               0               0
          3.472               0               0
          3.474               0               0
          3.476               0               0
          3.478               0               0
           3.48               0               0
          3.482               0               0
          3.484               0               0
          3.486               0               0
          3.488               0               0
           3.49               0               0
          3.492               0               0
          3.494               0               0
          3.496               0               0
          3.498               0               0
            3.5               0               0
