          0.002       130892.63       3787183.8
          0.004       123537.23       3574366.3
          0.006       116595.16       3373507.9
          0.008        110043.2       3183936.5
           0.01       103859.42         3005018
          0.012       98023.125       2836153.6
          0.014       92514.801       2676778.4
          0.016       87316.012       2526359.2
          0.018       82409.364       2384392.6
           0.02       77778.441       2250403.7
          0.022       73407.749       2123944.2
          0.024       69282.665         2004591
          0.026       65389.385       1891944.8
          0.028       61714.885       1785628.6
           0.03       58246.871       1685286.7
          0.032       54973.739       1590583.5
          0.034       51884.537         1501202
          0.036        48968.93       1416843.3
          0.038       46217.164         1337225
           0.04        43620.03       1262080.8
          0.042        41168.84       1191159.3
          0.044       38855.393       1124223.1
          0.046       36671.948       1061048.4
          0.048         34611.2       1001423.7
           0.05       32666.253       945149.54
          0.052       30830.602       892037.68
          0.054       29098.103        841910.4
          0.056        27462.96       794599.97
          0.058       25919.703       749948.11
           0.06       24463.168       707805.43
          0.062       23088.481       668030.92
          0.064       21791.044        630491.5
          0.066       20566.515       595061.58
          0.068       19410.798       561622.61
           0.07       18320.025       530062.71
          0.072       17290.547        500276.3
          0.074       16318.919        472163.7
          0.076       15401.892       445630.87
          0.078       14536.396       420589.03
           0.08       13719.536        396954.4
          0.082       12948.578       374647.89
          0.084       12220.944       353594.88
          0.086       11534.199       333724.92
          0.088       10886.045       314971.54
           0.09       10274.313       297271.98
          0.092       9696.9566       280567.04
          0.094       9152.0445       264800.82
          0.096       8637.7533       249920.57
          0.098       8152.3622        235876.5
            0.1       7694.2473       222621.62
          0.102       7261.8758       210111.59
          0.104       6853.8009       198304.55
          0.106       6468.6575          187161
          0.108       6105.1569       176643.65
           0.11       5762.0829       166717.31
          0.112       5438.2877       157348.78
          0.114       5132.6878        148506.7
          0.116       4844.2609        140161.5
          0.118       4572.0418       132285.24
           0.12       4315.1199       124851.59
          0.122       4072.6355       117835.66
          0.124       3843.7773       111213.99
          0.126       3627.7795       104964.41
          0.128       3423.9196        99066.03
           0.13       3231.5154         93499.1
          0.132       3049.9232           88245
          0.134       2878.5354       83286.148
          0.136       2716.7786       78605.955
          0.138       2564.1116       74188.762
           0.14       2420.0236       70019.789
          0.142       2284.0324       66085.087
          0.144       2155.6832       62371.493
          0.146       2034.5465       58866.581
          0.148       1920.2169       55558.625
           0.15        1812.312       52436.556
          0.152       1710.4707       49489.929
          0.154       1614.3522       46708.885
          0.156       1523.6351        44084.12
          0.158       1438.0158       41606.851
           0.16       1357.2077        39268.79
          0.162       1280.9406       37062.115
          0.164       1208.9593       34979.441
          0.166       1141.0228       33013.802
          0.168       1076.9041        31158.62
           0.17       1016.3884       29407.688
          0.172        959.2733       27755.149
          0.174       905.36777       26195.472
          0.176       854.49141        24723.44
          0.178       806.47401       23334.128
           0.18        761.1549       22022.887
          0.182       718.38246        20785.33
          0.184       678.01358       19617.316
          0.186       639.91319       18514.938
          0.188       603.95383       17474.507
           0.19       570.01517       16492.542
          0.192       537.98366       15565.758
          0.194       507.75213       14691.054
          0.196       479.21944       13865.503
          0.198       452.29012       13086.343
            0.2       426.87407       12350.967
          0.202       402.88625       11656.915
          0.204       380.24641       11001.865
          0.206       358.87879       10383.625
          0.208       338.71191       9800.1261
           0.21       319.67829       9249.4165
          0.212       301.71424       8729.6536
          0.214       284.75967       8239.0983
          0.216       268.75785       7776.1093
          0.218       253.65523       7339.1376
           0.22        239.4013       6926.7211
          0.222       225.94835         6537.48
          0.224       213.25138        6170.112
          0.226        201.2679       5823.3879
          0.228       189.95783       5496.1477
           0.23       179.28331       5187.2964
          0.232       169.20864       4895.8008
          0.234       159.70011       4620.6855
          0.236        150.7259       4361.0301
          0.238       142.25599       4115.9658
           0.24       134.26204       3884.6726
          0.242        126.7173       3666.3768
          0.244       119.59653        3460.348
          0.246        112.8759       3265.8967
          0.248       106.53294       3082.3725
           0.25       100.54641       2909.1612
          0.252       94.896296       2745.6834
          0.254       89.563681       2591.3921
          0.256       84.530728       2445.7711
          0.258       79.780597       2308.3331
           0.26       75.297395       2178.6183
          0.262       71.066123       2056.1928
          0.264       67.072624       1940.6468
          0.266       63.303536       1831.5938
          0.268       59.746249        1728.669
           0.27        56.38886       1631.5279
          0.272       53.220137       1539.8456
          0.274       50.229478       1453.3154
          0.276       47.406876       1371.6476
          0.278       44.742887        1294.569
           0.28         42.2286       1221.8218
          0.282         39.8556       1281.8999
          0.284          37.101         1340.85
          0.286         34.4922        1242.575
          0.288         32.1307        1093.625
           0.29         30.1177         950.075
          0.292         28.3304         883.075
          0.294         26.5854         859.425
          0.296         24.8927         830.725
          0.298         23.2625         796.975
            0.3         21.7048         779.325
          0.302         20.1452         783.525
          0.304         18.5707         765.325
          0.306         17.0839          695.75
          0.308         15.7877          574.85
           0.31         14.7845         448.275
          0.312         13.9946         381.375
          0.314          13.259           358.2
          0.316         12.5618         342.925
          0.318         11.8873           335.5
           0.32         11.2198         336.875
          0.322         10.5398         341.935
          0.324         9.85206          340.71
          0.326         9.17696        329.3325
          0.328         8.53473        307.8275
           0.33         7.94565        276.7675
          0.332         7.42766         243.275
          0.334         6.97255        216.5725
          0.336         6.56137         199.345
          0.338         6.17517        191.5875
           0.34         5.79502        191.1025
          0.342         5.41076        190.9825
          0.344         5.03109          186.35
          0.346         4.66536         177.055
          0.348         4.32287        163.1025
           0.35         4.01295        146.3675
          0.352          3.7374          130.82
          0.354         3.48967        117.6975
          0.356         3.26661        106.1575
          0.358         3.06504          96.205
           0.36         2.88179         89.1425
          0.362         2.70847         85.1675
          0.364         2.54112         81.2975
          0.366         2.38328           75.66
          0.368         2.23848          68.255
           0.37         2.11026         61.3575
          0.372         1.99305           57.34
          0.374          1.8809           54.08
          0.376         1.77673           49.36
          0.378         1.68346         43.1775
           0.38         1.60402         37.5525
          0.382         1.53325            34.9
          0.384         1.46442         33.8025
          0.386         1.39804          32.435
          0.388         1.33468         30.7925
           0.39         1.27487           28.95
          0.392         1.21888         27.4175
          0.394          1.1652         26.7925
          0.396         1.11171         27.2275
          0.398         1.05629          28.728
            0.4        0.996798        30.61875
          0.402        0.933815        31.84825
          0.404        0.869405          32.527
          0.406        0.803707         33.1375
          0.408        0.736855           33.68
           0.41        0.668987        34.15975
          0.412        0.600216         34.6145
          0.414        0.530529        35.08725
          0.416        0.459867          35.589
          0.418        0.388173         36.1195
           0.42        0.315389        37.22075
          0.422         0.23929          39.035
          0.424        0.159249       40.420525
          0.426       0.0776079       40.635205
          0.428     -0.00329182          39.679
           0.43      -0.0811081       37.844295
          0.432       -0.154669       35.903725
          0.434       -0.224723          34.284
          0.436       -0.291805        32.93225
          0.438       -0.356452        31.84875
           0.44         -0.4192        30.72775
          0.442       -0.479363        29.02175
          0.444       -0.535287        26.67475
          0.446       -0.586062         23.8715
          0.448       -0.630773        20.61175
           0.45       -0.668509          17.295
          0.452       -0.699953         14.6385
          0.454       -0.727063          12.721
          0.456       -0.750837        11.30225
          0.458       -0.772272         10.3825
           0.46       -0.792367          10.191
          0.462       -0.813036        10.30175
          0.464       -0.833574          9.5025
          0.466       -0.851046         7.23675
          0.468       -0.862521         3.50475
           0.47       -0.865065        -0.70125
          0.472       -0.859716          -3.721
          0.474       -0.850181         -5.5455
          0.476       -0.837534        -6.83275
          0.478        -0.82285        -7.58275
           0.48       -0.807203         -7.7725
          0.482        -0.79176        -7.68425
          0.484       -0.776466         -7.7995
          0.486       -0.760562        -8.29425
          0.488       -0.743289        -9.16825
           0.49       -0.723889         -10.129
          0.492       -0.702773        -10.7325
          0.494       -0.680959       -11.04425
          0.496       -0.658596         -11.281
          0.498       -0.635835         -11.443
            0.5       -0.612824        -11.7935
          0.502       -0.588661        -12.4015
          0.504       -0.563218       -12.71225
          0.506       -0.537812       -12.36525
          0.508       -0.513757         -11.361
           0.51       -0.492368       -10.09625
          0.512       -0.473372        -9.24675
          0.514       -0.455381        -8.83125
          0.516       -0.438047          -8.591
          0.518       -0.421017          -8.526
           0.52       -0.403943          -8.562
          0.522       -0.386769        -8.56025
          0.524       -0.369702          -8.496
          0.526       -0.352785         -8.4105
          0.528        -0.33606        -8.30375
           0.53        -0.31957         -8.0205
          0.532       -0.303978            -7.4
          0.534        -0.28997          -6.589
          0.536       -0.277622         -5.7405
          0.538       -0.267008         -4.8545
           0.54       -0.258204          -4.067
          0.542        -0.25074        -3.52925
          0.544       -0.244087         -3.1255
          0.546       -0.238238          -2.726
          0.548       -0.233183        -2.33075
           0.55       -0.228915        -2.02125
          0.552       -0.225098         -1.8865
          0.554       -0.221369        -1.85625
          0.556       -0.217673          -1.853
          0.558       -0.213957        -1.87625
           0.56       -0.210168        -1.92675
          0.562        -0.20625          -1.993
          0.564       -0.202196        -2.05875
          0.566       -0.198015         -2.1185
          0.568       -0.193722        -2.17175
           0.57       -0.189328           -2.67
          0.572       -0.183042          -3.949
          0.574       -0.173532        -5.38625
          0.576       -0.161497        -6.47325
          0.578       -0.147639        -7.21025
           0.58       -0.132656         -8.4885
          0.582       -0.113685       -10.73085
          0.584      -0.0897326      -12.344925
          0.586      -0.0643053        -12.2056
          0.588      -0.0409102      -10.312775
           0.59      -0.0230542       -7.704375
          0.592      -0.0100927      -6.0464575
          0.594      0.00113163       -5.243375
          0.596       0.0108808      -4.5712925
          0.598       0.0194168       -4.030225
            0.6       0.0270017       -3.371625
          0.602       0.0329033         -2.5094
          0.604       0.0370393         -1.9358
          0.606       0.0406465         -1.9806
          0.608       0.0449617         -2.6438
           0.61       0.0512217       -4.558875
          0.612       0.0631972        -7.42815
          0.614       0.0809343        -9.22145
          0.616        0.100083       -8.839925
          0.618        0.116294        -6.28325
           0.62        0.125216          -3.049
          0.622         0.12849         -1.3865
          0.624        0.130762          -0.927
          0.626        0.132198        -0.54975
          0.628        0.132961         -0.2545
           0.63        0.133216        -0.01125
          0.632        0.133006           0.195
          0.634        0.132436         0.31175
          0.636        0.131759          0.3015
          0.638         0.13123         0.16425
           0.64        0.131102          -0.473
          0.642        0.133122         -1.6505
          0.644        0.137704          -2.496
          0.646        0.143106        -2.47025
          0.648        0.147585          -1.573
           0.65        0.149398          0.6035
          0.652        0.145171          3.5675
          0.654        0.135128          5.5625
          0.656        0.122921         5.73125
          0.658        0.112203           4.074
           0.66        0.106625          1.4585
          0.662        0.106369          -0.377
          0.664        0.108133         -0.9915
          0.666        0.110335        -0.81575
          0.668        0.111396         0.14925
           0.67        0.109738           1.313
          0.672        0.106144         1.81875
          0.674        0.102463         1.85835
          0.676       0.0987106        1.889475
          0.678       0.0949051         1.91185
           0.68       0.0910632          1.9176
          0.682       0.0872347          1.9228
          0.684        0.083372         1.97205
          0.686       0.0793465         2.08565
          0.688       0.0750294          2.2636
           0.69       0.0702921        3.450025
          0.692       0.0612293         6.05445
          0.694       0.0460743        8.330875
          0.696       0.0279058       9.0679325
          0.698      0.00980257       8.2656325
            0.7     -0.00515673       6.7662675
          0.702      -0.0172625       5.8722675
          0.704      -0.0286458         5.43165
          0.706      -0.0389891        4.832275
          0.708      -0.0479749        4.074125
           0.71      -0.0552856        2.640525
          0.712       -0.058537          0.5617
          0.714      -0.0575324       -0.825375
          0.716      -0.0552355       -0.730625
          0.718      -0.0546099        0.845975
           0.72      -0.0586194        2.988425
          0.722      -0.0665636         4.19155
          0.724      -0.0753856          4.4876
          0.726       -0.084514           4.498
          0.728      -0.0933776         4.22275
           0.73       -0.101405          3.9341
          0.732       -0.109114         3.89625
          0.734        -0.11699          3.8255
          0.736       -0.124416         3.44625
          0.738       -0.130775         2.75775
           0.74       -0.135447           1.962
          0.742       -0.138623          1.4235
          0.744       -0.141141           1.184
          0.746       -0.143359         1.12275
          0.748       -0.145632           1.239
           0.75       -0.148315         1.45075
          0.752       -0.151435           1.595
          0.754       -0.154695          1.6335
          0.756       -0.157969            1.61
          0.758       -0.161135         1.52425
           0.76       -0.164066          1.3495
          0.762       -0.166533           1.107
          0.764       -0.168494           0.893
          0.766       -0.170105         0.75675
          0.768       -0.171521         0.69875
           0.77         -0.1729          0.6245
          0.772       -0.174019         0.42775
          0.774       -0.174611         0.18475
          0.776       -0.174758          -0.016
          0.778       -0.174547        -0.17475
           0.78       -0.174059         -0.8785
          0.782       -0.171033         -2.3085
          0.784       -0.164825           -3.27
          0.786       -0.157953        -2.97275
          0.788       -0.152934          -1.417
           0.79       -0.152285         0.45525
          0.792       -0.154755            1.27
          0.794       -0.157365         1.32125
          0.796        -0.16004         1.33575
          0.798       -0.162708           1.313
            0.8       -0.165292          1.2765
          0.802       -0.167814           1.258
          0.804       -0.170324           1.246
          0.806       -0.172798         1.22075
          0.808       -0.175207          1.1825
           0.81       -0.177528          0.5025
          0.812       -0.177217        -1.09075
          0.814       -0.173165         -2.4305
          0.816       -0.167495        -2.70925
          0.818       -0.162328         -1.9275
           0.82       -0.159785         -0.6325
          0.822       -0.159798           0.238
          0.824       -0.160737           0.647
          0.826       -0.162386           0.948
          0.828       -0.164529         1.14075
           0.83       -0.166949         1.74025
          0.832        -0.17149           2.925
          0.834       -0.178649           3.675
          0.836        -0.18619         3.30725
          0.838       -0.191878         1.82225
           0.84       -0.193479          -0.661
          0.842       -0.189234          -3.228
          0.844       -0.180567          -4.804
          0.846       -0.170018           -5.11
          0.848       -0.160127         -4.1465
           0.85       -0.153432        -2.66475
          0.852       -0.149468         -1.8955
          0.854        -0.14585          -1.806
          0.856       -0.142244        -1.88375
          0.858       -0.138315          -2.129
           0.86       -0.133728         -2.4045
          0.862       -0.128697         -2.5165
          0.864       -0.123662        -2.51825
          0.866       -0.118624        -2.51825
          0.868       -0.113589          -2.516
           0.87        -0.10856         -2.5155
          0.872       -0.103527       -2.517725
          0.874      -0.0984891         -2.5157
          0.876      -0.0934642         -2.5051
          0.878      -0.0884687       -2.486125
           0.88      -0.0835197       -2.249925
          0.882       -0.079469       -1.700675
          0.884       -0.076717         -1.2164
          0.886      -0.0746034         -1.0623
          0.888      -0.0724678         -1.2384
           0.89      -0.0696498       -1.550625
          0.892      -0.0662653        -1.69465
          0.894      -0.0628712         -1.6992
          0.896      -0.0594685       -1.703225
          0.898      -0.0560583         -1.7067
            0.9      -0.0526417       -1.710125
          0.902      -0.0492178        -1.71635
          0.904      -0.0457763        -1.72825
          0.906      -0.0423048       -1.746375
          0.908      -0.0387908       -1.770725
           0.91      -0.0352219        -1.96875
          0.912      -0.0309158         -2.4377
          0.914      -0.0254711       -2.904825
          0.916      -0.0192965       -3.167675
          0.918      -0.0128004      -3.2262175
           0.92     -0.00639163      -3.4458722
          0.922     0.000983089      -4.0271425
          0.924      0.00971694      -4.3570778
          0.926       0.0184114        -3.98779
          0.928       0.0256681        -2.91925
           0.93       0.0300884       -1.698525
          0.932       0.0324622       -1.121375
          0.934       0.0345739       -1.013625
          0.936       0.0365167         -0.9525
          0.938       0.0383839        -0.93805
           0.94       0.0402689       -0.973575
          0.942       0.0422782       -1.023275
          0.944        0.044362         -1.0252
          0.946        0.046379       -0.956375
          0.948       0.0481875        -0.81675
           0.95        0.049646          -0.509
          0.952       0.0502235         -0.0391
          0.954       0.0498024        0.340525
          0.956       0.0488614        0.480725
          0.958       0.0478795         0.38155
           0.96       0.0473352        0.159725
          0.962       0.0472406           0.023
          0.964       0.0472432        -0.00875
          0.966       0.0472756       -0.006775
          0.968       0.0472703         0.02895
           0.97       0.0471598          0.1719
          0.972       0.0465827          0.4304
          0.974       0.0454382        0.633275
          0.976       0.0440496          0.6745
          0.978       0.0427402          0.5541
           0.98       0.0418332        0.090625
          0.982       0.0423777         -0.6593
          0.984       0.0444704       -1.157225
          0.986       0.0470066       -1.102775
          0.988       0.0488815       -0.495975
           0.99       0.0489905        0.490875
          0.992        0.046918        1.363775
          0.994       0.0435354         1.81245
          0.996       0.0396682        1.848425
          0.998       0.0361417         1.47165
              1       0.0337816          0.9251
          1.002       0.0324413        0.614675
          1.004       0.0313229        0.541525
          1.006       0.0302752        0.544025
          1.008       0.0291468        0.622225
           1.01       0.0277863        0.732775
          1.012       0.0262157          0.8238
          1.014       0.0244911        0.925775
          1.016       0.0225126         1.07775
          1.018       0.0201801         1.27975
           1.02       0.0173936         1.72065
          1.022       0.0132975         2.41688
          1.024      0.00772608        2.920885
          1.026      0.00161396       2.9575625
          1.028     -0.00410417       2.5269025
           1.03     -0.00849365       1.9326575
          1.032      -0.0118348       1.6438625
          1.034      -0.0150691         1.60485
          1.036      -0.0182542         1.59455
          1.038      -0.0214473          1.6129
           1.04      -0.0247058        1.671675
          1.042       -0.028134         1.75515
          1.044      -0.0317264        1.810575
          1.046      -0.0353763        1.812625
          1.048      -0.0389769          1.7613
           1.05      -0.0424215         0.91765
          1.052      -0.0426475          -0.984
          1.054      -0.0384855        -2.49475
          1.056      -0.0326685       -2.639025
          1.058      -0.0279294        -1.41685
           1.06      -0.0270011          0.7775
          1.062      -0.0310394        2.762775
          1.064      -0.0380522        3.752675
          1.066      -0.0460501         3.74795
          1.068       -0.053044        2.748625
           1.07      -0.0570446        1.242625
          1.072      -0.0580145         0.20095
          1.074      -0.0578484       -0.139725
          1.076      -0.0574556         -0.0257
          1.078      -0.0577456        0.542975
           1.08      -0.0596275          1.2373
          1.082      -0.0626948          1.5765
          1.084      -0.0659335         1.66165
          1.086      -0.0693414        1.745775
          1.088      -0.0729166          1.8289
           1.09       -0.076657        1.985425
          1.092      -0.0808583        2.221925
          1.094      -0.0855447        2.362175
          1.096       -0.090307          2.2977
          1.098      -0.0947355          2.0285
            1.1       -0.098421        1.529375
          1.102       -0.100853         0.90425
          1.104       -0.102038          0.3725
          1.106       -0.102343         0.02375
          1.108       -0.102133        -0.14175
           1.11       -0.101776        -0.34225
          1.112       -0.100764         -0.7337
          1.114      -0.0988412        -1.00345
          1.116      -0.0967502       -0.901825
          1.118      -0.0952339         -0.4288
           1.12       -0.095035            0.34
          1.122      -0.0965939          1.0847
          1.124      -0.0993738        1.514525
          1.126       -0.102652          1.5828
          1.128       -0.105705         1.28975
           1.13       -0.107811         0.85925
          1.132       -0.109142           0.618
          1.134       -0.110283         0.49675
          1.136       -0.111129          0.3225
          1.138       -0.111573          0.0955
           1.14       -0.111511        -0.22525
          1.142       -0.110672          -0.596
          1.144       -0.109127        -0.84775
          1.146       -0.107281         -0.8975
          1.148       -0.105537          -0.745
           1.15       -0.104301         -0.3665
          1.152       -0.104071         0.10025
          1.154       -0.104702         0.39075
          1.156       -0.105634         0.40175
          1.158       -0.106309         0.13375
           1.16       -0.106169        -0.63225
          1.162        -0.10378        -1.77695
          1.164      -0.0990612       -2.573625
          1.166      -0.0934855         -2.6344
          1.168      -0.0885236       -1.959625
           1.17       -0.085647       -0.679775
          1.172      -0.0858045         0.59195
          1.174      -0.0880148          1.2624
          1.176      -0.0908541          1.2209
          1.178      -0.0928984         0.46745
           1.18      -0.0927239       -0.648325
          1.182      -0.0903051         -1.4395
          1.184      -0.0869659         -1.7497
          1.186      -0.0833063       -1.759825
          1.188      -0.0799266         -1.4699
           1.19      -0.0774267       -0.944125
          1.192      -0.0761501       -0.439325
          1.194      -0.0756694       -0.180375
          1.196      -0.0754286        -0.19955
          1.198      -0.0748712       -0.496825
            1.2      -0.0734413       -1.218475
          1.202      -0.0699973         -2.2056
          1.204      -0.0646189       -2.853975
          1.206      -0.0585814        -2.86465
          1.208      -0.0531603       -2.237625
           1.21      -0.0496309        -1.11635
          1.212      -0.0486949       -0.048175
          1.214      -0.0494382        0.504325
          1.216      -0.0507122          0.4826
          1.218      -0.0513686        -0.11335
           1.22      -0.0502588       -1.017375
          1.222      -0.0472991        -1.67465
          1.224      -0.0435602         -1.9186
          1.226      -0.0396247       -1.871175
          1.228      -0.0360755         -1.5324
           1.23      -0.0334951        -1.09715
          1.232      -0.0316869        -0.85785
          1.234      -0.0300637       -0.766025
          1.236      -0.0286228         -0.6756
          1.238      -0.0273613        -0.58655
           1.24      -0.0262766       -0.370775
          1.242      -0.0258782         -0.0169
          1.244       -0.026209         0.17195
          1.246       -0.026566          0.0093
          1.248      -0.0262462       -0.504875
           1.25      -0.0245465       -1.136025
          1.252      -0.0217021       -1.502675
          1.254      -0.0185358        -1.61905
          1.256      -0.0152259         -1.6462
          1.258       -0.011951       -1.584095
           1.26     -0.00888952         -1.4883
          1.262      -0.0059978        -1.44454
          1.264     -0.00311136      -1.4426147
          1.266    -0.000227341        -1.44211
          1.268      0.00265708      -1.4430178
           1.27      0.00554473      -1.4580475
          1.272      0.00848927      -1.4906675
          1.274       0.0115074      -1.5143075
          1.276       0.0145465       -1.511625
          1.278       0.0175539       -1.482625
           1.28        0.020477       -0.641275
          1.282        0.020119          1.3277
          1.284       0.0151662       2.9318425
          1.286      0.00839163        3.149535
          1.288      0.00256806       1.9808283
           1.29     0.000468317       0.2277775
          1.292      0.00165695     -0.76354325
          1.294      0.00352249       -0.979205
          1.296      0.00557377      -0.9492825
          1.298      0.00731962      -0.6737775
            1.3      0.00826888       -0.307385
          1.302      0.00854916      -0.1069225
          1.304      0.00869657       -0.070905
          1.306      0.00883278      -0.0957075
          1.308       0.0090794      -0.1813275
           1.31      0.00955809       -0.331725
          1.312       0.0104063      -0.4891275
          1.314       0.0115146       -0.557075
          1.316       0.0126346       -0.500775
          1.318       0.0135177       -0.320225
           1.32       0.0139155        -0.11595
          1.322       0.0139815       -0.030625
          1.324        0.014038        -0.02705
          1.326       0.0140897       -0.025825
          1.328       0.0141413        -0.02695
           1.33       0.0141975        -0.02955
          1.332       0.0142595         -0.0319
          1.334       0.0143251        -0.03365
          1.336       0.0143941       -0.035225
          1.338        0.014466       -0.036625
           1.34       0.0145406         -0.3086
          1.342       0.0157004        -0.94415
          1.344       0.0183172          -1.406
          1.346       0.0213244         -1.3345
          1.348       0.0236552       -0.729675
           1.35       0.0242431         0.05465
          1.352       0.0234366         0.47405
          1.354       0.0223469        0.596225
          1.356       0.0210517        0.679625
          1.358       0.0196284        0.724275
           1.36       0.0181546        0.744075
          1.362       0.0166521        0.766825
          1.364       0.0150873        0.799275
          1.366        0.013455        0.834325
          1.368         0.01175       0.8719575
           1.37      0.00996717       1.2281375
          1.372      0.00683745       1.9836675
          1.374       0.0020325         2.46986
          1.376     -0.00304199       2.2532175
          1.378     -0.00698037         1.33374
           1.38     -0.00837695        0.252645
          1.382     -0.00799095       -0.211375
          1.384     -0.00753145        -0.24334
          1.386     -0.00701759      -0.2657425
          1.388     -0.00646848        -0.27858
           1.39     -0.00590327        -0.28326
          1.392     -0.00533544      -0.2843925
          1.394      -0.0047657       -0.285345
          1.396     -0.00419406        -0.28629
          1.398     -0.00362054       -0.287235
            1.4     -0.00304512       -0.323695
          1.402     -0.00232576        -0.40888
          1.404      -0.0014096      -0.4738335
          1.406    -0.000430426       -0.471895
          1.408      0.00047798       -0.403064
           1.41      0.00118183       0.1761905
          1.412    -0.000226782       1.3999975
          1.414     -0.00441816       2.3607345
          1.416     -0.00966972        2.460185
          1.418      -0.0142589         1.69832
           1.42       -0.016463        0.617875
          1.422      -0.0167304         0.05185
          1.424      -0.0166704         -0.1071
          1.426       -0.016302       -0.256525
          1.428      -0.0156443       -0.396375
           1.43      -0.0147165       -0.575375
          1.432      -0.0133428        -0.78645
          1.434      -0.0115707      -0.8971425
          1.436     -0.00975423      -0.8308525
          1.438     -0.00824729       -0.587595
           1.44     -0.00740385        -0.22555
          1.442     -0.00734509       0.1122275
          1.444     -0.00785276       0.3566525
          1.446      -0.0087717          0.5235
          1.448     -0.00994676        0.612775
           1.45      -0.0112228         0.74311
          1.452      -0.0129192         0.98835
          1.454      -0.0151762        1.162625
          1.456      -0.0175697        1.124825
          1.458      -0.0196755         0.87495
           1.46      -0.0210695         0.31545
          1.462      -0.0209373          -0.421
          1.464      -0.0193855       -0.891475
          1.466      -0.0173714        -0.88325
          1.468      -0.0158525       -0.396325
           1.47      -0.0157861        0.237675
          1.472      -0.0168032          0.5261
          1.474      -0.0178905        0.558875
          1.476      -0.0190387         0.58705
          1.478      -0.0202387        0.610675
           1.48      -0.0214814        0.644575
          1.482       -0.022817        0.692225
          1.484      -0.0242503        0.721825
          1.486      -0.0257043        0.712925
          1.488       -0.027102          0.6655
           1.49      -0.0283663        0.399125
          1.492      -0.0286985       -0.138025
          1.494      -0.0278142       -0.572825
          1.496      -0.0264072         -0.6607
          1.498      -0.0251714         -0.4016
            1.5      -0.0248008        0.165725
          1.502      -0.0258343          0.7608
          1.504       -0.027844         1.05985
          1.506      -0.0300737        0.980725
          1.508      -0.0317669        0.523425
           1.51      -0.0321674        -0.04905
          1.512      -0.0315707        -0.34695
          1.514      -0.0307796        -0.44315
          1.516      -0.0297981       -0.537325
          1.518      -0.0286303        -0.62945
           1.52      -0.0272803       -0.695725
          1.522      -0.0258474       -0.718225
          1.524      -0.0244074       -0.729525
          1.526      -0.0229293       -0.756325
          1.528      -0.0213821       -0.798575
           1.53       -0.019735       -0.851825
          1.532      -0.0179748       -0.901725
          1.534      -0.0161281       -0.937975
          1.536      -0.0142229       -0.960175
          1.538      -0.0122874       -0.968325
           1.54      -0.0103496      -1.0228675
          1.542     -0.00819593       -1.152985
          1.544     -0.00573766      -1.2513675
          1.546     -0.00319046      -1.2419195
          1.548    -0.000769982      -1.1246425
           1.55      0.00130811      -0.7190705
          1.552       0.0021063       -0.023645
          1.554      0.00140269       0.5128151
          1.556     5.50396e-05         0.62039
          1.558     -0.00107887       0.2990774
           1.56     -0.00114127      -0.3101475
          1.562      0.00016172       -0.831365
          1.564      0.00218419      -1.0531225
          1.566      0.00437421       -0.998925
          1.568      0.00617989      -0.6687725
           1.57       0.0070493        -0.23851
          1.572      0.00713393       0.0190625
          1.574      0.00697305       0.1343775
          1.576      0.00659642       0.2348125
          1.578       0.0060338         0.32037
           1.58      0.00531494       0.4324375
          1.582      0.00430405       0.5816425
          1.584      0.00298837       0.6804625
          1.586       0.0015822      0.67212525
          1.588     0.000299869      0.55663075
           1.59    -0.000644323      0.22243675
          1.592    -0.000589878     -0.28361625
          1.594     0.000490142       -0.612397
          1.596      0.00185971       -0.573167
          1.598      0.00278281       -0.165925
            1.6      0.00252341         0.40984
          1.602      0.00114345      0.79022525
          1.604    -0.000637491       0.9281125
          1.606       -0.002569      0.94079225
          1.608     -0.00440066         0.82826
           1.61     -0.00588204        0.688555
          1.612     -0.00715488       0.6409775
          1.614     -0.00844595       0.6193725
          1.616     -0.00963237       0.5363375
          1.618      -0.0105913       0.3918575
           1.62      -0.0111998         0.23995
          1.622      -0.0115511        0.158675
          1.624      -0.0118345         0.13025
          1.626      -0.0120721          0.1128
          1.628      -0.0122857        0.106275
           1.63      -0.0124972        0.077325
          1.632       -0.012595          0.0149
          1.634      -0.0125568         -0.0142
          1.636      -0.0125382         0.03455
          1.638       -0.012695        0.161175
           1.64      -0.0131829          0.3952
          1.642      -0.0142758        0.692525
          1.644       -0.015953           0.913
          1.646      -0.0179278        0.990225
          1.648      -0.0199139        0.924225
           1.65      -0.0216247           0.797
          1.652      -0.0231019        0.738425
          1.654      -0.0245784        0.738225
          1.656      -0.0260548          0.7382
          1.658      -0.0275312         0.73835
           1.66      -0.0290082        0.739425
          1.662      -0.0304889          0.7415
          1.664      -0.0319742        0.742975
          1.666      -0.0334608        0.742825
          1.668      -0.0349455        0.741025
           1.67      -0.0364249         0.50435
          1.672      -0.0369629         -0.0748
          1.674      -0.0361257       -0.574875
          1.676      -0.0346634         -0.6999
          1.678      -0.0333261       -0.449825
           1.68      -0.0328641         0.06925
          1.682      -0.0336031         0.54595
          1.684      -0.0350479        0.778475
          1.686       -0.036717        0.770325
          1.688      -0.0381292        0.521525
           1.69      -0.0388031          0.0342
          1.692       -0.038266        -0.49935
          1.694      -0.0368057       -0.796075
          1.696      -0.0350817       -0.763125
          1.698      -0.0337532        -0.40055
            1.7      -0.0334795        0.089475
          1.702      -0.0341111        0.388475
          1.704      -0.0350334        0.524225
          1.706       -0.036208          0.6408
          1.708      -0.0375966        0.738225
           1.71      -0.0391609          0.8591
          1.712       -0.041033         1.01765
          1.714      -0.0432315         1.12855
          1.716      -0.0455472        1.134925
          1.718      -0.0477712          1.0368
           1.72      -0.0496944        0.705775
          1.722      -0.0505943         0.16705
          1.724      -0.0503626         -0.2206
          1.726      -0.0497119          -0.252
          1.728      -0.0493546        0.072875
           1.73      -0.0500034        0.874175
          1.732      -0.0528513         1.91955
          1.734      -0.0576816         2.56025
          1.736      -0.0630923          2.4999
          1.738      -0.0676812        1.738525
           1.74      -0.0700464          0.7469
          1.742      -0.0706688          0.2297
          1.744      -0.0709652        0.067125
          1.746      -0.0709373        -0.09465
          1.748      -0.0705866        -0.25565
           1.75      -0.0699147       -0.384075
          1.752      -0.0690503         -0.4498
          1.754      -0.0681155          -0.487
          1.756      -0.0671023        -0.52815
          1.758      -0.0660029       -0.573275
           1.76      -0.0648092       -0.734125
          1.762      -0.0630664         -1.0325
          1.764      -0.0606792       -1.221825
          1.766      -0.0581791        -1.14545
          1.768      -0.0560974       -0.803375
           1.77      -0.0549656        -0.21605
          1.772      -0.0552332        0.408425
          1.774      -0.0565993         0.80905
          1.776      -0.0584694        0.912475
          1.778      -0.0602492        0.718725
           1.78      -0.0613443        0.349975
          1.782      -0.0616491         0.07015
          1.784      -0.0616249         -0.0304
          1.786      -0.0615275       -0.002975
          1.788       -0.061613          0.1524
           1.79      -0.0621371          0.4787
          1.792      -0.0635278          0.8914
          1.794      -0.0657027        1.156225
          1.796      -0.0681527          1.1664
          1.798      -0.0703683          0.9219
            1.8      -0.0718403         0.56255
          1.802      -0.0726185        0.308875
          1.804      -0.0730758        0.142325
          1.806      -0.0731878       -0.036475
          1.808      -0.0729299        -0.22755
           1.81      -0.0722776         -0.4476
          1.812      -0.0711395       -0.666275
          1.814      -0.0696125       -0.796225
          1.816      -0.0679546       -0.797125
          1.818       -0.066424          -0.669
           1.82      -0.0652786       -0.412425
          1.822      -0.0647743        -0.13505
          1.824      -0.0647384        0.003025
          1.826      -0.0647864       -0.051175
          1.828      -0.0645337       -0.297675
           1.83      -0.0635957        -0.63395
          1.832      -0.0619979       -0.866525
          1.834      -0.0601296       -0.961325
          1.836      -0.0581526       -0.975275
          1.838      -0.0562285        -0.90835
           1.84      -0.0545192        -0.79395
          1.842      -0.0530527       -0.706075
          1.844      -0.0516949       -0.672075
          1.846      -0.0503644        -0.67885
          1.848      -0.0489795         -0.7264
           1.85      -0.0474588        -0.87585
          1.852      -0.0454761       -1.110575
          1.854      -0.0430165       -1.252525
          1.856       -0.040466       -1.201475
          1.858      -0.0382106        -0.95745
           1.86      -0.0366362        -0.66785
          1.862      -0.0355392          -0.545
          1.864      -0.0344562       -0.539175
          1.866      -0.0333825       -0.535575
          1.868      -0.0323139       -0.534125
           1.87       -0.031246        -0.53245
          1.872      -0.0301841       -0.528575
          1.874      -0.0291317       -0.525825
          1.876      -0.0280808          -0.527
          1.878      -0.0270237          -0.532
           1.88      -0.0259528       -0.675975
          1.882      -0.0243198        -1.01725
          1.884      -0.0218838         -1.3055
          1.886      -0.0190978        -1.36725
          1.888      -0.0164148        -1.20255
           1.89      -0.0142876       -0.927325
          1.892      -0.0127055        -0.73815
          1.894       -0.011335         -0.6401
          1.896      -0.0101451      -0.5575975
          1.898     -0.00910461        -0.49067
            1.9     -0.00818242       -0.375345
          1.902     -0.00760323        -0.18552
          1.904     -0.00744034        -0.04191
          1.906     -0.00743559      -0.0273875
          1.908     -0.00733079      -0.1419525
           1.91     -0.00686778      -0.5416175
          1.912     -0.00516432       -1.169935
          1.914     -0.00218804      -1.5521675
          1.916      0.00104435      -1.4260575
          1.918      0.00351619      -0.7916125
           1.92       0.0042108      -0.0177275
          1.922       0.0035871        0.350285
          1.924      0.00280966        0.416715
          1.926      0.00192024      0.46225825
          1.928     0.000960627      0.48691553
           1.93    -2.74221e-05      0.51611425
          1.932     -0.00110383      0.56436697
          1.934     -0.00228489        0.589885
          1.936     -0.00346337         0.56179
          1.938     -0.00453205       0.4800825
           1.94      -0.0053837       0.2286075
          1.942     -0.00544648      -0.2018425
          1.944     -0.00457633       -0.534675
          1.946     -0.00330778       -0.600255
          1.948     -0.00217531      -0.3985875
           1.95     -0.00171343       -0.099095
          1.952     -0.00177893        0.041235
          1.954     -0.00187837       0.0605125
          1.956     -0.00202098         0.08439
          1.958     -0.00221593        0.112865
           1.96     -0.00247244         0.14825
          1.962     -0.00280893       0.1843625
          1.964     -0.00320989       0.2061825
          1.966     -0.00363366       0.2071675
          1.968     -0.00403856        0.187315
           1.97     -0.00438292       0.1066875
          1.972     -0.00446531       -0.038485
          1.974     -0.00422898      -0.1540275
          1.976      -0.0038492       -0.181925
          1.978     -0.00350128       -0.122175
           1.98      -0.0033605       0.1164675
          1.982     -0.00396715         0.50935
          1.984      -0.0053979        0.791375
          1.986     -0.00713265        0.813355
          1.988     -0.00865132         0.57529
           1.99     -0.00943381       0.1264075
          1.992     -0.00915695      -0.3742925
          1.994     -0.00793664       -0.811395
          1.996     -0.00591137       -1.179245
          1.998     -0.00321966      -1.4778425
              2               0       -0.804915
          2.002               0               0
          2.004               0               0
          2.006               0               0
          2.008               0               0
           2.01               0               0
          2.012               0               0
          2.014               0               0
          2.016               0               0
          2.018               0               0
           2.02               0               0
          2.022               0               0
          2.024               0               0
          2.026               0               0
          2.028               0               0
           2.03               0               0
          2.032               0               0
          2.034               0               0
          2.036               0               0
          2.038               0               0
           2.04               0               0
          2.042               0               0
          2.044               0               0
          2.046               0               0
          2.048               0               0
           2.05               0               0
          2.052               0               0
          2.054               0               0
          2.056               0               0
          2.058               0               0
           2.06               0               0
          2.062               0               0
          2.064               0               0
          2.066               0               0
          2.068               0               0
           2.07               0               0
          2.072               0               0
          2.074               0               0
          2.076               0               0
          2.078               0               0
           2.08               0               0
          2.082               0               0
          2.084               0               0
          2.086               0               0
          2.088               0               0
           2.09               0               0
          2.092               0               0
          2.094               0               0
          2.096               0               0
          2.098               0               0
            2.1               0               0
          2.102               0               0
          2.104               0               0
          2.106               0               0
          2.108               0               0
           2.11               0               0
          2.112               0               0
          2.114               0               0
          2.116               0               0
          2.118               0               0
           2.12               0               0
          2.122               0               0
          2.124               0               0
          2.126               0               0
          2.128               0               0
           2.13               0               0
          2.132               0               0
          2.134               0               0
          2.136               0               0
          2.138               0               0
           2.14               0               0
          2.142               0               0
          2.144               0               0
          2.146               0               0
          2.148               0               0
           2.15               0               0
          2.152               0               0
          2.154               0               0
          2.156               0               0
          2.158               0               0
           2.16               0               0
          2.162               0               0
          2.164               0               0
          2.166               0               0
          2.168               0               0
           2.17               0               0
          2.172               0               0
          2.174               0               0
          2.176               0               0
          2.178               0               0
           2.18               0               0
          2.182               0               0
          2.184               0               0
          2.186               0               0
          2.188               0               0
           2.19               0               0
          2.192               0               0
          2.194               0               0
          2.196               0               0
          2.198               0               0
            2.2               0               0
          2.202               0               0
          2.204               0               0
          2.206               0               0
          2.208               0               0
           2.21               0               0
          2.212               0               0
          2.214               0               0
          2.216               0               0
          2.218               0               0
           2.22               0               0
          2.222               0               0
          2.224               0               0
          2.226               0               0
          2.228               0               0
           2.23               0               0
          2.232               0               0
          2.234               0               0
          2.236               0               0
          2.238               0               0
           2.24               0               0
          2.242               0               0
          2.244               0               0
          2.246               0               0
          2.248               0               0
           2.25               0               0
          2.252               0               0
          2.254               0               0
          2.256               0               0
          2.258               0               0
           2.26               0               0
          2.262               0               0
          2.264               0               0
          2.266               0               0
          2.268               0               0
           2.27               0               0
          2.272               0               0
          2.274               0               0
          2.276               0               0
          2.278               0               0
           2.28               0               0
          2.282               0               0
          2.284               0               0
          2.286               0               0
          2.288               0               0
           2.29               0               0
          2.292               0               0
          2.294               0               0
          2.296               0               0
          2.298               0               0
            2.3               0               0
          2.302               0               0
          2.304               0               0
          2.306               0               0
          2.308               0               0
           2.31               0               0
          2.312               0               0
          2.314               0               0
          2.316               0               0
          2.318               0               0
           2.32               0               0
          2.322               0               0
          2.324               0               0
          2.326               0               0
          2.328               0               0
           2.33               0               0
          2.332               0               0
          2.334               0               0
          2.336               0               0
          2.338               0               0
           2.34               0               0
          2.342               0               0
          2.344               0               0
          2.346               0               0
          2.348               0               0
           2.35               0               0
          2.352               0               0
          2.354               0               0
          2.356               0               0
          2.358               0               0
           2.36               0               0
          2.362               0               0
          2.364               0               0
          2.366               0               0
          2.368               0               0
           2.37               0               0
          2.372               0               0
          2.374               0               0
          2.376               0               0
          2.378               0               0
           2.38               0               0
          2.382               0               0
          2.384               0               0
          2.386               0               0
          2.388               0               0
           2.39               0               0
          2.392               0               0
          2.394               0               0
          2.396               0               0
          2.398               0               0
            2.4               0               0
          2.402               0               0
          2.404               0               0
          2.406               0               0
          2.408               0               0
           2.41               0               0
          2.412               0               0
          2.414               0               0
          2.416               0               0
          2.418               0               0
           2.42               0               0
          2.422               0               0
          2.424               0               0
          2.426               0               0
          2.428               0               0
           2.43               0               0
          2.432               0               0
          2.434               0               0
          2.436               0               0
          2.438               0               0
           2.44               0               0
          2.442               0               0
          2.444               0               0
          2.446               0               0
          2.448               0               0
           2.45               0               0
          2.452               0               0
          2.454               0               0
          2.456               0               0
          2.458               0               0
           2.46               0               0
          2.462               0               0
          2.464               0               0
          2.466               0               0
          2.468               0               0
           2.47               0               0
          2.472               0               0
          2.474               0               0
          2.476               0               0
          2.478               0               0
           2.48               0               0
          2.482               0               0
          2.484               0               0
          2.486               0               0
          2.488               0               0
           2.49               0               0
          2.492               0               0
          2.494               0               0
          2.496               0               0
          2.498               0               0
            2.5               0               0
          2.502               0               0
          2.504               0               0
          2.506               0               0
          2.508               0               0
           2.51               0               0
          2.512               0               0
          2.514               0               0
          2.516               0               0
          2.518               0               0
           2.52               0               0
          2.522               0               0
          2.524               0               0
          2.526               0               0
          2.528               0               0
           2.53               0               0
          2.532               0               0
          2.534               0               0
          2.536               0               0
          2.538               0               0
           2.54               0               0
          2.542               0               0
          2.544               0               0
          2.546               0               0
          2.548               0               0
           2.55               0               0
          2.552               0               0
          2.554               0               0
          2.556               0               0
          2.558               0               0
           2.56               0               0
          2.562               0               0
          2.564               0               0
          2.566               0               0
          2.568               0               0
           2.57               0               0
          2.572               0               0
          2.574               0               0
          2.576               0               0
          2.578               0               0
           2.58               0               0
          2.582               0               0
          2.584               0               0
          2.586               0               0
          2.588               0               0
           2.59               0               0
          2.592               0               0
          2.594               0               0
          2.596               0               0
          2.598               0               0
            2.6               0               0
          2.602               0               0
          2.604               0               0
          2.606               0               0
          2.608               0               0
           2.61               0               0
          2.612               0               0
          2.614               0               0
          2.616               0               0
          2.618               0               0
           2.62               0               0
          2.622               0               0
          2.624               0               0
          2.626               0               0
          2.628               0               0
           2.63               0               0
          2.632               0               0
          2.634               0               0
          2.636               0               0
          2.638               0               0
           2.64               0               0
          2.642               0               0
          2.644               0               0
          2.646               0               0
          2.648               0               0
           2.65               0               0
          2.652               0               0
          2.654               0               0
          2.656               0               0
          2.658               0               0
           2.66               0               0
          2.662               0               0
          2.664               0               0
          2.666               0               0
          2.668               0               0
           2.67               0               0
          2.672               0               0
          2.674               0               0
          2.676               0               0
          2.678               0               0
           2.68               0               0
          2.682               0               0
          2.684               0               0
          2.686               0               0
          2.688               0               0
           2.69               0               0
          2.692               0               0
          2.694               0               0
          2.696               0               0
          2.698               0               0
            2.7               0               0
          2.702               0               0
          2.704               0               0
          2.706               0               0
          2.708               0               0
           2.71               0               0
          2.712               0               0
          2.714               0               0
          2.716               0               0
          2.718               0               0
           2.72               0               0
          2.722               0               0
          2.724               0               0
          2.726               0               0
          2.728               0               0
           2.73               0               0
          2.732               0               0
          2.734               0               0
          2.736               0               0
          2.738               0               0
           2.74               0               0
          2.742               0               0
          2.744               0               0
          2.746               0               0
          2.748               0               0
           2.75               0               0
          2.752               0               0
          2.754               0               0
          2.756               0               0
          2.758               0               0
           2.76               0               0
          2.762               0               0
          2.764               0               0
          2.766               0               0
          2.768               0               0
           2.77               0               0
          2.772               0               0
          2.774               0               0
          2.776               0               0
          2.778               0               0
           2.78               0               0
          2.782               0               0
          2.784               0               0
          2.786               0               0
          2.788               0               0
           2.79               0               0
          2.792               0               0
          2.794               0               0
          2.796               0               0
          2.798               0               0
            2.8               0               0
          2.802               0               0
          2.804               0               0
          2.806               0               0
          2.808               0               0
           2.81               0               0
          2.812               0               0
          2.814               0               0
          2.816               0               0
          2.818               0               0
           2.82               0               0
          2.822               0               0
          2.824               0               0
          2.826               0               0
          2.828               0               0
           2.83               0               0
          2.832               0               0
          2.834               0               0
          2.836               0               0
          2.838               0               0
           2.84               0               0
          2.842               0               0
          2.844               0               0
          2.846               0               0
          2.848               0               0
           2.85               0               0
          2.852               0               0
          2.854               0               0
          2.856               0               0
          2.858               0               0
           2.86               0               0
          2.862               0               0
          2.864               0               0
          2.866               0               0
          2.868               0               0
           2.87               0               0
          2.872               0               0
          2.874               0               0
          2.876               0               0
          2.878               0               0
           2.88               0               0
          2.882               0               0
          2.884               0               0
          2.886               0               0
          2.888               0               0
           2.89               0               0
          2.892               0               0
          2.894               0               0
          2.896               0               0
          2.898               0               0
            2.9               0               0
          2.902               0               0
          2.904               0               0
          2.906               0               0
          2.908               0               0
           2.91               0               0
          2.912               0               0
          2.914               0               0
          2.916               0               0
          2.918               0               0
           2.92               0               0
          2.922               0               0
          2.924               0               0
          2.926               0               0
          2.928               0               0
           2.93               0               0
          2.932               0               0
          2.934               0               0
          2.936               0               0
          2.938               0               0
           2.94               0               0
          2.942               0               0
          2.944               0               0
          2.946               0               0
          2.948               0               0
           2.95               0               0
          2.952               0               0
          2.954               0               0
          2.956               0               0
          2.958               0               0
           2.96               0               0
          2.962               0               0
          2.964               0               0
          2.966               0               0
          2.968               0               0
           2.97               0               0
          2.972               0               0
          2.974               0               0
          2.976               0               0
          2.978               0               0
           2.98               0               0
          2.982               0               0
          2.984               0               0
          2.986               0               0
          2.988               0               0
           2.99               0               0
          2.992               0               0
          2.994               0               0
          2.996               0               0
          2.998               0               0
              3               0               0
