          0.002       178164.68       5658927.5
          0.004       167205.94       5310852.4
          0.006       156921.27         4984187
          0.008       147269.19       4677614.6
           0.01       138210.81       4389899.1
          0.012        129709.6       4119880.6
          0.014       121731.28       3866470.8
          0.016       114243.71         3628648
          0.018       107216.69       3405453.4
           0.02        100621.9       3195987.3
          0.022       94432.744       2999405.2
          0.024       88624.278       2814914.7
          0.026       83173.085         2641772
          0.028        78057.19       2479279.2
           0.03       73255.968       2326781.2
          0.032       68750.065       2183663.1
          0.034       64521.316       2049348.2
          0.036       60552.673       1923294.7
          0.038       56828.137       1804994.8
           0.04       53332.693       1693971.3
          0.042       50052.252       1589776.8
          0.044       46973.586       1491991.2
          0.046       44084.287       1400220.2
          0.048       41372.705       1314094.1
           0.05       38827.911       1233265.4
          0.052       36439.644       1157408.5
          0.054       34198.277       1086217.4
          0.056       32094.774       1019405.2
          0.058       30120.656        956702.6
           0.06       28267.964       897856.76
          0.062       26529.229       842630.46
          0.064       24897.442       790801.09
          0.066       23366.025       742159.68
          0.068       21928.803       696510.17
           0.07       20579.984       653668.51
          0.072       19314.129       613461.99
          0.074       18126.136       575728.54
          0.076       17011.215       540316.04
          0.078       15964.872       507081.73
           0.08       14982.888       475891.63
          0.082       14061.305          446620
          0.084       13196.408       419148.84
          0.086        12384.71        393367.4
          0.088       11622.938       369171.76
           0.09       10908.023       346464.36
          0.092       10237.081       325153.68
          0.094       9607.4082       305153.79
          0.096       9016.4659       286384.08
          0.098       8461.8718       268768.87
            0.1       7941.3904       252237.16
          0.102       7452.9232        236722.3
          0.104       6994.5011       222161.74
          0.106       6564.2762       208496.79
          0.108        6160.514       195672.36
           0.11       5781.5868       183636.74
          0.112        5425.967       172341.42
          0.114       5092.2211       161740.87
          0.116       4779.0035       151792.35
          0.118       4485.0517       142455.75
           0.12       4209.1805       133693.44
          0.122       3950.2779       125470.08
          0.124       3707.3002       117752.54
          0.126       3479.2678        110509.7
          0.128       3265.2614       103712.35
           0.13       3064.4184       97333.107
          0.132        2875.929       91346.243
          0.134       2699.0334       85727.624
          0.136       2533.0185       80454.602
          0.138        2377.215       75505.918
           0.14       2230.9948       70861.622
          0.142       2093.7685       66502.993
          0.144       1964.9828       62412.459
          0.146       1844.1187       58573.529
          0.148       1730.6887       54970.729
           0.15       1624.2358       51589.533
          0.152       1524.3306       48416.311
          0.154       1430.5705       45438.271
          0.156       1342.5775       42643.407
          0.158       1259.9969       40020.453
           0.16       1182.4957       37558.834
          0.162       1109.7615       35248.627
          0.164       1041.5012       33080.518
          0.166       977.43947       31045.768
          0.168       917.31812       29136.173
           0.17       860.89478       27344.035
          0.172       807.94198        25662.13
          0.174       758.24626       24083.678
          0.176       711.60727       22602.314
          0.178         667.837       21212.068
           0.18         626.759       19907.334
          0.182       588.20767       18682.854
          0.184       552.02759       17533.689
          0.186       518.07291       16455.209
          0.188       486.20675       15443.065
           0.19       456.30065       14493.178
          0.192       428.23404       13601.716
          0.194       401.89378       12765.088
          0.196       377.17369        11979.92
          0.198        353.9741       11243.047
            0.2        332.2015       10551.498
          0.202       311.76811       9902.4856
          0.204       292.59156       9293.3934
          0.206       274.59454       8721.7658
          0.208       257.70449       8185.2985
           0.21       241.85334       7681.8288
          0.212       226.97718        7209.327
          0.214       213.01603       6765.8883
          0.216       199.91363       6349.7251
          0.218       187.61713       5959.1597
           0.22       176.07699       5592.6176
          0.222       165.24666       5248.6212
          0.224        155.0825       4925.7836
          0.226       145.54353       4622.8035
          0.228       136.59129       4338.4593
           0.23       128.18969       4071.6049
          0.232       120.30487       3821.1645
          0.234       112.90503       3586.1284
          0.236       105.96035       3365.5491
          0.238       99.442837       3158.5375
           0.24       93.326205       2964.2589
          0.242       87.585801       2781.9302
          0.244       82.198484       2610.8164
          0.246       77.142535       2450.2277
          0.248       72.397573       2299.5165
           0.25       67.944469       2158.0755
          0.252       63.765271       2025.3344
          0.254       59.843132       1900.7581
          0.256       56.162239       1783.8443
          0.258       52.707754       1674.1218
           0.26       49.465752       1571.1482
          0.262       46.423162       1474.5084
          0.264       43.567718       1383.8128
          0.266       40.887911       1298.6958
          0.268       38.372935       1218.8143
           0.27       36.012653       1143.8462
          0.272        33.79755       1073.4894
          0.274       31.718696       1007.4601
          0.276        29.76771        945.4922
          0.278       27.936727        887.3359
           0.28       26.218366       832.75673
          0.282         24.6057       952.61653
          0.284         22.4079        1044.725
          0.286         20.4268           902.9
          0.288         18.7963          694.05
           0.29         17.6506         500.175
          0.292         16.7956         424.825
          0.294         15.9513         418.225
          0.296         15.1227           409.1
          0.298         14.3149          397.45
            0.3         13.5329          393.25
          0.302         12.7419           400.5
          0.304         11.9309         400.325
          0.306         11.1406         379.825
          0.308         10.4116        339.0375
           0.31         9.78445        286.5725
          0.312         9.26531        241.7925
          0.314         8.81728         212.235
          0.316         8.41637        194.6625
          0.318         8.03863         189.075
           0.32         7.66007         194.995
          0.322         7.25865        203.4975
          0.324         6.84608        202.4175
          0.326         6.44898          188.02
          0.328           6.094        160.3025
           0.33         5.80777        131.2075
          0.332         5.56917          117.51
          0.334         5.33773        114.5325
          0.336         5.11104          112.76
          0.338         4.88669        112.1875
           0.34         4.66229         112.925
          0.342         4.43499          114.06
          0.344         4.20605         113.955
          0.346         3.97917        111.9975
          0.348         3.75806         108.185
           0.35         3.54643          99.765
          0.352           3.359         86.2625
          0.354         3.20138           73.85
          0.356          3.0636         66.4175
          0.358         2.93571         63.9575
           0.36         2.80777         64.8875
          0.362         2.67616          65.725
          0.364         2.54487         65.2125
          0.366         2.41531          63.995
          0.368         2.28889         62.0775
           0.37           2.167          60.045
          0.372         2.04871         58.6625
          0.374         1.93235         57.6075
          0.376         1.81828           56.38
          0.378         1.70683         54.9825
           0.38         1.59835          53.275
          0.382         1.49373         51.5075
          0.384         1.39232           50.37
          0.386         1.29225           50.18
          0.388          1.1916           50.94
           0.39         1.08849         53.1345
          0.392        0.979062          56.192
          0.394        0.863722        58.02475
          0.396        0.746963        57.61125
          0.398        0.633277        54.95175
            0.4        0.527156        50.51775
          0.402        0.431206         45.8975
          0.404        0.343566        42.29425
          0.406        0.262029        39.79425
          0.408        0.184389          38.398
           0.41        0.108437       37.641075
          0.412       0.0338247          36.623
          0.414       -0.038055       35.155425
          0.416       -0.106797        33.48575
          0.418       -0.171998        31.61375
           0.42       -0.233252        29.38575
          0.422       -0.289541          26.535
          0.424       -0.339392         23.0445
          0.426       -0.381719        19.01075
          0.428       -0.415435          14.434
           0.43       -0.439455         10.3005
          0.432       -0.456637          7.8055
          0.434       -0.470677         6.27625
          0.436       -0.481742            4.83
          0.438       -0.489997         3.46675
           0.44       -0.495609          2.6025
          0.442       -0.500407          2.3985
          0.444       -0.505203           2.058
          0.446       -0.508639         1.03825
          0.448       -0.509356         -0.6605
           0.45       -0.505997        -2.40775
          0.452       -0.499725         -3.3395
          0.454       -0.492639        -3.73575
          0.456       -0.484782        -4.10975
          0.458         -0.4762        -4.46175
           0.46       -0.466935        -4.73425
          0.462       -0.457263         -4.8805
          0.464       -0.447413        -4.97575
          0.466        -0.43736        -5.08325
          0.468        -0.42708          -5.203
           0.47       -0.416548          -5.646
          0.472       -0.404496        -6.47875
          0.474       -0.390633        -7.02275
          0.476       -0.376405        -6.84425
          0.478       -0.363256          -5.943
           0.48       -0.352633        -4.55975
          0.482       -0.345017        -3.27925
          0.484       -0.339516          -2.376
          0.486       -0.335513          -1.781
          0.488       -0.332392        -1.49375
           0.49       -0.329538        -1.26025
          0.492       -0.327351        -0.84475
          0.494       -0.326159        -0.53125
          0.496       -0.325226          -0.585
          0.498       -0.323819         -1.0055
            0.5       -0.321204        -1.73275
          0.502       -0.316888         -2.5855
          0.504       -0.310862        -3.44275
          0.506       -0.303117        -4.30375
          0.508       -0.293647        -5.16825
           0.51       -0.282444        -6.18275
          0.512       -0.268916          -7.264
          0.514       -0.253388          -7.923
          0.516       -0.237224        -7.89975
          0.518       -0.221789          -7.194
           0.52       -0.208448         -6.1395
          0.522       -0.197231          -5.409
          0.524       -0.186812         -5.1775
          0.526       -0.176521        -5.28025
          0.528       -0.165691         -5.7175
           0.53       -0.153651         -6.2345
          0.532       -0.140753        -6.46625
          0.534       -0.127786        -6.50275
          0.536       -0.114742        -6.54375
          0.538       -0.101611         -6.5895
           0.54       -0.088384         -6.6188
          0.542      -0.0751358        -6.62405
          0.544      -0.0618878       -6.646375
          0.546      -0.0485503       -6.713675
          0.548      -0.0350331       -6.825925
           0.55      -0.0212466      -7.0059675
          0.552     -0.00700923      -7.2335775
          0.554      0.00768771      -7.4210075
          0.556       0.0226748      -7.5237725
          0.558       0.0377828       -7.541875
           0.56       0.0528423        -7.56755
          0.562        0.068053         -7.6862
          0.564       0.0835871       -7.795325
          0.566       0.0992343       -7.799225
          0.568        0.114784       -7.697925
           0.57        0.130026        -7.38925
          0.572        0.144341          -6.805
          0.574        0.157246         -6.0985
          0.576        0.168735          -5.389
          0.578        0.178802         -4.6765
           0.58        0.187441         -4.0445
          0.582         0.19498           -3.59
          0.584        0.201801         -3.2505
          0.586        0.207982        -2.94975
          0.588          0.2136        -2.68725
           0.59        0.218731        -2.45025
          0.592        0.223401         -2.2485
          0.594        0.227725         -2.1295
          0.596        0.231919          -2.118
          0.598        0.236197         -2.2135
            0.6        0.240773          -2.587
          0.602        0.246545          -3.208
          0.604        0.253605         -3.6055
          0.606        0.260967          -3.509
          0.608        0.267641        -2.91775
           0.61        0.272638        -1.64275
          0.612        0.274212         0.02475
          0.614        0.272539          1.1745
          0.616        0.269514          1.3775
          0.618        0.267029          0.6335
           0.62         0.26698        -0.60625
          0.622        0.269454        -1.45075
          0.624        0.272783         -1.6925
          0.626        0.276224         -1.5635
          0.628        0.279037         -1.0635
           0.63        0.280478          -0.475
          0.632        0.280937         -0.2115
          0.634        0.281324        -0.18575
          0.636         0.28168           -0.18
          0.638        0.282044        -0.19375
           0.64        0.282455         -0.2245
          0.642        0.282942           -0.26
          0.644        0.283495           -0.29
          0.646        0.284102        -0.31325
          0.648        0.284748          -0.329
           0.65        0.285418         -1.0845
          0.652        0.289086        -2.88925
          0.654        0.296975          -4.341
          0.656         0.30645        -4.47575
          0.658        0.314878          -3.294
           0.66        0.319626          -0.512
          0.662        0.316926          2.9955
          0.664        0.307644          5.2085
          0.666        0.296092         5.26625
          0.668        0.286579         3.16875
           0.67        0.283417         -0.0465
          0.672        0.286765        -2.31525
          0.674        0.292678        -3.13725
          0.676        0.299314        -3.03825
          0.678        0.304831        -2.01825
           0.68        0.307387        -0.75275
          0.682        0.307842          -0.172
          0.684        0.308075         0.01825
          0.686        0.307769           0.367
          0.688        0.306607         0.87425
           0.69        0.304272         1.37775
          0.692        0.301096         1.65575
          0.694        0.297649          1.7805
          0.696        0.293974          1.8845
          0.698        0.290111         1.96725
            0.7        0.286105          2.1335
          0.702        0.281577          2.4265
          0.704        0.276399         2.64825
          0.706        0.270984         2.66325
          0.708        0.265746          2.4715
           0.71        0.261098          1.4795
          0.712        0.259828        -0.38875
          0.714        0.262653        -1.76275
          0.716        0.266879         -1.7905
          0.718        0.269815        -0.47175
           0.72        0.268766         1.83125
          0.722         0.26249         3.94875
          0.724        0.252971          5.0335
          0.726        0.242356         5.04475
          0.728        0.232792         3.98175
           0.73        0.226429          2.4525
          0.732        0.222982         1.52325
          0.734        0.220336         1.27475
          0.736        0.217883          1.3295
          0.738        0.215018           1.687
           0.74        0.211135         2.08375
          0.742        0.206683         2.22575
          0.744        0.202232          2.3315
          0.746        0.197357         2.64875
          0.748        0.191637          3.1775
           0.75        0.184647         3.69025
          0.752        0.176876         3.88725
          0.754        0.169098            3.89
          0.756        0.161316         3.89075
          0.758        0.153535          3.8895
           0.76        0.145758          3.8875
          0.762        0.137985         3.88625
          0.764        0.130213          3.8855
          0.766        0.122443         3.88325
          0.768         0.11468         3.87975
           0.77        0.106924         3.54625
          0.772        0.100495          2.7406
          0.774       0.0959616        2.073025
          0.776       0.0922029          1.9662
          0.778       0.0880968        2.420325
           0.78       0.0825216        3.083175
          0.782       0.0757641        3.404575
          0.784       0.0689033         3.43965
          0.786       0.0620055        3.441525
          0.788       0.0551372        3.410175
           0.79       0.0483648         3.38915
          0.792       0.0415806          3.4072
          0.794        0.034736        3.398625
          0.796       0.0279861         3.31255
          0.798       0.0214858           3.149
            0.8       0.0153901       2.9100575
          0.802      0.00984557       2.6544525
          0.804      0.00477229       2.4648837
          0.806    -1.39647e-05        2.367435
          0.808     -0.00469745       2.3621113
           0.81     -0.00946241       2.4568375
          0.812      -0.0145248       2.5714975
          0.814      -0.0197484         2.56615
          0.816      -0.0247894         2.38885
          0.818      -0.0293038          2.0396
           0.82      -0.0329478         1.59395
          0.822      -0.0356796        1.221875
          0.824      -0.0378353        0.989475
          0.826      -0.0396375        0.868475
          0.828      -0.0413092        0.858825
           0.83      -0.0430728        0.910325
          0.832      -0.0449505        0.935225
          0.834      -0.0468137         0.92725
          0.836      -0.0486595        0.917725
          0.838      -0.0504846        0.906625
           0.84       -0.052286         0.81925
          0.842      -0.0537616          0.6232
          0.844      -0.0547788          0.4569
          0.846      -0.0555892          0.4163
          0.848       -0.056444         0.50135
           0.85      -0.0575946        0.939525
          0.852      -0.0602021          1.7164
          0.854      -0.0644602          2.2419
          0.856      -0.0691697         2.16775
          0.858      -0.0731312        1.493975
           0.86      -0.0751456        0.404575
          0.862      -0.0747495       -0.572975
          0.864      -0.0728537         -1.1075
          0.866      -0.0703195        -1.21135
          0.868      -0.0680083         -0.8845
           0.87      -0.0667815       -0.448075
          0.872       -0.066216       -0.289775
          0.874      -0.0656224       -0.188425
          0.876      -0.0654623        0.143775
          0.878      -0.0661975         0.70685
           0.88      -0.0682897        1.276725
          0.882      -0.0713044         1.54075
          0.884      -0.0744527        1.590175
          0.886      -0.0776651         1.60475
          0.888      -0.0808717        1.584475
           0.89       -0.084003         1.55045
          0.892      -0.0870735          1.5307
          0.894      -0.0901258         1.51465
          0.896      -0.0931321        1.484725
          0.898      -0.0960647        1.440875
            0.9      -0.0988956        1.012825
          0.902       -0.100116          0.0527
          0.904      -0.0991064       -0.736375
          0.906      -0.0971705        -0.87325
          0.908      -0.0956134        -0.35775
           0.91      -0.0957395          0.3976
          0.912      -0.0972038        0.780325
          0.914      -0.0988608          0.9028
          0.916       -0.100815          1.0773
          0.918        -0.10317         1.30425
           0.92       -0.106032           1.506
          0.922       -0.109194         1.58825
          0.924       -0.112385           1.603
          0.926       -0.115606         1.61825
          0.928       -0.118858           1.634
           0.93       -0.122142         1.66025
          0.932       -0.125499           1.697
          0.934        -0.12893          1.7215
          0.936       -0.132385         1.72025
          0.938       -0.135811         1.69275
           0.94       -0.139156           1.571
          0.942       -0.142095         1.31325
          0.944       -0.144409         1.02825
          0.946       -0.146208          0.7985
          0.948       -0.147603           0.624
           0.95       -0.148704          0.3845
          0.952       -0.149141         0.01825
          0.954       -0.148777        -0.26725
          0.956       -0.148072          -0.322
          0.958       -0.147489        -0.14625
           0.96       -0.147487          0.2835
          0.962       -0.148623          0.8075
          0.964       -0.150717         1.12475
          0.966       -0.153122         1.11975
          0.968       -0.155196         0.79275
           0.97       -0.156293           0.038
          0.972       -0.155348        -0.94575
          0.974        -0.15251          -1.598
          0.976       -0.148956        -1.66275
          0.978       -0.145859           -1.14
           0.98       -0.144396          -0.106
          0.982       -0.145435         0.93975
          0.984       -0.148155          1.4405
          0.986       -0.151197         1.26225
          0.988       -0.153204           0.405
           0.99       -0.152817        -0.60925
          0.992       -0.150767        -1.03125
          0.994       -0.148692         -1.0425
          0.996       -0.146597        -1.05175
          0.998       -0.144485        -1.05925
              1        -0.14236         -1.0675
          1.002       -0.140215        -1.07775
          1.004       -0.138049        -1.08375
          1.006        -0.13588          -1.081
          1.008       -0.133725         -1.0695
           1.01       -0.131602        -0.82325
          1.012       -0.130432        -0.24325
          1.014       -0.130629           0.254
          1.016       -0.131448         0.37875
          1.018       -0.132144          0.1315
           1.02       -0.131974        -0.51725
          1.022       -0.130075        -1.29425
          1.024       -0.126797          -1.715
          1.026       -0.123215        -1.59875
          1.028       -0.120402        -0.94525
           1.03       -0.119434         -0.0375
          1.032       -0.120252         0.59375
          1.034       -0.121809         0.86075
          1.036       -0.123695         0.92225
          1.038       -0.125498         0.77875
           1.04        -0.12681         0.53525
          1.042       -0.127639          0.3635
          1.044       -0.128264         0.26025
          1.046        -0.12868         0.15425
          1.048       -0.128881          0.0455
           1.05       -0.128862        -0.20375
          1.052       -0.128066          -0.726
          1.054       -0.125958        -1.37525
          1.056       -0.122565         -2.0115
          1.058       -0.117912         -2.6345
           1.06       -0.112027          -3.317
          1.062       -0.104644       -4.075925
          1.064      -0.0957233       -4.753725
          1.066      -0.0856291        -5.24945
          1.068      -0.0747255       -5.563075
           1.07      -0.0633768         -5.9856
          1.072      -0.0507831         -6.6924
          1.074      -0.0366072        -7.21905
          1.076      -0.0219069        -7.21679
          1.078     -0.00774004      -6.6856525
           1.08      0.00483571       -5.806785
          1.082       0.0154871      -4.8368475
          1.084       0.0241831          -3.708
          1.086       0.0303191       -2.276875
          1.088       0.0332906       -0.543425
           1.09       0.0324928        1.045625
          1.092       0.0291081         1.91755
          1.094       0.0248226        2.330125
          1.096       0.0197876         2.66705
          1.098       0.0141544        2.928315
            1.1      0.00807434         3.20587
          1.102      0.00133092          3.5222
          1.104     -0.00601446        3.681155
          1.106      -0.0133937        3.556085
          1.108      -0.0202388           3.147
           1.11      -0.0259817        2.384325
          1.112      -0.0297761        1.473425
          1.114      -0.0318754        0.896125
          1.116      -0.0333606        0.859325
          1.118      -0.0353127        1.363075
           1.12      -0.0388129        2.095325
          1.122       -0.043694        2.528575
          1.124      -0.0489272         2.65175
          1.126       -0.054301         2.66915
          1.128      -0.0596038          2.5807
           1.13      -0.0646238        2.510575
          1.132      -0.0696461        2.528225
          1.134      -0.0747367          2.4274
          1.136      -0.0793557         2.05665
          1.138      -0.0829633        1.415975
           1.14      -0.0850196        0.551075
          1.142      -0.0851676        -0.28255
          1.144      -0.0838894        -0.81595
          1.146      -0.0819038           -0.99
          1.148      -0.0799294       -0.804675
           1.15      -0.0786851       -0.478225
          1.152      -0.0780165       -0.329825
          1.154      -0.0773658       -0.292525
          1.156      -0.0768464       -0.198525
          1.158      -0.0765717         -0.0478
           1.16      -0.0766552        0.257375
          1.162      -0.0776012         0.69875
          1.164      -0.0794502         1.00455
          1.166      -0.0816194           1.019
          1.168      -0.0835262         0.74215
           1.17       -0.084588          0.3249
          1.172      -0.0848258        0.045825
          1.174      -0.0847713         -0.0546
          1.176      -0.0846074       -0.063625
          1.178      -0.0845168          0.0188
           1.18      -0.0846826          0.1395
          1.182      -0.0850748         0.22585
          1.184       -0.085586        0.301875
          1.186      -0.0862823         0.41105
          1.188      -0.0872302          0.5534
           1.19      -0.0884959        0.802675
          1.192      -0.0904409        1.158075
          1.194      -0.0931282         1.43365
          1.196      -0.0961755         1.51815
          1.198      -0.0992008        1.411625
            1.2       -0.101822         1.17505
          1.202       -0.103901           0.939
          1.204       -0.105578           0.746
          1.206       -0.106885          0.5695
          1.208       -0.107856          0.4095
           1.21       -0.108523        -0.24275
          1.212       -0.106885        -1.56175
          1.214       -0.102276       -2.538125
          1.216      -0.0967325       -2.496225
          1.218      -0.0922911          -1.436
           1.22      -0.0909885        0.192925
          1.222      -0.0930628         1.42505
          1.224      -0.0966887          1.9363
          1.226       -0.100808        1.918575
          1.228       -0.104363           1.372
           1.23       -0.106296           0.675
          1.232       -0.107063         0.38275
          1.234       -0.107827         0.38075
          1.236       -0.108586         0.37825
          1.238        -0.10934          0.3755
           1.24       -0.110088           0.375
          1.242        -0.11084         0.37725
          1.244       -0.111597         0.37525
          1.246       -0.112341         0.36525
          1.248       -0.113058         0.34725
           1.25        -0.11373         0.06325
          1.252       -0.113311         -0.6065
          1.254       -0.111304          -1.197
          1.256       -0.108523        -1.38075
          1.258       -0.105781          -1.158
           1.26       -0.103891        -0.76325
          1.262       -0.102728         -0.5665
          1.264       -0.101625          -0.535
          1.266       -0.100588       -0.500675
          1.268      -0.0996223       -0.463675
           1.27      -0.0987333         -0.3932
          1.272      -0.0980495         -0.2818
          1.274      -0.0976061       -0.195425
          1.276      -0.0972678       -0.176625
          1.278      -0.0968996       -0.225375
           1.28      -0.0963663       -0.514975
          1.282      -0.0948397         -1.0666
          1.284      -0.0920999        -1.47895
          1.286      -0.0889239        -1.50285
          1.288      -0.0860885        -1.13825
           1.29      -0.0843709       -0.207425
          1.292      -0.0852588          1.0745
          1.294      -0.0886689         1.94085
          1.296      -0.0930222          2.0176
          1.298      -0.0967393         1.30465
            1.3      -0.0982408        0.102875
          1.302      -0.0971508       -0.874975
          1.304      -0.0947409        -1.31175
          1.306      -0.0919038       -1.302175
          1.308      -0.0895322         -0.8463
           1.31      -0.0885186       -0.090025
          1.312      -0.0891721        0.565225
          1.314      -0.0907795         0.88205
          1.316      -0.0927003        0.878625
          1.318       -0.094294        0.554925
           1.32        -0.09492        -0.13705
          1.322      -0.0937458         -0.9582
          1.324      -0.0910872         -1.4298
          1.326      -0.0880266       -1.360175
          1.328      -0.0856465        -0.74935
           1.33      -0.0850292        0.245025
          1.332      -0.0866266        1.139175
          1.334      -0.0895859         1.60145
          1.336      -0.0930324        1.626375
          1.338      -0.0960914          1.2139
           1.34       -0.097888          0.6372
          1.342      -0.0986402         0.30865
          1.344      -0.0991226         0.16405
          1.346      -0.0992964        -2.5e-05
          1.348      -0.0991225         -0.1836
           1.35       -0.098562        -0.50705
          1.352      -0.0970943       -0.963025
          1.354      -0.0947099         -1.2395
          1.356      -0.0921363       -1.152225
          1.358       -0.090101        -0.70125
           1.36      -0.0893313       -0.097325
          1.362      -0.0897117        0.307125
          1.364      -0.0905598        0.510375
          1.366      -0.0917532        0.652425
          1.368      -0.0931695          0.7333
           1.37      -0.0946864        0.852375
          1.372       -0.096579        1.064075
          1.374      -0.0989427          1.2015
          1.376       -0.101385        1.143075
          1.378       -0.103515         0.88875
           1.38        -0.10494         0.34625
          1.382         -0.1049        -0.37775
          1.384       -0.103429          -0.894
          1.386       -0.101324        -1.01185
          1.388      -0.0993816       -0.731025
           1.39      -0.0983999       -0.107725
          1.392      -0.0989507        0.517775
          1.394       -0.100471        0.776075
          1.396       -0.102055         0.58175
          1.398       -0.102798          -0.065
            1.4       -0.101795       -0.795775
          1.402      -0.0996149         -1.0912
          1.404      -0.0974302       -1.093125
          1.406      -0.0952424         -1.0943
          1.408       -0.093053         -1.0948
           1.41      -0.0908632       -1.095275
          1.412      -0.0886719       -1.096225
          1.414      -0.0864783        -1.09695
          1.416      -0.0842841        -1.09675
          1.418      -0.0820913       -1.095675
           1.42      -0.0799014        -0.76365
          1.422      -0.0790367          0.0237
          1.424      -0.0799962         0.62775
          1.426      -0.0815477        0.615675
          1.428      -0.0824589       -0.012575
           1.43      -0.0814974       -0.887175
          1.432      -0.0789102       -1.391825
          1.434      -0.0759301         -1.5267
          1.436      -0.0728034       -1.538425
          1.438      -0.0697764        -1.42695
           1.44      -0.0670956       -1.274725
          1.442      -0.0646775       -1.202575
          1.444      -0.0622853       -1.185575
          1.446      -0.0599352       -1.160475
          1.448      -0.0576434        -1.12725
           1.45      -0.0554262       -1.085025
          1.452      -0.0533033        -1.02425
          1.454      -0.0513292       -0.932725
          1.456      -0.0495724       -0.806925
          1.458      -0.0481015       -0.646825
           1.46      -0.0469851       -0.398275
          1.462      -0.0465084         -0.0837
          1.464      -0.0466503          0.1279
          1.466        -0.04702          0.1441
          1.468      -0.0472267       -0.035075
           1.47      -0.0468797       -0.276025
          1.472      -0.0461226         -0.3801
          1.474      -0.0453593        -0.38325
          1.476      -0.0445896        -0.38645
          1.478      -0.0438135       -0.389725
           1.48      -0.0430307        -0.39345
          1.482      -0.0422397       -0.397675
          1.484        -0.04144         -0.4017
          1.486      -0.0406329        -0.40495
          1.488      -0.0398202       -0.407375
           1.49      -0.0390034       -0.544925
          1.492      -0.0376405       -0.861375
          1.494      -0.0355579       -1.082775
          1.496      -0.0333094        -1.02725
          1.498      -0.0314489         -0.6948
            1.5      -0.0305302        -0.18895
          1.502      -0.0306931         0.23695
          1.504       -0.031478        0.461825
          1.506      -0.0325404        0.514325
          1.508      -0.0335353          0.3944
           1.51       -0.034118        0.191775
          1.512      -0.0343024         0.06525
          1.514       -0.034379        0.028775
          1.516      -0.0344175          0.0272
          1.518      -0.0344878        0.060625
           1.52        -0.03466        0.189225
          1.522      -0.0352447         0.41065
          1.524      -0.0363026        0.570775
          1.526      -0.0375278           0.578
          1.528      -0.0386146         0.43235
           1.53      -0.0392572       -0.099575
          1.532      -0.0382163       -0.978975
          1.534      -0.0353413        -1.56425
          1.536      -0.0319593        -1.48585
          1.538      -0.0293979       -0.743775
           1.54      -0.0289842        0.174925
          1.542      -0.0300976        0.561675
          1.544      -0.0312309        0.571125
          1.546      -0.0323821        0.579575
          1.548      -0.0335492        0.586975
           1.55        -0.03473         0.59865
          1.552      -0.0359438        0.613925
          1.554      -0.0371857        0.618325
          1.556      -0.0384171        0.603475
          1.558      -0.0395996          0.5694
           1.56      -0.0406947         0.50075
          1.562      -0.0416026          0.4035
          1.564      -0.0423087        0.324925
          1.566      -0.0429023        0.291025
          1.568      -0.0434728        0.301825
           1.57      -0.0441096         0.34455
          1.572       -0.044851        0.385375
          1.574      -0.0456511        0.405325
          1.576      -0.0464723         0.40655
          1.578      -0.0472773          0.3891
           1.58      -0.0480287         0.06165
          1.582      -0.0475239         -0.6819
          1.584      -0.0453011         -1.2724
          1.586      -0.0424343       -1.325875
          1.588      -0.0399976         -0.8423
           1.59      -0.0390651           0.014
          1.592      -0.0400536        0.774675
          1.594      -0.0421638        1.147825
          1.596      -0.0446449          1.1456
          1.598      -0.0467462           0.768
            1.6      -0.0477169          0.2583
          1.602      -0.0477794         -0.0147
          1.604      -0.0476581          -0.106
          1.606      -0.0473554        -0.19615
          1.608      -0.0468735       -0.285125
           1.61      -0.0462149       -0.426425
          1.612      -0.0451678       -0.627425
          1.614      -0.0437052       -0.765325
          1.616      -0.0421065         -0.7635
          1.618      -0.0406512        -0.62195
           1.62      -0.0396187         -0.1907
          1.622      -0.0398884        0.485225
          1.624      -0.0415596        0.963175
          1.626      -0.0437411         0.99555
          1.628      -0.0455418         0.58235
           1.63      -0.0460705       -0.203375
          1.632      -0.0447283       -0.994775
          1.634      -0.0420914         -1.4242
          1.636      -0.0390315       -1.417725
          1.638      -0.0364205       -0.975325
           1.64      -0.0351302        -0.25955
          1.642      -0.0353823        0.318825
          1.644      -0.0364055        0.549925
          1.646       -0.037582          0.4722
          1.648      -0.0382943         0.08565
           1.65      -0.0379246       -0.373625
          1.652      -0.0367998       -0.565175
          1.654      -0.0356639       -0.568775
          1.656      -0.0345247         -0.5684
          1.658      -0.0333903         -0.5641
           1.66      -0.0322683         -0.5585
          1.662      -0.0311563       -0.555425
          1.664      -0.0300466       -0.554275
          1.666      -0.0289392       -0.553075
          1.668      -0.0278343         -0.5518
           1.67       -0.026732         -0.5163
          1.672      -0.0257691        -0.42045
          1.674      -0.0250502       -0.310325
          1.676      -0.0245278       -0.223975
          1.678      -0.0241543        -0.16145
           1.68       -0.023882          0.0701
          1.682      -0.0244347        0.556875
          1.684      -0.0261095          0.9462
          1.686      -0.0282195        0.992025
          1.688      -0.0300776        0.694375
           1.69       -0.030997        0.078775
          1.692      -0.0303927       -0.582475
          1.694      -0.0286671         -0.9447
          1.696      -0.0266139       -0.910025
          1.698       -0.025027        -0.47845
            1.7      -0.0247001          0.1519
          1.702      -0.0256346        0.590275
          1.704      -0.0270612        0.745875
          1.706      -0.0286181        0.720575
          1.708      -0.0299435          0.5144
           1.71      -0.0306757         0.26095
          1.712      -0.0309873         0.15295
          1.714      -0.0312875          0.1454
          1.716      -0.0315689        0.134175
          1.718      -0.0318242         0.11925
           1.72      -0.0320459         0.11295
          1.722       -0.032276         0.11985
          1.724      -0.0325253        0.115925
          1.726      -0.0327397         0.08495
          1.728      -0.0328651          0.0269
           1.73      -0.0328473       -0.054875
          1.732      -0.0326456       -0.138175
          1.734      -0.0322946         -0.1982
          1.736      -0.0318528       -0.228875
          1.738      -0.0313791       -0.230225
           1.74      -0.0309319        -0.22845
          1.742      -0.0304653       -0.250675
          1.744      -0.0299292        -0.27225
          1.746      -0.0293763         -0.2675
          1.748      -0.0288592         -0.2364
           1.75      -0.0284307        -0.04745
          1.752      -0.0286694        0.338875
          1.754      -0.0297862        0.653225
          1.756      -0.0312823          0.7181
          1.758      -0.0326586         0.53345
           1.76      -0.0334161        0.249675
          1.762      -0.0336573          0.0864
          1.764      -0.0337617        -0.00295
          1.766      -0.0336455       -0.134225
          1.768      -0.0332248       -0.307375
           1.77       -0.032416         -0.4786
          1.772      -0.0313104       -0.580375
          1.774      -0.0300945        -0.62085
          1.776       -0.028827        -0.63185
          1.778      -0.0275671       -0.613375
           1.78      -0.0263735       -0.580725
          1.782      -0.0252442       -0.552325
          1.784      -0.0241642       -0.517875
          1.786      -0.0231727         -0.4639
          1.788      -0.0223086       -0.390375
           1.79      -0.0216112       -0.069775
          1.792      -0.0220295        0.586625
          1.794      -0.0239577        1.143375
          1.796       -0.026603         1.30375
          1.798      -0.0291727         1.06775
            1.8       -0.030874        0.642175
          1.802      -0.0317414        0.352975
          1.804      -0.0322859        0.171925
          1.806      -0.0324291       -0.048275
          1.808      -0.0320928       -0.307575
           1.81      -0.0311988       -0.783675
          1.812      -0.0289581       -1.472375
          1.814      -0.0253093       -1.923225
          1.816      -0.0212652       -1.867625
          1.818      -0.0178388       -1.305525
           1.82      -0.0160431       -0.583975
          1.822      -0.0155029       -0.234275
          1.824       -0.015106        -0.18595
          1.826      -0.0147591       -0.184175
          1.828      -0.0143693       -0.228875
           1.83      -0.0138436        -0.29135
          1.832      -0.0132039         -0.3275
          1.834      -0.0125336       -0.343025
          1.836      -0.0118318       -0.359075
          1.838      -0.0110973       -0.375625
           1.84      -0.0103293        -0.53795
          1.842      -0.0089455      -0.8921825
          1.844     -0.00676057       -1.144215
          1.846     -0.00436864       -1.099185
          1.848     -0.00236383        -0.75709
           1.85     -0.00134028        -0.12924
          1.852     -0.00184687        0.552205
          1.854      -0.0035491       0.9672825
          1.856       -0.005716       1.0168775
          1.858     -0.00761661         0.70099
           1.86     -0.00851996        0.264165
          1.862     -0.00867327        0.072195
          1.864     -0.00880874        0.062385
          1.866     -0.00892281          0.0508
          1.868     -0.00901194         0.03745
           1.87     -0.00907261       0.0159275
          1.872     -0.00907565       -0.012175
          1.874     -0.00902391       -0.028455
          1.876     -0.00896183        -0.02252
          1.878     -0.00893383         0.00563
           1.88     -0.00898435       0.1891275
          1.882     -0.00969034       0.5610875
          1.884      -0.0112287         0.83834
          1.886      -0.0130437        0.837725
          1.888      -0.0145796          0.5593
           1.89      -0.0152809           0.194
          1.892      -0.0153556          0.0289
          1.894      -0.0153965         0.01715
          1.896      -0.0154242        0.015725
          1.898      -0.0154594        0.024675
            1.9      -0.0155229         0.03645
          1.902      -0.0156052        0.041525
          1.904       -0.015689        0.044575
          1.906      -0.0157835          0.0522
          1.908      -0.0158978         0.06445
           1.91      -0.0160413         0.12125
          1.912      -0.0163828        0.244975
          1.914      -0.0170212        0.369475
          1.916      -0.0178607           0.446
          1.918      -0.0188052          0.4745
           1.92      -0.0197587          0.5291
          1.922      -0.0209216          0.6596
          1.924      -0.0223971          0.7555
          1.926      -0.0239436          0.7306
          1.928      -0.0253195         0.58485
           1.93       -0.026283          0.3707
          1.932      -0.0268023         0.18525
          1.934       -0.027024        0.043075
          1.936      -0.0269746       -0.085925
          1.938      -0.0266803        -0.20175
           1.94      -0.0261676       -0.283375
          1.942      -0.0255468        -0.31405
          1.944      -0.0249114       -0.321175
          1.946      -0.0242621       -0.327975
          1.948      -0.0235995       -0.334425
           1.95      -0.0229244        -0.33795
          1.952      -0.0222477       -0.339625
          1.954      -0.0215659       -0.347325
          1.956      -0.0208584         -0.3654
          1.958      -0.0201043       -0.393875
           1.96      -0.0192829        -0.50645
          1.962      -0.0180785         -0.7266
          1.964      -0.0163765       -0.905075
          1.966      -0.0144582        -0.94285
          1.968      -0.0126051        -0.83995
           1.97      -0.0110984      -0.6794325
          1.972     -0.00988737      -0.5950725
          1.974     -0.00871811       -0.580095
          1.976     -0.00756699       -0.576925
          1.978     -0.00641041        -0.58555
           1.98     -0.00522479        -0.61423
          1.982     -0.00395349      -0.6572475
          1.984      -0.0025958      -0.6853525
          1.986     -0.00121208     -0.68328375
          1.988     0.000137335      -0.6510475
           1.99      0.00139211     -0.51064625
          1.992      0.00217992       -0.220735
          1.994      0.00227505        0.085715
          1.996      0.00183706       0.3123825
          1.998      0.00102552        0.459265
              2               0         0.25638
          2.002               0               0
          2.004               0               0
          2.006               0               0
          2.008               0               0
           2.01               0               0
          2.012               0               0
          2.014               0               0
          2.016               0               0
          2.018               0               0
           2.02               0               0
          2.022               0               0
          2.024               0               0
          2.026               0               0
          2.028               0               0
           2.03               0               0
          2.032               0               0
          2.034               0               0
          2.036               0               0
          2.038               0               0
           2.04               0               0
          2.042               0               0
          2.044               0               0
          2.046               0               0
          2.048               0               0
           2.05               0               0
          2.052               0               0
          2.054               0               0
          2.056               0               0
          2.058               0               0
           2.06               0               0
          2.062               0               0
          2.064               0               0
          2.066               0               0
          2.068               0               0
           2.07               0               0
          2.072               0               0
          2.074               0               0
          2.076               0               0
          2.078               0               0
           2.08               0               0
          2.082               0               0
          2.084               0               0
          2.086               0               0
          2.088               0               0
           2.09               0               0
          2.092               0               0
          2.094               0               0
          2.096               0               0
          2.098               0               0
            2.1               0               0
          2.102               0               0
          2.104               0               0
          2.106               0               0
          2.108               0               0
           2.11               0               0
          2.112               0               0
          2.114               0               0
          2.116               0               0
          2.118               0               0
           2.12               0               0
          2.122               0               0
          2.124               0               0
          2.126               0               0
          2.128               0               0
           2.13               0               0
          2.132               0               0
          2.134               0               0
          2.136               0               0
          2.138               0               0
           2.14               0               0
          2.142               0               0
          2.144               0               0
          2.146               0               0
          2.148               0               0
           2.15               0               0
          2.152               0               0
          2.154               0               0
          2.156               0               0
          2.158               0               0
           2.16               0               0
          2.162               0               0
          2.164               0               0
          2.166               0               0
          2.168               0               0
           2.17               0               0
          2.172               0               0
          2.174               0               0
          2.176               0               0
          2.178               0               0
           2.18               0               0
          2.182               0               0
          2.184               0               0
          2.186               0               0
          2.188               0               0
           2.19               0               0
          2.192               0               0
          2.194               0               0
          2.196               0               0
          2.198               0               0
            2.2               0               0
          2.202               0               0
          2.204               0               0
          2.206               0               0
          2.208               0               0
           2.21               0               0
          2.212               0               0
          2.214               0               0
          2.216               0               0
          2.218               0               0
           2.22               0               0
          2.222               0               0
          2.224               0               0
          2.226               0               0
          2.228               0               0
           2.23               0               0
          2.232               0               0
          2.234               0               0
          2.236               0               0
          2.238               0               0
           2.24               0               0
          2.242               0               0
          2.244               0               0
          2.246               0               0
          2.248               0               0
           2.25               0               0
          2.252               0               0
          2.254               0               0
          2.256               0               0
          2.258               0               0
           2.26               0               0
          2.262               0               0
          2.264               0               0
          2.266               0               0
          2.268               0               0
           2.27               0               0
          2.272               0               0
          2.274               0               0
          2.276               0               0
          2.278               0               0
           2.28               0               0
          2.282               0               0
          2.284               0               0
          2.286               0               0
          2.288               0               0
           2.29               0               0
          2.292               0               0
          2.294               0               0
          2.296               0               0
          2.298               0               0
            2.3               0               0
          2.302               0               0
          2.304               0               0
          2.306               0               0
          2.308               0               0
           2.31               0               0
          2.312               0               0
          2.314               0               0
          2.316               0               0
          2.318               0               0
           2.32               0               0
          2.322               0               0
          2.324               0               0
          2.326               0               0
          2.328               0               0
           2.33               0               0
          2.332               0               0
          2.334               0               0
          2.336               0               0
          2.338               0               0
           2.34               0               0
          2.342               0               0
          2.344               0               0
          2.346               0               0
          2.348               0               0
           2.35               0               0
          2.352               0               0
          2.354               0               0
          2.356               0               0
          2.358               0               0
           2.36               0               0
          2.362               0               0
          2.364               0               0
          2.366               0               0
          2.368               0               0
           2.37               0               0
          2.372               0               0
          2.374               0               0
          2.376               0               0
          2.378               0               0
           2.38               0               0
          2.382               0               0
          2.384               0               0
          2.386               0               0
          2.388               0               0
           2.39               0               0
          2.392               0               0
          2.394               0               0
          2.396               0               0
          2.398               0               0
            2.4               0               0
          2.402               0               0
          2.404               0               0
          2.406               0               0
          2.408               0               0
           2.41               0               0
          2.412               0               0
          2.414               0               0
          2.416               0               0
          2.418               0               0
           2.42               0               0
          2.422               0               0
          2.424               0               0
          2.426               0               0
          2.428               0               0
           2.43               0               0
          2.432               0               0
          2.434               0               0
          2.436               0               0
          2.438               0               0
           2.44               0               0
          2.442               0               0
          2.444               0               0
          2.446               0               0
          2.448               0               0
           2.45               0               0
          2.452               0               0
          2.454               0               0
          2.456               0               0
          2.458               0               0
           2.46               0               0
          2.462               0               0
          2.464               0               0
          2.466               0               0
          2.468               0               0
           2.47               0               0
          2.472               0               0
          2.474               0               0
          2.476               0               0
          2.478               0               0
           2.48               0               0
          2.482               0               0
          2.484               0               0
          2.486               0               0
          2.488               0               0
           2.49               0               0
          2.492               0               0
          2.494               0               0
          2.496               0               0
          2.498               0               0
            2.5               0               0
          2.502               0               0
          2.504               0               0
          2.506               0               0
          2.508               0               0
           2.51               0               0
          2.512               0               0
          2.514               0               0
          2.516               0               0
          2.518               0               0
           2.52               0               0
          2.522               0               0
          2.524               0               0
          2.526               0               0
          2.528               0               0
           2.53               0               0
          2.532               0               0
          2.534               0               0
          2.536               0               0
          2.538               0               0
           2.54               0               0
          2.542               0               0
          2.544               0               0
          2.546               0               0
          2.548               0               0
           2.55               0               0
          2.552               0               0
          2.554               0               0
          2.556               0               0
          2.558               0               0
           2.56               0               0
          2.562               0               0
          2.564               0               0
          2.566               0               0
          2.568               0               0
           2.57               0               0
          2.572               0               0
          2.574               0               0
          2.576               0               0
          2.578               0               0
           2.58               0               0
          2.582               0               0
          2.584               0               0
          2.586               0               0
          2.588               0               0
           2.59               0               0
          2.592               0               0
          2.594               0               0
          2.596               0               0
          2.598               0               0
            2.6               0               0
          2.602               0               0
          2.604               0               0
          2.606               0               0
          2.608               0               0
           2.61               0               0
          2.612               0               0
          2.614               0               0
          2.616               0               0
          2.618               0               0
           2.62               0               0
          2.622               0               0
          2.624               0               0
          2.626               0               0
          2.628               0               0
           2.63               0               0
          2.632               0               0
          2.634               0               0
          2.636               0               0
          2.638               0               0
           2.64               0               0
          2.642               0               0
          2.644               0               0
          2.646               0               0
          2.648               0               0
           2.65               0               0
          2.652               0               0
          2.654               0               0
          2.656               0               0
          2.658               0               0
           2.66               0               0
          2.662               0               0
          2.664               0               0
          2.666               0               0
          2.668               0               0
           2.67               0               0
          2.672               0               0
          2.674               0               0
          2.676               0               0
          2.678               0               0
           2.68               0               0
          2.682               0               0
          2.684               0               0
          2.686               0               0
          2.688               0               0
           2.69               0               0
          2.692               0               0
          2.694               0               0
          2.696               0               0
          2.698               0               0
            2.7               0               0
          2.702               0               0
          2.704               0               0
          2.706               0               0
          2.708               0               0
           2.71               0               0
          2.712               0               0
          2.714               0               0
          2.716               0               0
          2.718               0               0
           2.72               0               0
          2.722               0               0
          2.724               0               0
          2.726               0               0
          2.728               0               0
           2.73               0               0
          2.732               0               0
          2.734               0               0
          2.736               0               0
          2.738               0               0
           2.74               0               0
          2.742               0               0
          2.744               0               0
          2.746               0               0
          2.748               0               0
           2.75               0               0
          2.752               0               0
          2.754               0               0
          2.756               0               0
          2.758               0               0
           2.76               0               0
          2.762               0               0
          2.764               0               0
          2.766               0               0
          2.768               0               0
           2.77               0               0
          2.772               0               0
          2.774               0               0
          2.776               0               0
          2.778               0               0
           2.78               0               0
          2.782               0               0
          2.784               0               0
          2.786               0               0
          2.788               0               0
           2.79               0               0
          2.792               0               0
          2.794               0               0
          2.796               0               0
          2.798               0               0
            2.8               0               0
          2.802               0               0
          2.804               0               0
          2.806               0               0
          2.808               0               0
           2.81               0               0
          2.812               0               0
          2.814               0               0
          2.816               0               0
          2.818               0               0
           2.82               0               0
          2.822               0               0
          2.824               0               0
          2.826               0               0
          2.828               0               0
           2.83               0               0
          2.832               0               0
          2.834               0               0
          2.836               0               0
          2.838               0               0
           2.84               0               0
          2.842               0               0
          2.844               0               0
          2.846               0               0
          2.848               0               0
           2.85               0               0
          2.852               0               0
          2.854               0               0
          2.856               0               0
          2.858               0               0
           2.86               0               0
          2.862               0               0
          2.864               0               0
          2.866               0               0
          2.868               0               0
           2.87               0               0
          2.872               0               0
          2.874               0               0
          2.876               0               0
          2.878               0               0
           2.88               0               0
          2.882               0               0
          2.884               0               0
          2.886               0               0
          2.888               0               0
           2.89               0               0
          2.892               0               0
          2.894               0               0
          2.896               0               0
          2.898               0               0
            2.9               0               0
          2.902               0               0
          2.904               0               0
          2.906               0               0
          2.908               0               0
           2.91               0               0
          2.912               0               0
          2.914               0               0
          2.916               0               0
          2.918               0               0
           2.92               0               0
          2.922               0               0
          2.924               0               0
          2.926               0               0
          2.928               0               0
           2.93               0               0
          2.932               0               0
          2.934               0               0
          2.936               0               0
          2.938               0               0
           2.94               0               0
          2.942               0               0
          2.944               0               0
          2.946               0               0
          2.948               0               0
           2.95               0               0
          2.952               0               0
          2.954               0               0
          2.956               0               0
          2.958               0               0
           2.96               0               0
          2.962               0               0
          2.964               0               0
          2.966               0               0
          2.968               0               0
           2.97               0               0
          2.972               0               0
          2.974               0               0
          2.976               0               0
          2.978               0               0
           2.98               0               0
          2.982               0               0
          2.984               0               0
          2.986               0               0
          2.988               0               0
           2.99               0               0
          2.992               0               0
          2.994               0               0
          2.996               0               0
          2.998               0               0
              3               0               0
          3.002               0               0
          3.004               0               0
          3.006               0               0
          3.008               0               0
           3.01               0               0
          3.012               0               0
          3.014               0               0
          3.016               0               0
          3.018               0               0
           3.02               0               0
          3.022               0               0
          3.024               0               0
          3.026               0               0
          3.028               0               0
           3.03               0               0
          3.032               0               0
          3.034               0               0
          3.036               0               0
          3.038               0               0
           3.04               0               0
          3.042               0               0
          3.044               0               0
          3.046               0               0
          3.048               0               0
           3.05               0               0
          3.052               0               0
          3.054               0               0
          3.056               0               0
          3.058               0               0
           3.06               0               0
          3.062               0               0
          3.064               0               0
          3.066               0               0
          3.068               0               0
           3.07               0               0
          3.072               0               0
          3.074               0               0
          3.076               0               0
          3.078               0               0
           3.08               0               0
          3.082               0               0
          3.084               0               0
          3.086               0               0
          3.088               0               0
           3.09               0               0
          3.092               0               0
          3.094               0               0
          3.096               0               0
          3.098               0               0
            3.1               0               0
          3.102               0               0
          3.104               0               0
          3.106               0               0
          3.108               0               0
           3.11               0               0
          3.112               0               0
          3.114               0               0
          3.116               0               0
          3.118               0               0
           3.12               0               0
          3.122               0               0
          3.124               0               0
          3.126               0               0
          3.128               0               0
           3.13               0               0
          3.132               0               0
          3.134               0               0
          3.136               0               0
          3.138               0               0
           3.14               0               0
          3.142               0               0
          3.144               0               0
          3.146               0               0
          3.148               0               0
           3.15               0               0
          3.152               0               0
          3.154               0               0
          3.156               0               0
          3.158               0               0
           3.16               0               0
          3.162               0               0
          3.164               0               0
          3.166               0               0
          3.168               0               0
           3.17               0               0
          3.172               0               0
          3.174               0               0
          3.176               0               0
          3.178               0               0
           3.18               0               0
          3.182               0               0
          3.184               0               0
          3.186               0               0
          3.188               0               0
           3.19               0               0
          3.192               0               0
          3.194               0               0
          3.196               0               0
          3.198               0               0
            3.2               0               0
          3.202               0               0
          3.204               0               0
          3.206               0               0
          3.208               0               0
           3.21               0               0
          3.212               0               0
          3.214               0               0
          3.216               0               0
          3.218               0               0
           3.22               0               0
          3.222               0               0
          3.224               0               0
          3.226               0               0
          3.228               0               0
           3.23               0               0
          3.232               0               0
          3.234               0               0
          3.236               0               0
          3.238               0               0
           3.24               0               0
          3.242               0               0
          3.244               0               0
          3.246               0               0
          3.248               0               0
           3.25               0               0
          3.252               0               0
          3.254               0               0
          3.256               0               0
          3.258               0               0
           3.26               0               0
          3.262               0               0
          3.264               0               0
          3.266               0               0
          3.268               0               0
           3.27               0               0
          3.272               0               0
          3.274               0               0
          3.276               0               0
          3.278               0               0
           3.28               0               0
          3.282               0               0
          3.284               0               0
          3.286               0               0
          3.288               0               0
           3.29               0               0
          3.292               0               0
          3.294               0               0
          3.296               0               0
          3.298               0               0
            3.3               0               0
          3.302               0               0
          3.304               0               0
          3.306               0               0
          3.308               0               0
           3.31               0               0
          3.312               0               0
          3.314               0               0
          3.316               0               0
          3.318               0               0
           3.32               0               0
          3.322               0               0
          3.324               0               0
          3.326               0               0
          3.328               0               0
           3.33               0               0
          3.332               0               0
          3.334               0               0
          3.336               0               0
          3.338               0               0
           3.34               0               0
          3.342               0               0
          3.344               0               0
          3.346               0               0
          3.348               0               0
           3.35               0               0
          3.352               0               0
          3.354               0               0
          3.356               0               0
          3.358               0               0
           3.36               0               0
          3.362               0               0
          3.364               0               0
          3.366               0               0
          3.368               0               0
           3.37               0               0
          3.372               0               0
          3.374               0               0
          3.376               0               0
          3.378               0               0
           3.38               0               0
          3.382               0               0
          3.384               0               0
          3.386               0               0
          3.388               0               0
           3.39               0               0
          3.392               0               0
          3.394               0               0
          3.396               0               0
          3.398               0               0
            3.4               0               0
          3.402               0               0
          3.404               0               0
          3.406               0               0
          3.408               0               0
           3.41               0               0
          3.412               0               0
          3.414               0               0
          3.416               0               0
          3.418               0               0
           3.42               0               0
          3.422               0               0
          3.424               0               0
          3.426               0               0
          3.428               0               0
           3.43               0               0
          3.432               0               0
          3.434               0               0
          3.436               0               0
          3.438               0               0
           3.44               0               0
          3.442               0               0
          3.444               0               0
          3.446               0               0
          3.448               0               0
           3.45               0               0
          3.452               0               0
          3.454               0               0
          3.456               0               0
          3.458               0               0
           3.46               0               0
          3.462               0               0
          3.464               0               0
          3.466               0               0
          3.468               0               0
           3.47               0               0
          3.472               0               0
          3.474               0               0
          3.476               0               0
          3.478               0               0
           3.48               0               0
          3.482               0               0
          3.484               0               0
          3.486               0               0
          3.488               0               0
           3.49               0               0
          3.492               0               0
          3.494               0               0
          3.496               0               0
          3.498               0               0
            3.5               0               0
