          0.002        909477.4        29555984
          0.004       852284.41        27697340
          0.006       798688.04        25955577
          0.008       748462.11        24323346
           0.01       701394.66        22793759
          0.012       657287.07        21360361
          0.014       615953.21        20017103
          0.016       577218.65        18758317
          0.018       540919.94        17578690
           0.02       506903.89        16473244
          0.022       475026.97        15437315
          0.024       445154.63        14466531
          0.026       417160.84        13556795
          0.028       390927.45        12704269
           0.03       366343.76        11905354
          0.032       343306.04        11156679
          0.034       321717.05        10455085
          0.036       301485.69       9797611.6
          0.038        282526.6       9181483.4
           0.04       264759.76       8604100.8
          0.042        248110.2       8063027.2
          0.044       232507.65       7555979.3
          0.046       217886.28       7080817.4
          0.048       204184.38       6635536.3
           0.05       191344.14         6218257
          0.052       179311.35       5827218.5
          0.054       168035.26       5460770.6
          0.056       157468.27       5117367.1
          0.058       147565.79       4795558.6
           0.06       138286.04       4493987.3
          0.062       129589.84       4211380.5
          0.064       121440.52       3946545.5
          0.066       113803.66       3698364.8
          0.068       106647.06       3465791.1
           0.07       99940.498       3247842.9
          0.072       93655.685       3043600.5
          0.074       87766.096       2852202.1
          0.076       82246.876       2672839.8
          0.078       77074.737       2504756.8
           0.08       72227.849       2347243.8
          0.082       67685.761         2199636
          0.084       63429.305       2061310.7
          0.086       59440.519       1931684.1
          0.088       55702.569       1810209.1
           0.09       52199.682       1696373.1
          0.092       48917.077       1589695.7
          0.094       45840.899       1489726.8
          0.096       42958.169       1396044.5
          0.098       40256.721       1308253.5
            0.1       37725.155       1225983.3
          0.102       35352.788       1148886.6
          0.104       33129.609       1076638.3
          0.106       31046.235       1008933.3
          0.108       29093.876       945485.96
           0.11       27264.291       886028.56
          0.112       25549.761       830310.17
          0.114       23943.051       778095.66
          0.116       22437.379       729164.69
          0.118       21026.392       683310.76
           0.12       19704.136       640340.39
          0.122        18465.03       600072.23
          0.124       17303.847       562336.36
          0.126       16215.685       526973.53
          0.128       15195.953       493834.51
           0.13       14240.347       462779.46
          0.132       13344.835       433677.32
          0.134       12505.637       406405.28
          0.136       11719.214       380848.26
          0.138       10982.244       356898.41
           0.14        10291.62       334454.66
          0.142       9644.4258       313422.29
          0.144       9037.9308       293712.56
          0.146       8469.5755       275242.29
          0.148       7936.9616       257933.52
           0.15       7437.8414       241713.23
          0.152       6970.1087       226512.96
          0.154       6531.7896       212268.57
          0.156       6121.0344       198919.95
          0.158       5736.1098       186410.76
           0.16       5375.3914       174688.21
          0.162        5037.357       163702.85
          0.164         4720.58       153408.31
          0.166       4423.7237       143761.14
          0.168       4145.5354       134720.64
           0.17       3884.8412       126248.66
          0.172       3640.5408       118309.44
          0.174       3411.6034       110869.49
          0.176       3197.0628        103897.4
          0.178       2996.0138       97363.756
           0.18       2807.6078       91240.983
          0.182       2631.0499       85503.243
          0.184       2465.5949       80126.325
          0.186       2310.5446       75087.537
          0.188       2165.2447       70365.616
           0.19       2029.0821       65940.636
          0.192       1901.4822       61793.923
          0.194       1781.9064       57907.978
          0.196       1669.8502       54266.403
          0.198       1564.8408        50853.83
            0.2       1466.4349       47655.859
          0.202       1374.2174       44658.994
          0.204       1287.7989       41850.589
          0.206        1206.815       39218.792
          0.208       1130.9238       36752.497
           0.21        1059.805       34441.296
          0.212        993.1586       32275.436
          0.214       930.70328       30245.777
          0.216       872.17549       28343.755
          0.218       817.32825       26561.343
           0.22       765.93012       24891.018
          0.222       717.76418       23325.733
          0.224       672.62719       21858.881
          0.226       630.32866       20484.273
          0.228        590.6901       19196.109
           0.23       553.54422       17988.951
          0.232       518.73429       16857.706
          0.234        486.1134         15797.6
          0.236       455.54389       14804.159
          0.238       426.89677       13873.191
           0.24       400.05113       13000.768
          0.242       374.89369       12183.208
          0.244        351.3183        11417.06
          0.246       329.22545       10699.092
          0.248       308.52193       10026.274
           0.25       289.12036       9395.7658
          0.252       270.93887        8804.908
          0.254       253.90073       8251.2065
          0.256       237.93404       7732.3248
          0.258       222.97143       7246.0734
           0.26       208.94975       6790.4001
          0.262       195.80983        6363.382
          0.264       183.49622       5963.2172
          0.266       171.95696       5588.2171
          0.268       161.14335        5236.799
           0.27       151.00976         4907.48
          0.272       141.51343       4598.8704
          0.274       132.61428       4309.6679
          0.276       124.27476       4038.6521
          0.278       116.45967       3784.6792
           0.28       109.13604       3546.6776
          0.282       102.27296       3323.6428
          0.284       95.841472       3114.6337
          0.286       89.814428       2918.7683
          0.288       84.166399       2735.2199
           0.29       78.873548       2563.2141
          0.292       73.913542        2402.025
          0.294       69.265448       2250.9723
          0.296       64.909653       2109.4187
          0.298       60.827774       1976.7668
            0.3       57.002586       1852.4567
          0.302       53.417947       1735.9639
          0.304        50.05873       1626.7969
          0.306       46.910759       1524.4949
          0.308        43.96075       1428.6262
           0.31       41.196254       1338.7862
          0.312       38.605605       1254.5959
          0.314       36.177871          1175.7
          0.316       33.902805       1101.7654
          0.318       31.770809       1032.4803
           0.32       29.772884       967.55223
          0.322         27.9006        1066.996
          0.324         25.5049        1145.825
          0.326         23.3173        1013.775
          0.328         21.4498         825.775
           0.33         20.0142         652.475
          0.332         18.8399          574.25
          0.334         17.7172          535.15
          0.336         16.6993          469.35
          0.338         15.8398         376.875
           0.34         15.1918          285.95
          0.342          14.696         238.475
          0.344         14.2379         227.025
          0.346         13.7879         230.425
          0.348         13.3162          248.65
           0.35         12.7933           278.3
          0.352          12.203           304.9
          0.354         11.5737           314.9
          0.356         10.9434             306
          0.358         10.3497        278.2225
           0.36         9.83051          241.79
          0.362         9.38254         214.225
          0.364         8.97361        196.1425
          0.366         8.59797          180.93
          0.368         8.24989         168.585
           0.37         7.92363          160.74
          0.372         7.60693          157.38
          0.374         7.29411          154.41
          0.376         6.98929         149.385
          0.378         6.69657           142.3
           0.38         6.42009          135.15
          0.382         6.15597        130.2925
          0.384         5.89892         126.285
          0.386         5.65083        121.3225
          0.388         5.41363        115.3975
           0.39         5.18924         109.445
          0.392         4.97585          104.65
          0.394         4.77064        100.4725
          0.396         4.57396         96.1125
          0.398         4.38619          91.565
            0.4          4.2077         87.6475
          0.402          4.0356           84.78
          0.404         3.86858          81.555
          0.406         3.70938           76.97
          0.408          3.5607         71.0225
           0.41         3.42529          65.405
          0.412         3.29908           62.22
          0.414         3.17641          60.355
          0.416         3.05766          58.305
          0.418         2.94319          56.075
           0.42         2.83336         54.2025
          0.422         2.72638         53.2775
          0.424         2.62025         52.8425
          0.426         2.51501         52.3825
          0.428         2.41072           51.89
           0.43         2.30745         51.7975
          0.432         2.20353           51.99
          0.434         2.09949          51.225
          0.436         1.99863         48.8075
          0.438         1.90426         44.7375
           0.44         1.81968           40.07
          0.442         1.74398           36.66
          0.444         1.67304         34.6575
          0.446         1.60535         33.4175
          0.448         1.53937         32.9425
           0.45         1.47358          32.985
          0.452         1.40743          33.025
          0.454         1.34148         32.8875
          0.456         1.27588          32.675
          0.458         1.21078          32.385
           0.46         1.14634         31.9775
          0.462         1.08287         31.2975
          0.464         1.02115         30.2245
          0.466        0.961972        28.75475
          0.468        0.906131        26.88575
           0.47        0.854429          24.834
          0.472        0.806795          23.058
          0.474        0.762197          21.701
          0.476        0.719991        20.66625
          0.478        0.679532          19.954
           0.48        0.640175          19.619
          0.482        0.601056         19.5205
          0.484        0.562093        19.30925
          0.486        0.523819        18.83175
          0.488        0.486766        18.08825
           0.49        0.451466          17.295
          0.492        0.417586          16.764
          0.494         0.38441        16.42225
          0.496        0.351897         16.1015
          0.498        0.320004         15.8015
            0.5        0.288691        15.52075
          0.502        0.257921        15.27075
          0.504        0.227608        15.07075
          0.506        0.197638        14.92825
          0.508        0.167895        14.84325
           0.51        0.138265        15.02525
          0.512        0.107794        15.31075
          0.514        0.077022       14.931325
          0.516       0.0480687         13.4916
          0.518       0.0230556        10.99131
           0.52      0.00410346       8.2629375
          0.522     -0.00999615        6.625215
          0.524      -0.0223974       5.9753375
          0.526      -0.0338975        5.724125
          0.528      -0.0452939        5.871575
           0.53      -0.0573838        6.337075
          0.532      -0.0706422        6.788725
          0.534      -0.0845387         6.93025
          0.536      -0.0983632        6.716575
          0.538       -0.111405         6.14795
           0.54       -0.122955         4.34375
          0.542        -0.12878          1.1155
          0.544       -0.127417        -1.61725
          0.546       -0.122311         -2.6275
          0.548       -0.116907        -1.91525
           0.55        -0.11465         0.04525
          0.552       -0.117088           1.802
          0.554       -0.121858          2.3625
          0.556       -0.126538          1.7125
          0.558       -0.128708        -0.14825
           0.56       -0.125945        -2.63075
          0.562       -0.118185        -4.52025
          0.564       -0.107864       -5.467625
          0.566      -0.0963145         -5.7492
          0.568      -0.0848672       -5.365075
           0.57      -0.0748542       -4.686725
          0.572      -0.0661203         -4.3069
          0.574      -0.0576266       -4.185325
          0.576       -0.049379       -4.060775
          0.578      -0.0413835        -3.93325
           0.58       -0.033646        -3.14265
          0.582      -0.0288129        -1.47625
          0.584       -0.027741         -0.2654
          0.586      -0.0277513       -0.393975
          0.588      -0.0261651         -1.8619
           0.59      -0.0203037        -4.77784
          0.592     -0.00705374        -8.17165
          0.594       0.0123829       -10.31661
          0.596       0.0342127      -10.564775
          0.598        0.054642       -8.916125
            0.6       0.0698772         -6.3768
          0.602       0.0801492       -4.784275
          0.604       0.0890143         -4.3795
          0.606       0.0976672       -4.572175
          0.608        0.107303        -5.36195
           0.61        0.119115          -6.287
          0.612        0.132451           -6.68
          0.614        0.145835        -6.69625
          0.616        0.159236        -6.69625
          0.618         0.17262        -6.67925
           0.62        0.185953          -6.632
          0.622        0.199148        -6.56775
          0.624        0.212224          -6.539
          0.626        0.225304          -6.573
          0.628        0.238516        -6.66975
           0.63        0.251983        -7.17825
          0.632        0.267229         -8.2305
          0.634        0.284905          -9.149
          0.636        0.303825        -9.47475
          0.638        0.322804          -9.208
           0.64        0.340657        -8.54625
          0.642        0.356989        -7.98975
          0.644        0.372616          -7.797
          0.646        0.388177        -7.92325
          0.648        0.404309        -8.36825
           0.65         0.42165         -9.0655
          0.652        0.440571        -9.74175
          0.654        0.460617       -10.15325
          0.656        0.481184       -10.26225
          0.658        0.501666       -10.06825
           0.66        0.521457        -9.73325
          0.662        0.540599         -9.5105
          0.664        0.559499         -9.3755
          0.666        0.578101        -9.21225
          0.668        0.596348          -9.021
           0.67        0.614185        -8.70175
          0.672        0.631155          -8.188
          0.674        0.646937        -7.62975
          0.676        0.661674        -7.14275
          0.678        0.675508         -6.7275
           0.68        0.688584        -6.24475
          0.682        0.700487        -5.64075
          0.684        0.711147        -5.18325
          0.686         0.72122          -5.054
          0.688        0.731363        -5.25325
           0.69        0.742233        -6.03925
          0.692         0.75552         -7.2395
          0.694        0.771191          -7.948
          0.696        0.787312        -7.68975
          0.698         0.80195        -6.46475
            0.7        0.813171        -3.91225
          0.702        0.817599        -0.58375
          0.704        0.815506           1.792
          0.706        0.810431         2.39775
          0.708        0.805915          1.2335
           0.71        0.805497        -0.99525
          0.712        0.809896          -2.717
          0.714        0.816365         -3.3385
          0.716         0.82325        -3.13225
          0.718        0.828894         -2.0985
           0.72        0.831644        -0.32175
          0.722        0.830181          1.4975
          0.724        0.825654            2.52
          0.726        0.820101         2.52325
          0.728        0.815561          1.5065
           0.73        0.814075         -0.0775
          0.732        0.815871          -1.277
          0.734        0.819183        -1.79725
          0.736         0.82306         -1.8415
          0.738        0.826549         -1.4095
           0.74        0.828698        -0.85725
          0.742        0.829978        -0.53025
          0.744        0.830819          -0.057
          0.746        0.830206         0.92425
          0.748        0.827122           2.413
           0.75        0.820554         4.14775
          0.752        0.810531           5.513
          0.754        0.798502         6.23825
          0.756        0.785578          6.4085
          0.758        0.772868          6.0235
           0.76        0.761484          5.3175
          0.762        0.751598           4.797
          0.764        0.742296         4.63575
          0.766        0.733055         4.73525
          0.768        0.723355         5.09475
           0.77        0.712676            5.85
          0.772        0.699955          6.8305
          0.774        0.685354          7.4435
          0.776        0.670181         7.40225
          0.778        0.655745           6.706
           0.78        0.643357         5.80425
          0.782        0.632528          5.3735
          0.784        0.621863          5.3025
          0.786        0.611318         5.25475
          0.788        0.600844          5.2305
           0.79        0.590396           5.155
          0.792        0.580224               5
          0.794        0.570396           4.908
          0.796        0.560592           4.976
          0.798        0.550492          5.2035
            0.8        0.539778          6.1305
          0.802         0.52597         7.90025
          0.804        0.508177           9.377
          0.806        0.488462          9.8225
          0.808        0.468887          9.2365
           0.81        0.451516         8.27925
          0.812         0.43577         7.86525
          0.814        0.420055         7.71525
          0.816        0.404909         7.29575
          0.818        0.390872          6.6065
           0.82        0.378483           5.923
          0.822         0.36718         5.61525
          0.824        0.356022           5.549
          0.826        0.344984         5.49525
          0.828        0.334041         5.45475
           0.83        0.323165           5.428
          0.832        0.312329          5.4095
          0.834        0.301527          5.3915
          0.836        0.290763         5.37125
          0.838        0.280042           5.349
           0.84        0.269367         5.35325
          0.842        0.258629         5.32025
          0.844        0.248086           5.085
          0.846        0.238289         4.57375
          0.848        0.229791         3.78625
           0.85        0.223144         3.03075
          0.852        0.217668         2.71225
          0.854        0.212295          2.6685
          0.856        0.206994          2.6395
          0.858        0.201737           2.625
           0.86        0.196494           2.622
          0.862        0.191249          2.6225
          0.864        0.186004          2.6225
          0.866        0.180759          2.6225
          0.868        0.175514         2.62275
           0.87        0.170268           2.624
          0.872        0.165018         2.62625
          0.874        0.159763         2.62825
          0.876        0.154505          2.6295
          0.878        0.149245         2.62975
           0.88        0.143986         2.68675
          0.882        0.138498           2.824
          0.884         0.13269           2.931
          0.886        0.126774         2.93225
          0.888        0.120961         2.82825
           0.89        0.115461         2.50125
          0.892        0.110956           1.967
          0.894        0.107593           1.544
          0.896         0.10478          1.4165
          0.898        0.101927         1.58455
            0.9       0.0984418        2.106725
          0.902       0.0935001         2.77405
          0.904       0.0873456         3.12765
          0.906       0.0809895          2.9756
          0.908       0.0754432        2.317875
           0.91        0.071718         1.28905
          0.912        0.070287        0.336525
          0.914       0.0703719       -0.205075
          0.916       0.0711073       -0.313925
          0.918       0.0716276            0.01
           0.92       0.0710673        0.509675
          0.922       0.0695889        0.777975
          0.924       0.0679554        0.846875
          0.926       0.0662014        0.898375
          0.928       0.0643619         0.93245
           0.93       0.0624716        1.111625
          0.932       0.0599154         1.50015
          0.934        0.056471        1.788425
          0.936       0.0527617         1.76495
          0.938       0.0494112         1.42975
           0.94       0.0470427         -0.0563
          0.942       0.0496364       -2.799325
          0.944         0.05824       -4.860525
          0.946       0.0690785       -5.034275
          0.948       0.0783771         -3.3206
           0.95       0.0823609       -0.820575
          0.952       0.0816594        0.614775
          0.954       0.0799018        0.961525
          0.956       0.0778133        0.945725
          0.958       0.0761189        0.567375
           0.96       0.0755438        0.095525
          0.962       0.0757368       -0.112575
          0.964       0.0759941       -0.193725
          0.966       0.0765117       -0.372875
          0.968       0.0774856       -0.650075
           0.97        0.079112       -1.058875
          0.972       0.0817211       -1.516375
          0.974       0.0851775       -1.814275
          0.976       0.0889782       -1.860725
          0.978       0.0926204       -1.655725
           0.98       0.0956011        -1.33005
          0.982       0.0979406        -1.07285
          0.984       0.0998925        -0.84085
          0.986        0.101304       -0.532875
          0.988        0.102024         -0.1485
           0.99        0.101898         0.40275
          0.992        0.100413         1.06495
          0.994       0.0976382        1.528825
          0.996       0.0942977         1.63055
          0.998        0.091116        1.370025
              1       0.0888176        0.940225
          1.002       0.0873551         0.63245
          1.004       0.0862878        0.401225
          1.006       0.0857502        0.102775
          1.008       0.0858767       -0.262825
           1.01       0.0868015       -0.951575
          1.012        0.089683        -1.96495
          1.014       0.0946613        -2.66525
          1.016        0.100344       -2.669675
          1.018         0.10534          -1.978
           1.02        0.108256        -1.04775
          1.022        0.109531          -0.565
          1.024        0.110516        -0.41325
          1.026        0.111184        -0.24825
          1.028        0.111509         -0.0705
           1.03        0.111466          0.0785
          1.032        0.111195         0.16275
          1.034        0.110815         0.23275
          1.036        0.110264           0.334
          1.038        0.109479         0.46625
           1.04        0.108399         0.70925
          1.042        0.106642          1.0515
          1.044        0.104193         1.27725
          1.046        0.101533          1.2623
          1.048       0.0991438         1.00655
           1.05       0.0975068         0.63495
          1.052        0.096604        0.364275
          1.054       0.0960497        0.207625
          1.056       0.0957735         0.08605
          1.058       0.0957055        -0.00045
           1.06       0.0957753       -0.147225
          1.062       0.0962944         -0.3921
          1.064       0.0973437       -0.553325
          1.066       0.0985077       -0.506725
          1.068       0.0993706       -0.252275
           1.07       0.0995168          0.1592
          1.072       0.0987338          0.5702
          1.074        0.097236        0.871425
          1.076       0.0952481        1.060175
          1.078       0.0929953        1.136475
           1.08       0.0907022         1.27675
          1.082       0.0878883        1.597475
          1.084       0.0843123        1.832475
          1.086       0.0805584        1.775375
          1.088       0.0772108        1.426175
           1.09       0.0748537          0.5754
          1.092       0.0749092        -0.62945
          1.094       0.0773715       -1.443375
          1.096       0.0806827         -1.4783
          1.098       0.0832847       -0.734225
            1.1       0.0836196         0.26155
          1.102       0.0822385          0.7129
          1.104        0.080768        0.743775
          1.106       0.0792634        0.746975
          1.108       0.0777801          0.7225
           1.11       0.0763734        0.686175
          1.112       0.0750354        0.660425
          1.114       0.0737317        0.639475
          1.116       0.0724775         0.61085
          1.118       0.0712883        0.574525
           1.12       0.0701794         0.18135
          1.122       0.0705629         -0.7241
          1.124       0.0730758       -1.502025
          1.126        0.076571        -1.70645
          1.128       0.0799016       -1.337375
           1.13       0.0819205       -0.333075
          1.132       0.0812339        0.896675
          1.134       0.0783338         1.58285
          1.136       0.0749025        1.427925
          1.138       0.0726221         0.43195
           1.14       0.0731747        -1.11805
          1.142       0.0770943       -2.451325
          1.144         0.08298       -3.129375
          1.146       0.0896118       -3.197425
          1.148       0.0957697        -2.65555
           1.15        0.100234       -1.908325
          1.152        0.103403          -1.546
          1.154        0.106418          -1.443
          1.156        0.109175        -1.28775
          1.158        0.111569           -1.08
           1.16        0.113495           -0.91
          1.162        0.115209         -0.8305
          1.164        0.116817          -0.694
          1.166        0.117985        -0.39125
          1.168        0.118382          0.0775
           1.17        0.117675           0.524
          1.172        0.116286         0.70275
          1.174        0.114864         0.71775
          1.176        0.113415          0.7295
          1.178        0.111946           0.738
           1.18        0.110463           0.742
          1.182        0.108978         0.74275
          1.184        0.107492           0.745
          1.186        0.105998           0.751
          1.188        0.104488         0.76075
           1.19        0.102955          0.8245
          1.192         0.10119          0.9692
          1.194       0.0990782        1.110525
          1.196       0.0967479         1.18735
          1.198       0.0943288         1.19935
            1.2       0.0919505          1.3188
          1.202       0.0890536          1.6307
          1.204       0.0854277        1.832025
          1.206       0.0817255           1.707
          1.208       0.0785997        1.255625
           1.21        0.076703        0.477175
          1.212        0.076691        -0.38325
          1.214        0.078236       -0.956175
          1.216       0.0805157        -1.11795
          1.218       0.0827078         -0.8686
           1.22       0.0839901        -0.46255
          1.222        0.084558        -0.27885
          1.224       0.0851055        -0.25015
          1.226       0.0855586        -0.18445
          1.228       0.0858433       -0.081725
           1.23       0.0858855          0.0573
          1.232       0.0856141        0.196875
          1.234        0.085098          0.2853
          1.236       0.0844729        0.305875
          1.238       0.0838745         0.25855
           1.24       0.0834387        0.100725
          1.242       0.0834716       -0.136075
          1.244        0.083983        -0.29805
          1.246       0.0846638       -0.305525
          1.248       0.0852051        -0.15855
           1.25        0.085298          0.3819
          1.252       0.0836775        1.290725
          1.254       0.0801351          1.9328
          1.256       0.0759463        1.937125
          1.258       0.0723866          1.3037
           1.26       0.0707315        0.327225
          1.262       0.0710777       -0.387625
          1.264        0.072282       -0.670375
          1.266       0.0737592         -0.6606
          1.268       0.0749244        -0.35835
           1.27       0.0751926          0.0369
          1.272       0.0747768         0.22755
          1.274       0.0742824        0.265975
          1.276       0.0737129        0.302675
          1.278       0.0730717        0.337575
           1.28       0.0723626          0.4166
          1.282       0.0714053        0.552325
          1.284       0.0701533        0.648675
          1.286       0.0688106        0.643025
          1.288       0.0675812        0.535325
           1.29       0.0666693          0.0372
          1.292       0.0674324       -0.885325
          1.294       0.0702106         -1.5624
          1.296        0.073682       -1.578525
          1.298       0.0765247       -0.933625
            1.3       0.0774165         0.01495
          1.302       0.0764649         0.62795
          1.304       0.0749047        0.839925
          1.306       0.0731052        0.867275
          1.308       0.0714356         0.71005
           1.31        0.070265         0.43335
          1.312       0.0697022        0.198525
          1.314       0.0694709          0.0848
          1.316        0.069363         0.07515
          1.318       0.0691703        0.169525
           1.32       0.0686849        0.593725
          1.322       0.0667954         1.35895
          1.324       0.0632491        1.917475
          1.326       0.0591255        1.936175
          1.328       0.0555044          1.4151
           1.33       0.0534651          0.1571
          1.332        0.054876        -1.51135
          1.334       0.0595105       -2.607525
          1.336       0.0653061       -2.672475
          1.338       0.0702004       -1.706175
           1.34       0.0721308       -0.147975
          1.342       0.0707923        1.037925
          1.344       0.0679791        1.503775
          1.346       0.0647772         1.42655
          1.348       0.0622729        0.806175
           1.35       0.0615525        0.041525
          1.352       0.0621068        -0.30995
          1.354       0.0627923       -0.409225
          1.356       0.0637437       -0.575875
          1.358       0.0650958       -0.809925
           1.36       0.0669834         -1.0271
          1.362       0.0692042       -1.120775
          1.364       0.0714665       -1.141825
          1.366       0.0737715       -1.163475
          1.368       0.0761204        -1.18565
           1.37       0.0785141       -1.240575
          1.372       0.0810827       -1.332025
          1.374       0.0838422        -1.38495
          1.376       0.0866225        -1.35285
          1.378       0.0892536         -1.2357
           1.38       0.0915653         -0.9258
          1.382       0.0929568        -0.43855
          1.384       0.0933195         -0.0662
          1.386       0.0932216        0.022025
          1.388       0.0932314         -0.1739
           1.39       0.0939172        -0.48765
          1.392        0.095182       -0.656125
          1.394       0.0965417       -0.700525
          1.396       0.0979841        -0.73885
          1.398       0.0994971       -0.771225
            1.4        0.101069       -0.853975
          1.402        0.102913        -1.00675
          1.404        0.105096          -1.118
          1.406        0.107385         -1.1125
          1.408        0.109546        -0.99025
           1.41        0.111346        -0.59725
          1.412        0.111935         0.05075
          1.414        0.111143         0.54375
          1.416         0.10976         0.64175
          1.418        0.108576         0.34525
           1.42        0.108379         -0.3005
          1.422        0.109778        -0.98125
          1.424        0.112304        -1.33875
          1.426        0.115133        -1.28425
          1.428        0.117441         -0.8175
           1.43        0.118403          -0.062
          1.432        0.117689           0.606
          1.434        0.115979         0.92975
          1.436         0.11397           0.905
          1.438        0.112359         0.53225
           1.44        0.111841         0.03975
          1.442          0.1122        -0.21225
          1.444         0.11269         -0.2525
          1.446         0.11321        -0.24275
          1.448        0.113661         -0.1825
           1.45         0.11394        -0.08725
          1.452         0.11401         -0.0085
          1.454        0.113974         0.01625
          1.456        0.113945         -0.0155
          1.458        0.114036          -0.104
           1.46        0.114361         -0.2135
          1.462         0.11489        -0.28225
          1.464         0.11549        -0.30875
          1.466        0.116125        -0.31625
          1.468        0.116755        -0.30475
           1.47        0.117344        -0.28275
          1.472        0.117886        -0.26525
          1.474        0.118405          -0.254
          1.476        0.118902        -0.24275
          1.478        0.119376          -0.232
           1.48         0.11983         -0.1565
          1.482        0.120002         0.01325
          1.484        0.119777           0.159
          1.486        0.119366          0.1985
          1.488        0.118983         0.13175
           1.49        0.118839         -0.0865
          1.492        0.119329          -0.402
          1.494        0.120447        -0.61825
          1.496        0.121802           -0.64
          1.498        0.123007         -0.4675
            1.5        0.123672         0.03675
          1.502         0.12286          0.7705
          1.504         0.12059         1.23825
          1.506        0.117907         1.18425
          1.508        0.115853         0.60825
           1.51        0.115474        -0.15725
          1.512        0.116482          -0.591
          1.514        0.117838        -0.74225
          1.516        0.119451        -0.84825
          1.518        0.121231         -0.9095
           1.52        0.123089        -1.00125
          1.522        0.125236        -1.16475
          1.524        0.127748        -1.27375
          1.526        0.130331        -1.23525
          1.528        0.132689        -1.04975
           1.53         0.13453          -0.456
          1.532        0.134513           0.537
          1.534        0.132382           1.263
          1.536        0.129461         1.32575
          1.538        0.127079           0.725
           1.54        0.126561          -0.153
          1.542        0.127691          -0.657
          1.544        0.129189        -0.77425
          1.546        0.130788        -0.75775
          1.548         0.13222        -0.60725
           1.55        0.133217          -0.419
          1.552        0.133896         -0.3305
          1.554        0.134539          -0.309
          1.556        0.135132        -0.28075
          1.558        0.135662        -0.24575
           1.56        0.136115          -0.162
          1.562         0.13631          -0.027
          1.564        0.136223          0.0595
          1.566        0.136072         0.03675
          1.568        0.136076         -0.0955
           1.57        0.136454          -0.356
          1.572          0.1375          -0.672
          1.574        0.139142        -0.88625
          1.576        0.141045         -0.9335
          1.578        0.142876        -0.81375
           1.58          0.1443        -0.63925
          1.582        0.145433         -0.5535
          1.584        0.146514           -0.49
          1.586        0.147393         -0.3525
          1.588        0.147924        -0.14075
           1.59        0.147956         0.08775
          1.592        0.147573           0.233
          1.594        0.147024         0.28925
          1.596        0.146416           0.293
          1.598        0.145852          0.2445
            1.6        0.145438          0.1795
          1.602        0.145134           0.152
          1.604         0.14483         0.15175
          1.606        0.144527         0.15175
          1.608        0.144223           0.152
           1.61        0.143919           0.152
          1.612        0.143615         0.15225
          1.614         0.14331         0.15225
          1.616        0.143006         0.15225
          1.618        0.142701         0.15225
           1.62        0.142397          0.0145
          1.622        0.142643        -0.32425
          1.624        0.143694        -0.61525
          1.626        0.145104        -0.68425
          1.628        0.146431          -0.532
           1.63        0.147232        -0.22875
          1.632        0.147346           0.034
          1.634        0.147096         0.14575
          1.636        0.146763          0.1165
          1.638         0.14663          -0.054
           1.64        0.146979         -0.2855
          1.642        0.147772         -0.4365
          1.644        0.148725        -0.49175
          1.646        0.149739         -0.4985
          1.648        0.150719         -0.4575
           1.65        0.151569         -0.3985
          1.652        0.152313         -0.3615
          1.654        0.153015        -0.33175
          1.656         0.15364          -0.285
          1.658        0.154155         -0.2215
           1.66        0.154526          -0.117
          1.662        0.154623         0.03125
          1.664        0.154401         0.16825
          1.666         0.15395          0.2605
          1.668        0.153359          0.3075
           1.67         0.15272         0.39125
          1.672        0.151794         0.55775
          1.674        0.150489           0.669
          1.676        0.149118           0.624
          1.678        0.147993           0.423
           1.68        0.147426          0.1365
          1.682        0.147447          -0.093
          1.684        0.147798        -0.22675
          1.686        0.148354        -0.29925
          1.688        0.148995        -0.31075
           1.69        0.149597        -0.33875
          1.692         0.15035        -0.44825
          1.694         0.15139        -0.54175
          1.696        0.152517        -0.53525
          1.698        0.153531        -0.42875
            1.7        0.154232         0.30375
          1.702        0.152316          1.8005
          1.704         0.14703          2.9525
          1.706        0.140506         3.03925
          1.708        0.134873          2.0615
           1.71         0.13226          0.5735
          1.712        0.132579          -0.404
          1.714        0.133876          -0.728
          1.716        0.135491        -0.72125
          1.718        0.136761         -0.3835
           1.72        0.137025         0.04975
          1.722        0.136562           0.251
          1.724        0.136021         0.31725
          1.726        0.135293         0.43725
          1.728        0.134272         0.61075
           1.73         0.13285          0.8705
          1.732         0.13079            1.16
          1.734         0.12821         1.31525
          1.736        0.125529          1.2595
          1.738        0.123172         0.99275
           1.74        0.121558         0.67125
          1.742        0.120487           0.521
          1.744        0.119474           0.492
          1.746        0.118519          0.4625
          1.748        0.117624         0.43225
           1.75         0.11679         0.40775
          1.752        0.115993         0.39475
          1.754        0.115211         0.38825
          1.756         0.11444          0.3835
          1.758        0.113677            0.38
           1.76         0.11292         0.34525
          1.762        0.112296         0.26725
          1.764        0.111851         0.20725
          1.766        0.111467         0.20725
          1.768        0.111022          0.2675
           1.77        0.110397          0.5945
          1.772        0.108644         1.23275
          1.774        0.105466         1.72975
          1.776        0.101725          1.7966
          1.778       0.0982796        1.433975
           1.78       0.0959891         0.82605
          1.782       0.0949754          0.3622
          1.784       0.0945403        0.165575
          1.786       0.0943131        0.154275
          1.788       0.0939232        0.328275
           1.79           0.093          0.6461
          1.792       0.0913388          0.9495
          1.794        0.089202        1.104675
          1.796       0.0869201        1.094575
          1.798       0.0848237        0.919225
            1.8       0.0832432          0.5126
          1.802       0.0827733       -0.015575
          1.804       0.0833055       -0.335475
          1.806       0.0841152       -0.293125
          1.808        0.084478         0.11145
           1.81       0.0836694          0.6967
          1.812       0.0816912         1.10745
          1.814       0.0792396        1.264975
          1.816       0.0766313          1.2641
          1.818       0.0741832         1.10485
           1.82       0.0722119        0.898525
          1.822       0.0705891        0.804775
          1.824       0.0689928        0.784725
          1.826       0.0674502        0.751125
          1.828       0.0659883        0.704025
           1.83       0.0646341         0.64935
          1.832       0.0633909          0.6008
          1.834       0.0622309        0.564175
          1.836       0.0611342          0.5374
          1.838       0.0600813          0.5205
           1.84       0.0590522        0.453225
          1.842       0.0582684        0.306325
          1.844       0.0578269         0.18665
          1.846       0.0575218        0.169925
          1.848       0.0571472        0.256175
           1.85       0.0564971        0.668125
          1.852       0.0544747         1.39575
          1.854       0.0509141        1.867125
          1.856       0.0470062        1.743025
          1.858        0.043942        1.023475
           1.86       0.0429123         0.14465
          1.862       0.0433634       -0.250175
          1.864        0.043913       -0.286425
          1.866       0.0445091        -0.29665
          1.868       0.0450996        -0.28085
           1.87       0.0456325       -0.253925
          1.872       0.0461153       -0.237625
          1.874        0.046583         -0.2273
          1.876       0.0470245         -0.2115
          1.878        0.047429       -0.190225
           1.88       0.0477854        0.209825
          1.882       0.0465897        1.133725
          1.884       0.0432505          1.8659
          1.886       0.0391261        1.918875
          1.888        0.035575         1.29265
           1.89       0.0339555        0.341125
          1.892       0.0342105       -0.285675
          1.894       0.0350982        -0.49725
          1.896       0.0361995         -0.4993
          1.898       0.0370954       -0.291875
            1.9        0.037367       -0.016075
          1.902       0.0371597         0.12235
          1.904       0.0368776        0.167425
          1.906         0.03649          0.2279
          1.908        0.035966          0.3038
           1.91       0.0352748         0.46885
          1.912       0.0340906        0.721125
          1.914       0.0323903         0.87345
          1.916       0.0305968          0.8143
          1.918       0.0291331         0.54365
           1.92       0.0284222        0.156325
          1.922       0.0285078       -0.141575
          1.924       0.0289885       -0.278025
          1.926       0.0296199       -0.292225
          1.928       0.0301574       -0.184175
           1.93       0.0303566         -0.0322
          1.932       0.0302862          0.0415
          1.934       0.0301906          0.0493
          1.936        0.030089         0.04755
          1.938       0.0300004        0.036225
           1.94       0.0299441          0.0138
          1.942       0.0299452        -0.01305
          1.944       0.0299963       -0.030725
          1.946       0.0300681         -0.0337
          1.948       0.0301311       -0.021925
           1.95       0.0301558        0.041975
          1.952       0.0299632          0.1777
          1.954        0.029445        0.321325
          1.956       0.0286779        0.426625
          1.958       0.0277385        0.493575
           1.96       0.0267036          0.7323
          1.962       0.0248093          1.2302
          1.964       0.0217828        1.592975
          1.966       0.0184374        1.549125
          1.968       0.0155863        1.098625
           1.97       0.0140429         0.42395
          1.972       0.0138905       -0.092075
          1.974       0.0144112       -0.331425
          1.976       0.0152162        -0.37635
          1.978       0.0159166       -0.226825
           1.98       0.0161235        0.000675
          1.982       0.0159139        0.135375
          1.984        0.015582          0.2122
          1.986       0.0150651          0.3204
          1.988       0.0143004            0.46
           1.99       0.0132251        0.665825
          1.992       0.0116371       0.9477675
          1.994      0.00943403         1.23367
          1.996      0.00670242       1.4762875
          1.998      0.00352888        1.675605
              2               0         0.88222
          2.002               0               0
          2.004               0               0
          2.006               0               0
          2.008               0               0
           2.01               0               0
          2.012               0               0
          2.014               0               0
          2.016               0               0
          2.018               0               0
           2.02               0               0
          2.022               0               0
          2.024               0               0
          2.026               0               0
          2.028               0               0
           2.03               0               0
          2.032               0               0
          2.034               0               0
          2.036               0               0
          2.038               0               0
           2.04               0               0
          2.042               0               0
          2.044               0               0
          2.046               0               0
          2.048               0               0
           2.05               0               0
          2.052               0               0
          2.054               0               0
          2.056               0               0
          2.058               0               0
           2.06               0               0
          2.062               0               0
          2.064               0               0
          2.066               0               0
          2.068               0               0
           2.07               0               0
          2.072               0               0
          2.074               0               0
          2.076               0               0
          2.078               0               0
           2.08               0               0
          2.082               0               0
          2.084               0               0
          2.086               0               0
          2.088               0               0
           2.09               0               0
          2.092               0               0
          2.094               0               0
          2.096               0               0
          2.098               0               0
            2.1               0               0
          2.102               0               0
          2.104               0               0
          2.106               0               0
          2.108               0               0
           2.11               0               0
          2.112               0               0
          2.114               0               0
          2.116               0               0
          2.118               0               0
           2.12               0               0
          2.122               0               0
          2.124               0               0
          2.126               0               0
          2.128               0               0
           2.13               0               0
          2.132               0               0
          2.134               0               0
          2.136               0               0
          2.138               0               0
           2.14               0               0
          2.142               0               0
          2.144               0               0
          2.146               0               0
          2.148               0               0
           2.15               0               0
          2.152               0               0
          2.154               0               0
          2.156               0               0
          2.158               0               0
           2.16               0               0
          2.162               0               0
          2.164               0               0
          2.166               0               0
          2.168               0               0
           2.17               0               0
          2.172               0               0
          2.174               0               0
          2.176               0               0
          2.178               0               0
           2.18               0               0
          2.182               0               0
          2.184               0               0
          2.186               0               0
          2.188               0               0
           2.19               0               0
          2.192               0               0
          2.194               0               0
          2.196               0               0
          2.198               0               0
            2.2               0               0
          2.202               0               0
          2.204               0               0
          2.206               0               0
          2.208               0               0
           2.21               0               0
          2.212               0               0
          2.214               0               0
          2.216               0               0
          2.218               0               0
           2.22               0               0
          2.222               0               0
          2.224               0               0
          2.226               0               0
          2.228               0               0
           2.23               0               0
          2.232               0               0
          2.234               0               0
          2.236               0               0
          2.238               0               0
           2.24               0               0
          2.242               0               0
          2.244               0               0
          2.246               0               0
          2.248               0               0
           2.25               0               0
          2.252               0               0
          2.254               0               0
          2.256               0               0
          2.258               0               0
           2.26               0               0
          2.262               0               0
          2.264               0               0
          2.266               0               0
          2.268               0               0
           2.27               0               0
          2.272               0               0
          2.274               0               0
          2.276               0               0
          2.278               0               0
           2.28               0               0
          2.282               0               0
          2.284               0               0
          2.286               0               0
          2.288               0               0
           2.29               0               0
          2.292               0               0
          2.294               0               0
          2.296               0               0
          2.298               0               0
            2.3               0               0
          2.302               0               0
          2.304               0               0
          2.306               0               0
          2.308               0               0
           2.31               0               0
          2.312               0               0
          2.314               0               0
          2.316               0               0
          2.318               0               0
           2.32               0               0
          2.322               0               0
          2.324               0               0
          2.326               0               0
          2.328               0               0
           2.33               0               0
          2.332               0               0
          2.334               0               0
          2.336               0               0
          2.338               0               0
           2.34               0               0
          2.342               0               0
          2.344               0               0
          2.346               0               0
          2.348               0               0
           2.35               0               0
          2.352               0               0
          2.354               0               0
          2.356               0               0
          2.358               0               0
           2.36               0               0
          2.362               0               0
          2.364               0               0
          2.366               0               0
          2.368               0               0
           2.37               0               0
          2.372               0               0
          2.374               0               0
          2.376               0               0
          2.378               0               0
           2.38               0               0
          2.382               0               0
          2.384               0               0
          2.386               0               0
          2.388               0               0
           2.39               0               0
          2.392               0               0
          2.394               0               0
          2.396               0               0
          2.398               0               0
            2.4               0               0
          2.402               0               0
          2.404               0               0
          2.406               0               0
          2.408               0               0
           2.41               0               0
          2.412               0               0
          2.414               0               0
          2.416               0               0
          2.418               0               0
           2.42               0               0
          2.422               0               0
          2.424               0               0
          2.426               0               0
          2.428               0               0
           2.43               0               0
          2.432               0               0
          2.434               0               0
          2.436               0               0
          2.438               0               0
           2.44               0               0
          2.442               0               0
          2.444               0               0
          2.446               0               0
          2.448               0               0
           2.45               0               0
          2.452               0               0
          2.454               0               0
          2.456               0               0
          2.458               0               0
           2.46               0               0
          2.462               0               0
          2.464               0               0
          2.466               0               0
          2.468               0               0
           2.47               0               0
          2.472               0               0
          2.474               0               0
          2.476               0               0
          2.478               0               0
           2.48               0               0
          2.482               0               0
          2.484               0               0
          2.486               0               0
          2.488               0               0
           2.49               0               0
          2.492               0               0
          2.494               0               0
          2.496               0               0
          2.498               0               0
            2.5               0               0
          2.502               0               0
          2.504               0               0
          2.506               0               0
          2.508               0               0
           2.51               0               0
          2.512               0               0
          2.514               0               0
          2.516               0               0
          2.518               0               0
           2.52               0               0
          2.522               0               0
          2.524               0               0
          2.526               0               0
          2.528               0               0
           2.53               0               0
          2.532               0               0
          2.534               0               0
          2.536               0               0
          2.538               0               0
           2.54               0               0
          2.542               0               0
          2.544               0               0
          2.546               0               0
          2.548               0               0
           2.55               0               0
          2.552               0               0
          2.554               0               0
          2.556               0               0
          2.558               0               0
           2.56               0               0
          2.562               0               0
          2.564               0               0
          2.566               0               0
          2.568               0               0
           2.57               0               0
          2.572               0               0
          2.574               0               0
          2.576               0               0
          2.578               0               0
           2.58               0               0
          2.582               0               0
          2.584               0               0
          2.586               0               0
          2.588               0               0
           2.59               0               0
          2.592               0               0
          2.594               0               0
          2.596               0               0
          2.598               0               0
            2.6               0               0
          2.602               0               0
          2.604               0               0
          2.606               0               0
          2.608               0               0
           2.61               0               0
          2.612               0               0
          2.614               0               0
          2.616               0               0
          2.618               0               0
           2.62               0               0
          2.622               0               0
          2.624               0               0
          2.626               0               0
          2.628               0               0
           2.63               0               0
          2.632               0               0
          2.634               0               0
          2.636               0               0
          2.638               0               0
           2.64               0               0
          2.642               0               0
          2.644               0               0
          2.646               0               0
          2.648               0               0
           2.65               0               0
          2.652               0               0
          2.654               0               0
          2.656               0               0
          2.658               0               0
           2.66               0               0
          2.662               0               0
          2.664               0               0
          2.666               0               0
          2.668               0               0
           2.67               0               0
          2.672               0               0
          2.674               0               0
          2.676               0               0
          2.678               0               0
           2.68               0               0
          2.682               0               0
          2.684               0               0
          2.686               0               0
          2.688               0               0
           2.69               0               0
          2.692               0               0
          2.694               0               0
          2.696               0               0
          2.698               0               0
            2.7               0               0
          2.702               0               0
          2.704               0               0
          2.706               0               0
          2.708               0               0
           2.71               0               0
          2.712               0               0
          2.714               0               0
          2.716               0               0
          2.718               0               0
           2.72               0               0
          2.722               0               0
          2.724               0               0
          2.726               0               0
          2.728               0               0
           2.73               0               0
          2.732               0               0
          2.734               0               0
          2.736               0               0
          2.738               0               0
           2.74               0               0
          2.742               0               0
          2.744               0               0
          2.746               0               0
          2.748               0               0
           2.75               0               0
          2.752               0               0
          2.754               0               0
          2.756               0               0
          2.758               0               0
           2.76               0               0
          2.762               0               0
          2.764               0               0
          2.766               0               0
          2.768               0               0
           2.77               0               0
          2.772               0               0
          2.774               0               0
          2.776               0               0
          2.778               0               0
           2.78               0               0
          2.782               0               0
          2.784               0               0
          2.786               0               0
          2.788               0               0
           2.79               0               0
          2.792               0               0
          2.794               0               0
          2.796               0               0
          2.798               0               0
            2.8               0               0
          2.802               0               0
          2.804               0               0
          2.806               0               0
          2.808               0               0
           2.81               0               0
          2.812               0               0
          2.814               0               0
          2.816               0               0
          2.818               0               0
           2.82               0               0
          2.822               0               0
          2.824               0               0
          2.826               0               0
          2.828               0               0
           2.83               0               0
          2.832               0               0
          2.834               0               0
          2.836               0               0
          2.838               0               0
           2.84               0               0
          2.842               0               0
          2.844               0               0
          2.846               0               0
          2.848               0               0
           2.85               0               0
          2.852               0               0
          2.854               0               0
          2.856               0               0
          2.858               0               0
           2.86               0               0
          2.862               0               0
          2.864               0               0
          2.866               0               0
          2.868               0               0
           2.87               0               0
          2.872               0               0
          2.874               0               0
          2.876               0               0
          2.878               0               0
           2.88               0               0
          2.882               0               0
          2.884               0               0
          2.886               0               0
          2.888               0               0
           2.89               0               0
          2.892               0               0
          2.894               0               0
          2.896               0               0
          2.898               0               0
            2.9               0               0
          2.902               0               0
          2.904               0               0
          2.906               0               0
          2.908               0               0
           2.91               0               0
          2.912               0               0
          2.914               0               0
          2.916               0               0
          2.918               0               0
           2.92               0               0
          2.922               0               0
          2.924               0               0
          2.926               0               0
          2.928               0               0
           2.93               0               0
          2.932               0               0
          2.934               0               0
          2.936               0               0
          2.938               0               0
           2.94               0               0
          2.942               0               0
          2.944               0               0
          2.946               0               0
          2.948               0               0
           2.95               0               0
          2.952               0               0
          2.954               0               0
          2.956               0               0
          2.958               0               0
           2.96               0               0
          2.962               0               0
          2.964               0               0
          2.966               0               0
          2.968               0               0
           2.97               0               0
          2.972               0               0
          2.974               0               0
          2.976               0               0
          2.978               0               0
           2.98               0               0
          2.982               0               0
          2.984               0               0
          2.986               0               0
          2.988               0               0
           2.99               0               0
          2.992               0               0
          2.994               0               0
          2.996               0               0
          2.998               0               0
              3               0               0
          3.002               0               0
          3.004               0               0
          3.006               0               0
          3.008               0               0
           3.01               0               0
          3.012               0               0
          3.014               0               0
          3.016               0               0
          3.018               0               0
           3.02               0               0
          3.022               0               0
          3.024               0               0
          3.026               0               0
          3.028               0               0
           3.03               0               0
          3.032               0               0
          3.034               0               0
          3.036               0               0
          3.038               0               0
           3.04               0               0
          3.042               0               0
          3.044               0               0
          3.046               0               0
          3.048               0               0
           3.05               0               0
          3.052               0               0
          3.054               0               0
          3.056               0               0
          3.058               0               0
           3.06               0               0
          3.062               0               0
          3.064               0               0
          3.066               0               0
          3.068               0               0
           3.07               0               0
          3.072               0               0
          3.074               0               0
          3.076               0               0
          3.078               0               0
           3.08               0               0
          3.082               0               0
          3.084               0               0
          3.086               0               0
          3.088               0               0
           3.09               0               0
          3.092               0               0
          3.094               0               0
          3.096               0               0
          3.098               0               0
            3.1               0               0
          3.102               0               0
          3.104               0               0
          3.106               0               0
          3.108               0               0
           3.11               0               0
          3.112               0               0
          3.114               0               0
          3.116               0               0
          3.118               0               0
           3.12               0               0
          3.122               0               0
          3.124               0               0
          3.126               0               0
          3.128               0               0
           3.13               0               0
          3.132               0               0
          3.134               0               0
          3.136               0               0
          3.138               0               0
           3.14               0               0
          3.142               0               0
          3.144               0               0
          3.146               0               0
          3.148               0               0
           3.15               0               0
          3.152               0               0
          3.154               0               0
          3.156               0               0
          3.158               0               0
           3.16               0               0
          3.162               0               0
          3.164               0               0
          3.166               0               0
          3.168               0               0
           3.17               0               0
          3.172               0               0
          3.174               0               0
          3.176               0               0
          3.178               0               0
           3.18               0               0
          3.182               0               0
          3.184               0               0
          3.186               0               0
          3.188               0               0
           3.19               0               0
          3.192               0               0
          3.194               0               0
          3.196               0               0
          3.198               0               0
            3.2               0               0
          3.202               0               0
          3.204               0               0
          3.206               0               0
          3.208               0               0
           3.21               0               0
          3.212               0               0
          3.214               0               0
          3.216               0               0
          3.218               0               0
           3.22               0               0
          3.222               0               0
          3.224               0               0
          3.226               0               0
          3.228               0               0
           3.23               0               0
          3.232               0               0
          3.234               0               0
          3.236               0               0
          3.238               0               0
           3.24               0               0
          3.242               0               0
          3.244               0               0
          3.246               0               0
          3.248               0               0
           3.25               0               0
          3.252               0               0
          3.254               0               0
          3.256               0               0
          3.258               0               0
           3.26               0               0
          3.262               0               0
          3.264               0               0
          3.266               0               0
          3.268               0               0
           3.27               0               0
          3.272               0               0
          3.274               0               0
          3.276               0               0
          3.278               0               0
           3.28               0               0
          3.282               0               0
          3.284               0               0
          3.286               0               0
          3.288               0               0
           3.29               0               0
          3.292               0               0
          3.294               0               0
          3.296               0               0
          3.298               0               0
            3.3               0               0
          3.302               0               0
          3.304               0               0
          3.306               0               0
          3.308               0               0
           3.31               0               0
          3.312               0               0
          3.314               0               0
          3.316               0               0
          3.318               0               0
           3.32               0               0
          3.322               0               0
          3.324               0               0
          3.326               0               0
          3.328               0               0
           3.33               0               0
          3.332               0               0
          3.334               0               0
          3.336               0               0
          3.338               0               0
           3.34               0               0
          3.342               0               0
          3.344               0               0
          3.346               0               0
          3.348               0               0
           3.35               0               0
          3.352               0               0
          3.354               0               0
          3.356               0               0
          3.358               0               0
           3.36               0               0
          3.362               0               0
          3.364               0               0
          3.366               0               0
          3.368               0               0
           3.37               0               0
          3.372               0               0
          3.374               0               0
          3.376               0               0
          3.378               0               0
           3.38               0               0
          3.382               0               0
          3.384               0               0
          3.386               0               0
          3.388               0               0
           3.39               0               0
          3.392               0               0
          3.394               0               0
          3.396               0               0
          3.398               0               0
            3.4               0               0
          3.402               0               0
          3.404               0               0
          3.406               0               0
          3.408               0               0
           3.41               0               0
          3.412               0               0
          3.414               0               0
          3.416               0               0
          3.418               0               0
           3.42               0               0
          3.422               0               0
          3.424               0               0
          3.426               0               0
          3.428               0               0
           3.43               0               0
          3.432               0               0
          3.434               0               0
          3.436               0               0
          3.438               0               0
           3.44               0               0
          3.442               0               0
          3.444               0               0
          3.446               0               0
          3.448               0               0
           3.45               0               0
          3.452               0               0
          3.454               0               0
          3.456               0               0
          3.458               0               0
           3.46               0               0
          3.462               0               0
          3.464               0               0
          3.466               0               0
          3.468               0               0
           3.47               0               0
          3.472               0               0
          3.474               0               0
          3.476               0               0
          3.478               0               0
           3.48               0               0
          3.482               0               0
          3.484               0               0
          3.486               0               0
          3.488               0               0
           3.49               0               0
          3.492               0               0
          3.494               0               0
          3.496               0               0
          3.498               0               0
            3.5               0               0
