          0.002       44455.109       964238.84
          0.004       42568.441       923316.68
          0.006       40761.842       884131.26
          0.008       39031.916       846608.86
           0.01       37375.407        810678.9
          0.012         35789.2       776273.81
          0.014       34270.312       743328.86
          0.016       32815.885       711782.09
          0.018       31423.183       681574.16
           0.02       30089.588       652648.25
          0.022        28812.59       624949.96
          0.024       27589.788       598427.17
          0.026       26418.882       573030.01
          0.028       25297.668        548710.7
           0.03       24224.039        525423.5
          0.032       23195.974        503124.6
          0.034        22211.54       481772.07
          0.036       21268.886       461325.73
          0.038       20366.237       441747.14
           0.04       19501.897       422999.45
          0.042        18674.24       405047.42
          0.044       17881.708       387857.26
          0.046       17122.811       371396.66
          0.048       16396.121       355634.64
           0.05       15700.272       340541.56
          0.052       15033.955       326089.02
          0.054       14395.916       312249.85
          0.056       13784.955       298998.01
          0.058       13199.924       286308.58
           0.06       12639.721       274157.69
          0.062       12103.293       262522.47
          0.064       11589.631       251381.06
          0.066       11097.769       240712.48
          0.068       10626.781       230496.68
           0.07       10175.782       220714.44
          0.072       9743.9234       211347.35
          0.074       9330.3927        202377.8
          0.076       8934.4122       193788.91
          0.078       8555.2371       185564.54
           0.08        8192.154       177689.21
          0.082       7844.4802        170148.1
          0.084       7511.5616       162927.04
          0.086       7192.7721       156012.44
          0.088       6887.5119        149391.3
           0.09       6595.2069       143051.15
          0.092       6315.3072       136980.08
          0.094       6047.2865       131166.67
          0.096       5790.6406       125599.97
          0.098       5544.8866       120269.53
            0.1       5309.5625       115165.31
          0.102       5084.2254       110277.71
          0.104       4868.4516       105597.54
          0.106       4661.8352          101116
          0.108       4463.9876       96824.647
           0.11       4274.5367       92715.423
          0.112       4093.1259       88780.594
          0.114       3919.4143       85012.759
          0.116       3753.0749        81404.83
          0.118        3593.795       77950.021
           0.12       3441.2748       74641.833
          0.122       3295.2276       71474.045
          0.124       3155.3786       68440.697
          0.126       3021.4648       65536.084
          0.128       2893.2343       62754.742
           0.13       2770.4459        60091.44
          0.132       2652.8685       57541.168
          0.134       2540.2812       55099.129
          0.136        2432.472        52760.73
          0.138       2329.2383       50521.572
           0.14       2230.3857       48377.444
          0.142       2135.7285       46324.313
          0.144       2045.0885       44358.316
          0.146       1958.2952       42475.755
          0.148       1875.1855        40673.09
           0.15       1795.6029        38946.93
          0.152       1719.3978       37294.028
          0.154       1646.4268       35711.275
          0.156       1576.5527       34195.694
          0.158        1509.644       32744.434
           0.16       1445.5749       31354.765
          0.162       1384.2249       30024.073
          0.164       1325.4786       28749.856
          0.166       1269.2255       27529.716
          0.168       1215.3598       26361.359
           0.17       1163.7801       25242.587
          0.172       1114.3894       24171.295
          0.174       1067.0949       23145.469
          0.176       1021.8075       22163.178
          0.178       978.44218       21222.576
           0.18       936.91723       20321.893
          0.182        897.1546       19459.435
          0.184       859.07949        18633.58
          0.186       822.62028       17842.773
          0.188        787.7084       17085.529
           0.19       754.27817       16360.421
          0.192       722.26672       15666.087
          0.194       691.61382       15001.221
          0.196       662.26183       14364.571
          0.198       634.15554       13754.941
            0.2       607.24207       13171.183
          0.202        581.4708         12612.2
          0.204       556.79327        12076.94
          0.206       533.16304       11564.397
          0.208       510.53568       11073.605
           0.21       488.86862       10603.643
          0.212       468.12111       10153.626
          0.214       448.25412       9722.7077
          0.216       429.23028       9310.0774
          0.218       411.01381        8914.959
           0.22       393.57044       8536.6095
          0.222       376.86737        8174.317
          0.224       360.87317       7827.4002
          0.226       345.55777       7495.2065
          0.228       330.89235        7177.111
           0.23       316.84932       6872.5155
          0.232       303.40229       6580.8469
          0.234       290.52594       6301.5567
          0.236       278.19606       6034.1196
          0.238       266.38946       5778.0324
           0.24       255.08393       5532.8136
          0.242        244.2582       5298.0018
          0.244       233.89192       5073.1554
          0.246       223.96558       4857.8514
          0.248       214.46052       4651.6849
           0.25       205.35884       4454.2681
          0.252       196.64344       4265.2296
          0.254       188.29792       4084.2139
          0.256       180.30659       3910.8804
          0.258        172.6544       3744.9032
           0.26       165.32698       3585.9701
          0.262       158.31052        3433.782
          0.264       151.59185       3288.0528
          0.266       145.15831       3148.5083
          0.268       138.99781       3014.8861
           0.27       133.09877       2886.9348
          0.272       127.45007       2764.4137
          0.274       122.04111       2647.0924
          0.276       116.86171       2534.7502
          0.278       111.90211       2427.1757
           0.28         107.153       2324.1668
          0.282       102.60544       2225.5295
          0.284       98.250885       2131.0783
          0.286       94.081131       2040.6357
          0.288       90.088342       1954.0314
           0.29       86.265006       1871.1026
          0.292       82.603932       1791.6933
          0.294       79.098233       1715.6541
          0.296       75.741315       1642.8419
          0.298       72.526865         1573.12
            0.3       69.448835        1506.357
          0.302       66.501437       1442.4274
          0.304       63.679126        1381.211
          0.306       60.976593       1322.5926
          0.308       58.388755        1266.462
           0.31       55.910745       1212.7135
          0.312       53.537901       1161.2461
          0.314        51.26576        1111.963
          0.316       49.090049       1064.7715
          0.318       47.006675       1019.5827
           0.32       45.011718       976.31179
          0.322       43.101427       934.87726
          0.324       41.272209        895.2012
          0.326       39.520623       857.20899
          0.328       37.843373       820.82917
           0.33       36.237306        785.9933
          0.332         34.6994       920.40149
          0.334         32.5557        1016.825
          0.336         30.6321           875.3
          0.338         29.0545          670.85
           0.34         27.9487         469.775
          0.342         27.1754          368.55
          0.344         26.4745           346.4
          0.346         25.7898           352.3
          0.348         25.0653           386.2
           0.35          24.245         436.375
          0.352         23.3198         474.225
          0.354         22.3481         486.225
          0.356         21.3749           475.7
          0.358         20.4453          442.65
           0.36         19.6043         397.825
          0.362          18.854           359.7
          0.364         18.1655           329.2
          0.366         17.5372          299.55
          0.368         16.9673         270.725
           0.37         16.4543         248.625
          0.372         15.9728           237.3
          0.374         15.5051         228.175
          0.376         15.0601           214.5
          0.378         14.6471         196.175
           0.38         14.2754          179.75
          0.382         13.9281          172.75
          0.384         13.5844         170.175
          0.386         13.2474         166.125
          0.388         12.9199         160.575
           0.39         12.6051         155.425
          0.392         12.2982          153.05
          0.394         11.9929         152.175
          0.396         11.6895         151.075
          0.398         11.3886          149.75
            0.4         11.0905          149.05
          0.402         10.7924          148.85
          0.404         10.4951          147.05
          0.406         10.2042          142.41
          0.408         9.92546          134.92
           0.41         9.66452         126.185
          0.412         9.42072        119.3175
          0.414         9.18725        115.0175
          0.416         8.96065        112.4475
          0.418         8.73746          111.61
           0.42         8.51421        112.5975
          0.422         8.28707          114.02
          0.424         8.05813        113.5675
          0.426          7.8328        110.4075
          0.428          7.6165        104.5425
           0.43         7.41463         96.9225
          0.432         7.22881          90.295
          0.434         7.05345         86.4075
          0.436         6.88318           85.21
          0.438         6.71261           86.71
           0.44         6.53634          89.735
          0.442         6.35367           91.84
          0.444         6.16898         92.2725
          0.446         5.98458         91.5525
          0.448         5.80277         89.6825
           0.45         5.62585         87.5375
          0.452         5.45262          86.405
          0.454         5.28023         86.0425
          0.456         5.10845           85.79
          0.458         4.93707           85.64
           0.46         4.76589          85.555
          0.462         4.59485           85.46
          0.464         4.42405         85.3575
          0.466         4.25342           85.28
          0.468         4.08293         85.2225
           0.47         3.91253         84.8325
          0.472          3.7436         83.8175
          0.474         3.57726         82.6475
          0.476         3.41301           81.72
          0.478         3.25038         81.0275
           0.48          3.0889           79.34
          0.482         2.93302          75.585
          0.484         2.78656         71.2425
          0.486         2.64805           67.63
          0.488         2.51604          64.745
           0.49         2.38907         61.8625
          0.492         2.26859         58.1625
          0.494         2.15642          54.235
          0.496         2.05165         50.7675
          0.498         1.95335          47.755
            0.5         1.86063           45.55
          0.502         1.77115         43.7375
          0.504         1.68568          40.795
          0.506         1.60797          35.985
          0.508         1.54174           29.31
           0.51         1.49073           22.75
          0.512         1.45074         19.2425
          0.514         1.41376          18.225
          0.516         1.37784         18.1825
          0.518         1.34103           19.12
           0.52         1.30136           20.44
          0.522         1.25927         21.1525
          0.524         1.21675          21.265
          0.526         1.17421          21.175
          0.528         1.13205           20.88
           0.53         1.09069         20.5225
          0.532         1.04996         20.2175
          0.534         1.00982        19.78375
          0.536        0.970825          19.076
          0.538        0.933516         18.0935
           0.54        0.898451          17.008
          0.542        0.865484         16.1275
          0.544        0.833941          15.477
          0.546        0.803576        14.94975
          0.548        0.774142          14.546
           0.55        0.745392          14.257
          0.552        0.717114          14.068
          0.554         0.68912        13.97925
          0.556        0.661197         13.9965
          0.558        0.633134        14.11925
           0.56         0.60472        14.31475
          0.562        0.575875          14.508
          0.564        0.546688         14.6685
          0.566        0.517201         14.8085
          0.568        0.487454        14.92825
           0.57        0.457488         15.3825
          0.572        0.425924          16.312
          0.574         0.39224         17.0405
          0.576        0.357762        17.10575
          0.578        0.323817        16.50775
           0.58        0.291731        15.55875
          0.582        0.261582         14.7255
          0.584        0.232829          13.928
          0.586         0.20587         12.9305
          0.588        0.181107        11.73325
           0.59        0.158937        10.68975
          0.592        0.138348         10.2325
          0.594        0.118007          10.127
          0.596         0.09784         10.0594
          0.598       0.0777694         10.0301
            0.6       0.0577196        10.04105
          0.602       0.0376052         10.0504
          0.604        0.017518          9.9896
          0.606      -0.0023532        9.834275
          0.608      -0.0218191          9.5844
           0.61      -0.0406908        8.090675
          0.612      -0.0541818        4.872575
          0.614      -0.0601811        2.082775
          0.616      -0.0625129          1.2051
          0.618      -0.0650015          2.2395
           0.62      -0.0714709         4.57925
          0.622      -0.0833185        6.569375
          0.624      -0.0977484        7.244375
          0.626       -0.112296         6.68665
          0.628       -0.124495          4.8965
           0.63       -0.131882          2.7725
          0.632       -0.135585          1.6905
          0.634       -0.138644         1.46775
          0.636       -0.141456          1.4435
          0.638       -0.144418          1.6175
           0.64       -0.147926         1.85725
          0.642       -0.151847         1.96225
          0.644       -0.155775         1.96375
          0.646       -0.159702         1.96125
          0.648        -0.16362         1.95475
           0.65       -0.167521         1.94525
          0.652       -0.171401          1.9365
          0.654       -0.175267         1.93075
          0.656       -0.179124          1.9275
          0.658       -0.182977         1.92675
           0.66       -0.186831          1.9345
          0.662       -0.190715          1.9165
          0.664       -0.194497          1.8055
          0.666       -0.197937           1.576
          0.668       -0.200801           1.228
           0.67       -0.202849         0.32225
          0.672        -0.20209           -1.24
          0.674       -0.197889        -2.51075
          0.676       -0.192047         -2.8815
          0.678       -0.186363         -2.3525
           0.68       -0.182637         -1.4525
          0.682       -0.180553         -1.0085
          0.684       -0.178603        -0.93875
          0.686       -0.176798          -0.864
          0.688       -0.175147          -0.784
           0.69       -0.173662        -0.66375
          0.692       -0.172492           -0.48
          0.694       -0.171742        -0.28475
          0.696       -0.171353          -0.119
          0.698       -0.171266          0.0165
            0.7       -0.171419         0.74675
          0.702       -0.174253         2.29675
          0.704       -0.180606           3.443
          0.706       -0.188025         3.36225
          0.708       -0.194055         2.05375
           0.71        -0.19624         0.01275
          0.712       -0.194106        -1.63675
          0.714       -0.189693         -2.4465
          0.716        -0.18432         -2.5965
          0.718       -0.179307         -2.0865
           0.72       -0.175974         -1.4395
          0.722       -0.173549          -1.234
          0.724       -0.171038           -1.03
          0.726       -0.169429         -0.3325
          0.728       -0.169708          0.8585
           0.73       -0.172863         2.12175
          0.732       -0.178195           2.813
          0.734       -0.184115           3.022
          0.736       -0.190283         3.06025
          0.738       -0.196356         2.92725
           0.74       -0.201992           2.726
          0.742        -0.20726         2.62325
          0.744       -0.212485         2.61225
          0.746       -0.217709         2.62275
          0.748       -0.222976          2.6545
           0.75       -0.228327         2.73675
          0.752       -0.233923          2.8605
          0.754       -0.239769          2.9375
          0.756       -0.245673           2.919
          0.758       -0.251445          2.8045
           0.76       -0.256891         2.61225
          0.762       -0.261894          2.4105
          0.764       -0.266533         2.25625
          0.766       -0.270919         2.15625
          0.768       -0.275158          2.1105
           0.77       -0.279361           2.081
          0.772       -0.283482         2.01625
          0.774       -0.287426         1.93625
          0.776       -0.291227           1.874
          0.778       -0.294922         1.82925
           0.78       -0.298544           1.732
          0.782        -0.30185         1.50625
          0.784       -0.304569          1.2115
          0.786       -0.306696         0.91425
          0.788       -0.308226         0.61425
           0.79       -0.309153         0.23175
          0.792       -0.309153        -0.28475
          0.794       -0.308014          -0.812
          0.796       -0.305905        -1.25475
          0.798       -0.302995        -1.61325
            0.8       -0.299452          -1.978
          0.802       -0.295083         -2.3795
          0.804       -0.289934        -2.63825
          0.806        -0.28453        -2.63425
          0.808       -0.279397        -2.36725
           0.81       -0.275061         -1.8435
          0.812       -0.272023        -1.27675
          0.814       -0.269954        -0.97125
          0.816       -0.268138        -1.02425
          0.818       -0.265857          -1.436
           0.82       -0.262394         -2.1095
          0.822       -0.257419        -2.73125
          0.824       -0.251469         -3.0745
          0.826       -0.245121          -3.129
          0.828       -0.238953        -2.89475
           0.83       -0.233542         -2.3655
          0.832       -0.229491         -1.7765
          0.834       -0.226436        -1.49675
          0.836       -0.223504          -1.653
          0.838       -0.219824        -2.24525
           0.84       -0.214523         -3.0395
          0.842       -0.207666        -3.59225
          0.844       -0.200154        -3.82375
          0.846       -0.192371         -3.8645
          0.848       -0.184696        -3.71425
           0.85       -0.177514        -3.50725
          0.852       -0.170667        -3.42475
          0.854       -0.163815          -3.401
          0.856       -0.157063          -3.324
          0.858       -0.150519          -3.194
           0.86       -0.144287         -3.0295
          0.862       -0.138401        -2.88475
          0.864       -0.132748        -2.79725
          0.866       -0.127212        -2.76725
          0.868       -0.121679         -2.7945
           0.87       -0.116034        -2.86775
          0.872       -0.110208        -2.95475
          0.874       -0.104215         -3.0354
          0.876      -0.0980664       -3.110375
          0.878      -0.0917735       -3.179625
           0.88      -0.0853479       -3.761275
          0.882      -0.0767284        -5.04925
          0.884      -0.0651509       -6.039025
          0.886      -0.0525723       -6.050275
          0.888      -0.0409498          -5.083
           0.89      -0.0322403         -3.5982
          0.892       -0.026557        -2.52665
          0.894      -0.0221337          -2.112
          0.896       -0.018109         -2.1282
          0.898      -0.0136209        -2.57527
            0.9     -0.00780792      -3.1505275
          0.902     -0.00101879        -3.40293
          0.904       0.0058038      -3.4124225
          0.906       0.0126309        -3.40745
          0.908       0.0194336       -3.388025
           0.91        0.026183       -3.363025
          0.912       0.0328857       -3.347625
          0.914       0.0395735         -3.3423
          0.916       0.0462549         -3.3412
          0.918       0.0529383        -3.34435
           0.92       0.0596323       -3.415925
          0.922        0.066602       -3.577175
          0.924        0.073941         -3.6996
          0.926       0.0814004        -3.69765
          0.928       0.0887316       -3.571325
           0.93       0.0956857         -3.1191
          0.932        0.101208       -2.273575
          0.934         0.10478          -1.438
          0.936         0.10696          -0.881
          0.938        0.108304         -0.6025
           0.94         0.10937        -0.25625
          0.942        0.109329         0.42275
          0.944        0.107679           0.964
          0.946        0.105473          0.9795
          0.948        0.103761          0.4695
           0.95        0.103595         -0.8425
          0.952        0.107131        -2.61925
          0.954        0.114072          -3.665
          0.956        0.121791        -3.39725
          0.958        0.127661        -1.81575
           0.96        0.129054         0.12525
          0.962         0.12716          1.0305
          0.964        0.124932           1.193
          0.966        0.122388          1.3465
          0.968        0.119546         1.49125
           0.97        0.116423         1.59525
          0.972        0.113165          1.6295
          0.974        0.109905         1.63075
          0.976        0.106642         1.63275
          0.978        0.103374         1.63525
           0.98        0.100101          1.6458
          0.982       0.0967908          1.6665
          0.984        0.093435          1.6809
          0.986       0.0900672         1.67845
          0.988       0.0867212          1.6592
           0.99       0.0834304         1.21765
          0.992       0.0818506        0.201725
          0.994       0.0826235       -0.602775
          0.996       0.0842617       -0.663575
          0.998       0.0852778         0.01935
              1       0.0841843         0.94735
          1.002       0.0814884         1.36575
          1.004       0.0787213        1.389225
          1.006       0.0759315          1.3884
          1.008       0.0731677        1.363275
           1.01       0.0704784          1.3356
          1.012       0.0678253         1.33005
          1.014       0.0651582        1.329425
          1.016       0.0625076        1.313575
          1.018       0.0599039        1.282475
           1.02       0.0573777         1.22375
          1.022       0.0550089        1.142775
          1.024       0.0528066        1.078575
          1.026       0.0506946        1.052475
          1.028       0.0485967         1.06445
           1.03       0.0464368        1.126625
          1.032       0.0440902         1.21675
          1.034       0.0415698        1.271025
          1.036       0.0390061          1.2601
          1.038       0.0365294         1.18395
           1.04       0.0342703          0.7613
          1.042       0.0334842       -0.088025
          1.044       0.0346224       -0.781225
          1.046       0.0366091        -0.93655
          1.048       0.0383686        -0.55405
           1.05       0.0388253        0.065975
          1.052       0.0381047        0.442175
          1.054       0.0370566        0.603325
          1.056       0.0356914          0.7593
          1.058       0.0340194          0.9101
           1.06        0.032051        1.160525
          1.062       0.0293773          1.5306
          1.064       0.0259286        1.788275
          1.066       0.0222242          1.7863
          1.068       0.0187834          1.5247
           1.07       0.0161254        1.065125
          1.072       0.0145229         0.57295
          1.074       0.0138336          0.1421
          1.076       0.0139545         -0.2373
          1.078       0.0147828       -0.565175
           1.08       0.0162152       -1.060075
          1.082       0.0190231       -1.773725
          1.084       0.0233101         -2.2373
          1.086       0.0279723       -2.148825
          1.088       0.0319054       -1.508275
           1.09       0.0340054       -0.690875
          1.092       0.0346689        -0.25405
          1.094       0.0350216          -0.096
          1.096       0.0350529        0.067325
          1.098       0.0347523         0.23595
            1.1       0.0341091          0.3763
          1.102       0.0332471        0.451375
          1.104       0.0323036        0.489625
          1.106       0.0312886         0.52285
          1.108       0.0302122        0.551075
           1.11       0.0290843         0.73895
          1.112       0.0272564        1.115525
          1.114       0.0246222        1.312875
          1.116       0.0220049         1.09855
          1.118        0.020228        0.472475
           1.12        0.020115         -0.3585
          1.122        0.021662       -0.999825
          1.124       0.0241143       -1.376675
          1.126       0.0271687       -1.601925
          1.128        0.030522       -1.675525
           1.13       0.0338708       -1.648675
          1.132       0.0371167       -1.623175
          1.134       0.0403635        -1.62375
          1.136       0.0436117         -1.6246
          1.138       0.0468619         -1.6257
           1.14       0.0501145         -1.6278
          1.142       0.0533731         -1.6316
          1.144       0.0566409         -1.6363
          1.146       0.0599183       -1.641125
          1.148       0.0632054       -1.646025
           1.15       0.0665024          -1.941
          1.152       0.0709694        -2.63405
          1.154       0.0770386       -3.162175
          1.156       0.0836181        -3.14445
          1.158       0.0896164         -2.5809
           1.16       0.0939417         -1.8493
          1.162       0.0970136        -1.51235
          1.164       0.0999911        -1.46935
          1.166        0.102891       -1.434975
          1.168        0.105731        -1.40925
           1.17        0.108528          -1.391
          1.172        0.111295         -1.3775
          1.174        0.114038        -1.36575
          1.176        0.116758          -1.355
          1.178        0.119458        -1.34625
           1.18        0.122143        -1.29675
          1.182        0.124645        -1.15475
          1.184        0.126762        -0.94875
          1.186         0.12844         -0.7165
          1.188        0.129628          -0.458
           1.19        0.130272           0.138
          1.192        0.129076         1.14675
          1.194        0.125685           1.903
          1.196        0.121464          1.9765
          1.198        0.117779         1.36725
            1.2        0.115995         0.52125
          1.202        0.115694         0.11625
          1.204         0.11553           0.055
          1.206        0.115474         0.00725
          1.208        0.115501        -0.02725
           1.21        0.115583         -0.1385
          1.212        0.116055        -0.34675
          1.214         0.11697        -0.45525
          1.216        0.117876        -0.33725
          1.218        0.118319           0.007
           1.22        0.117848         0.76325
          1.222        0.115266         1.85925
          1.224        0.110411           2.719
          1.226         0.10439          3.0259
          1.228       0.0983074         2.78065
           1.23       0.0932674          2.3688
          1.232       0.0888322            2.26
          1.234       0.0842274        2.194825
          1.236       0.0800529        1.829675
          1.238       0.0769087          1.1645
           1.24       0.0753949        0.427375
          1.242       0.0751992         -0.0259
          1.244       0.0754985       -0.231875
          1.246       0.0761267       -0.354825
          1.248       0.0769178       -0.394725
           1.25       0.0777056         -0.4546
          1.252       0.0787362        -0.59775
          1.254       0.0800966       -0.661525
          1.256       0.0813823        -0.52305
          1.258       0.0821888       -0.182325
           1.26       0.0821116          0.2544
          1.262       0.0811712        0.578025
          1.264       0.0797995          0.7405
          1.266       0.0782092        0.796675
          1.268       0.0766128         0.74655
           1.27        0.075223         0.64685
          1.272       0.0740254         0.59245
          1.274       0.0728532        0.583925
          1.276       0.0716897        0.583725
          1.278       0.0705183        0.591875
           1.28       0.0693222        0.635725
          1.282       0.0679754        0.729775
          1.284       0.0664031        0.827425
          1.286       0.0646657         0.89485
          1.288       0.0628237        0.932075
           1.29       0.0609374        1.276725
          1.292       0.0577168          2.0682
          1.294       0.0526646        2.671725
          1.296       0.0470299         2.65065
          1.298        0.042062        2.004925
            1.3       0.0390102        0.784825
          1.302       0.0389227       -0.511875
          1.304       0.0410577        -1.26425
          1.306       0.0439797       -1.298825
          1.308        0.046253        -0.61555
           1.31       0.0464419         0.30315
          1.312       0.0450404          0.7355
          1.314       0.0434999          0.8048
          1.316       0.0418212          0.8737
          1.318       0.0400051        0.942175
           1.32       0.0380525         1.08185
          1.322       0.0356777        1.294875
          1.324        0.032873          1.4054
          1.326       0.0300561        1.307025
          1.328       0.0276449        0.999775
           1.33        0.026057        0.494125
          1.332       0.0256684        -0.07435
          1.334       0.0263544       -0.528525
          1.336       0.0277825        -0.81635
          1.338       0.0296198       -0.937775
           1.34       0.0315336       -1.010125
          1.342       0.0336603       -1.153925
          1.344       0.0361493       -1.256675
          1.346        0.038687       -1.202675
          1.348         0.04096        -0.99195
           1.35       0.0426548         -0.7001
          1.352       0.0437604       -0.460275
          1.354       0.0444959       -0.283175
          1.356       0.0448931       -0.122025
          1.358        0.044984         0.02315
           1.36       0.0448005        0.138275
          1.362       0.0444309           0.216
          1.364       0.0439365          0.2807
          1.366       0.0433081        0.350025
          1.368       0.0425364          0.4239
           1.37       0.0416125        0.552925
          1.372       0.0403247         0.73655
          1.374       0.0386663        0.847325
          1.376       0.0369354           0.809
          1.378       0.0354303        0.621575
           1.38       0.0344491           0.373
          1.382       0.0339383        0.206125
          1.384       0.0336246        0.115375
          1.386       0.0334768        0.040225
          1.388       0.0334637       -0.019275
           1.39       0.0335539         -0.0776
          1.392       0.0337741        -0.13825
          1.394       0.0341069       -0.170375
          1.396       0.0344556         -0.1542
          1.398       0.0347237       -0.089675
            1.4       0.0348143        -0.00275
          1.402       0.0347347        0.062275
          1.404       0.0345652        0.104125
          1.406       0.0343182        0.139725
          1.408       0.0340063           0.169
           1.41       0.0336422        0.203875
          1.412       0.0331908        0.249975
          1.414       0.0326423          0.2861
          1.416       0.0320464          0.2973
          1.418       0.0314531          0.2835
           1.42       0.0309124        0.232975
          1.422       0.0305212          0.1457
          1.424       0.0303296        0.051075
          1.426       0.0303169        -0.03325
          1.428       0.0304626       -0.107275
           1.43        0.030746          -0.527
          1.432       0.0325706        -1.41365
          1.434       0.0364006       -2.059025
          1.436       0.0408067       -1.989725
          1.438       0.0443595         -1.2057
           1.44       0.0456295       -0.203825
          1.442       0.0451748         0.26595
          1.444       0.0445657        0.320925
          1.446       0.0438911         0.33145
          1.448       0.0432399         0.29755
           1.45       0.0427009           0.233
          1.452       0.0423079          0.1773
          1.454       0.0419917        0.155275
          1.456       0.0416868        0.165975
          1.458       0.0413278         0.20935
           1.46       0.0408494          0.5118
          1.462       0.0392806        1.138475
          1.464       0.0362955        1.621125
          1.466       0.0327961          1.6528
          1.468       0.0296843        1.233525
           1.47        0.027862        0.640375
          1.472       0.0271228        0.305475
          1.474       0.0266401          0.1844
          1.476       0.0263852        0.077675
          1.478       0.0263294       -0.014725
           1.48       0.0264441       -0.132825
          1.482       0.0268607         -0.2795
          1.484       0.0275621         -0.3592
          1.486       0.0282975       -0.313475
          1.488        0.028816        -0.14225
           1.49       0.0288665          0.1371
          1.492       0.0282676          0.4166
          1.494       0.0272001         0.57775
          1.496       0.0259566         0.59255
          1.498       0.0248299         0.46095
            1.5       0.0241128        0.259475
          1.502        0.023792        0.128825
          1.504       0.0235975        0.088625
          1.506       0.0234375         0.09435
          1.508       0.0232201        0.146025
           1.51       0.0228534         0.23485
          1.512       0.0222807        0.322325
          1.514       0.0215641        0.372675
          1.516         0.02079        0.379825
          1.518       0.0200448         0.34375
           1.52        0.019415        0.254875
          1.522       0.0190253          0.1294
          1.524       0.0188974        0.015525
          1.526       0.0189632       -0.064275
          1.528       0.0191545       -0.109975
           1.53       0.0194031         -0.2995
          1.532       0.0203525       -0.717225
          1.534        0.022272        -1.04485
          1.536       0.0245319       -1.057725
          1.538       0.0265029        -0.75585
           1.54       0.0275553       -0.074175
          1.542       0.0267996         0.78375
          1.544       0.0244203        1.350175
          1.546       0.0213989          1.4258
          1.548       0.0187171          1.0106
           1.55       0.0173565         0.19665
          1.552       0.0179305        -0.59905
          1.554       0.0197527         -0.9809
          1.556       0.0218541         -0.8784
          1.558       0.0232663       -0.291575
           1.56       0.0230204          0.5067
          1.562       0.0212395         1.02545
          1.564       0.0189186          1.2106
          1.566       0.0163971          1.2261
          1.568       0.0140142         1.07195
           1.57       0.0121093        0.856025
          1.572       0.0105901        0.733485
          1.574      0.00917536       0.6673125
          1.576      0.00792085       0.5732925
          1.578      0.00688219       0.4514475
           1.58      0.00611506         0.27605
          1.582      0.00577799         0.03566
          1.584      0.00597242      -0.2226175
          1.586      0.00666846        -0.46594
          1.588      0.00783618       -0.694305
           1.59      0.00944568       -1.009255
          1.592       0.0118732       -1.415155
          1.594       0.0151063       -1.664625
          1.596       0.0185317       -1.607475
          1.598       0.0215362       -1.243725
            1.6       0.0235066         -0.7994
          1.602       0.0247338         -0.6062
          1.604       0.0259314       -0.596625
          1.606       0.0271203         -0.5975
          1.608       0.0283214        -0.60885
           1.61       0.0295557       -0.622225
          1.612       0.0308103         -0.6268
          1.614       0.0320629       -0.627425
          1.616         0.03332         -0.6313
          1.618       0.0345881       -0.638425
           1.62       0.0358737        -0.66295
          1.622       0.0372399       -0.708675
          1.624       0.0387084       -0.745625
          1.626       0.0402224        -0.75435
          1.628       0.0417258       -0.734875
           1.63       0.0431619        -0.68415
          1.632       0.0444624        -0.61995
          1.634       0.0456417       -0.576275
          1.636       0.0467675         -0.5665
          1.638       0.0479077       -0.590625
           1.64         0.04913       -0.670625
          1.642       0.0505902       -0.794025
          1.644       0.0523061          -0.887
          1.646       0.0541382       -0.910275
          1.648       0.0559472       -0.863825
           1.65       0.0575935       -0.751925
          1.652       0.0589549        -0.59195
          1.654       0.0599613       -0.399175
          1.656       0.0605516         -0.1759
          1.658       0.0606649         0.07785
           1.66       0.0602402        0.401325
          1.662       0.0590596        0.786575
          1.664       0.0570939         1.12355
          1.666       0.0545654        1.349375
          1.668       0.0516964         1.46405
           1.67       0.0487092          1.6214
          1.672       0.0452108         1.92195
          1.674       0.0410214        2.131875
          1.676       0.0366833        2.070725
          1.678       0.0327385         1.73855
           1.68       0.0297291          1.0974
          1.682       0.0283489        0.341325
          1.684       0.0283638       -0.143925
          1.686       0.0289246         -0.2046
          1.688       0.0291822        0.159325
           1.69       0.0282873         0.76095
          1.692       0.0261384          1.2074
          1.694       0.0234577        1.376725
          1.696       0.0206315        1.352825
          1.698       0.0180464          1.1357
            1.7       0.0160887        0.782375
          1.702       0.0149169         0.46425
          1.704       0.0142317           0.296
          1.706       0.0137329          0.2779
          1.708       0.0131201        0.409925
           1.71       0.0120932        0.784295
          1.712      0.00998292       1.3057425
          1.714      0.00687023       1.6007125
          1.716      0.00358007       1.4832208
          1.718     0.000937347      0.95326775
           1.72    -0.000233001       0.2440006
          1.722    -3.86554e-05      -0.2436945
          1.724     0.000741777     -0.49137135
          1.726      0.00192683     -0.64831825
          1.728      0.00333505      -0.7145375
           1.73      0.00478498        -0.78566
          1.732      0.00647769      -0.9386325
          1.734      0.00853951      -1.0497775
          1.736       0.0106768      -1.0141225
          1.738        0.012596       -0.831675
           1.74       0.0140035          -0.297
          1.742        0.013784         0.57345
          1.744       0.0117097        1.241355
          1.746      0.00881858        1.390275
          1.748       0.0061486         1.02024
           1.75      0.00473762       0.2524025
          1.752      0.00513899       -0.493595
          1.754        0.006712        -0.89112
          1.756      0.00870347        -0.91205
          1.758       0.0103602      -0.5564075
           1.76       0.0109291       0.3047125
          1.762      0.00914135        1.429335
          1.764      0.00521176       2.1321318
          1.766     0.000612823       2.0986975
          1.768     -0.00318303       1.3290433
           1.77     -0.00470335        -0.02716
          1.772     -0.00307439      -1.3390712
          1.774     0.000652935      -2.0346175
          1.776      0.00506408      -2.0228887
          1.778      0.00874449        -1.30388
           1.78       0.0102796        -0.24346
          1.782      0.00971833        0.463285
          1.784      0.00842646       0.6883725
          1.786      0.00696484        0.633035
          1.788      0.00589432        0.297275
           1.79      0.00577574      -0.1073425
          1.792      0.00632369      -0.2934625
          1.794      0.00694959        -0.35894
          1.796      0.00775945        -0.47742
          1.798      0.00885927      -0.6489125
            1.8       0.0103551      -0.8185325
          1.802       0.0121334       -0.910875
          1.804       0.0139986        -0.95005
          1.806       0.0159336       -0.980675
          1.808       0.0179213        -1.00275
           1.81       0.0199446       -1.061425
          1.812        0.022167       -1.173175
          1.814       0.0246373         -1.2498
          1.816       0.0271662       -1.231775
          1.818       0.0295644       -1.119075
           1.82       0.0316425       -0.758175
          1.822       0.0325971         -0.1467
          1.824       0.0322293         0.33515
          1.826       0.0312565          0.4583
          1.828       0.0303961        0.222775
           1.83       0.0303654        -0.28895
          1.832       0.0315519       -0.781925
          1.834       0.0334931       -1.019875
          1.836       0.0356314          -0.979
          1.838       0.0374091        -0.65935
           1.84       0.0382688        -0.08425
          1.842       0.0377461        0.518825
          1.844       0.0361935        0.866775
          1.846        0.034279        0.880775
          1.848       0.0326704         0.56085
           1.85       0.0320356         0.05215
          1.852       0.0324618       -0.333125
          1.854       0.0333681       -0.489625
          1.856       0.0344203       -0.478975
          1.858        0.035284        -0.30115
           1.86       0.0356249        -0.06125
          1.862        0.035529        0.095275
          1.864       0.0352438        0.212925
          1.866       0.0346773        0.376525
          1.868       0.0337377          0.5861
           1.87       0.0323329        0.843475
          1.872       0.0303638        1.091425
          1.874       0.0279672          1.2396
          1.876       0.0254054          1.2567
          1.878       0.0229404         1.14275
           1.88       0.0208344        0.941525
          1.882       0.0191743        0.765275
          1.884       0.0177733        0.672825
          1.886        0.016483         0.65455
          1.888       0.0151551         0.71045
           1.89       0.0136412        0.953975
          1.892       0.0113392        1.372885
          1.894      0.00814966        1.665215
          1.896      0.00467834        1.654695
          1.898      0.00153088       1.3413457
            1.9    -0.000687043      0.54185775
          1.902    -0.000636551     -0.59909075
          1.904      0.00170932      -1.4062402
          1.906      0.00498841         -1.5323
          1.908      0.00783852      -0.9772675
           1.91      0.00889748         0.01495
          1.912      0.00777872       0.8442875
          1.914      0.00552033          1.2204
          1.916      0.00289712       1.2091057
          1.918     0.000683907      0.81040225
           1.92    -0.000344489      0.06165975
          1.922     0.000437268     -0.71594725
          1.924       0.0025193      -1.1340855
          1.926      0.00497361      -1.0882225
          1.928      0.00687219      -0.5783575
           1.93      0.00728704         0.29683
          1.932      0.00568487       1.1264325
          1.934      0.00278131       1.5407765
          1.936    -0.000478236       1.4824175
          1.938     -0.00314836       0.9513585
           1.94     -0.00428367         0.28057
          1.942     -0.00427064      -0.0407975
          1.944     -0.00412048       -0.111445
          1.946     -0.00382486        -0.18626
          1.948     -0.00337544      -0.2652475
           1.95     -0.00276387        -0.36136
          1.952        -0.00193     -0.46226425
          1.954    -0.000914813      -0.5170815
          1.956     0.000138326     -0.50021325
          1.958      0.00108604       -0.411661
           1.96      0.00178497        -0.18584
          1.962       0.0018294       0.1508875
          1.964      0.00118142        0.395026
          1.966     0.000249296      0.43502475
          1.968    -0.000558679         0.27088
           1.97    -0.000834224     -0.10537525
          1.972    -0.000137178      -0.5416435
          1.974      0.00133235      -0.7898545
          1.976      0.00302224      -0.7620075
          1.978      0.00438038      -0.4581025
           1.98      0.00485465        0.035155
          1.982      0.00423976       0.4701525
          1.984      0.00297404       0.6922475
          1.986      0.00147077       0.7077035
          1.988     0.000143226       0.5165205
           1.99    -0.000595312      0.24710425
          1.992    -0.000845191        0.089573
          1.994    -0.000953604        0.008089
          1.996    -0.000877547      -0.0948975
          1.998    -0.000574014     -0.21938675
              2               0      -0.1435035
          2.002               0               0
          2.004               0               0
          2.006               0               0
          2.008               0               0
           2.01               0               0
          2.012               0               0
          2.014               0               0
          2.016               0               0
          2.018               0               0
           2.02               0               0
          2.022               0               0
          2.024               0               0
          2.026               0               0
          2.028               0               0
           2.03               0               0
          2.032               0               0
          2.034               0               0
          2.036               0               0
          2.038               0               0
           2.04               0               0
          2.042               0               0
          2.044               0               0
          2.046               0               0
          2.048               0               0
           2.05               0               0
          2.052               0               0
          2.054               0               0
          2.056               0               0
          2.058               0               0
           2.06               0               0
          2.062               0               0
          2.064               0               0
          2.066               0               0
          2.068               0               0
           2.07               0               0
          2.072               0               0
          2.074               0               0
          2.076               0               0
          2.078               0               0
           2.08               0               0
          2.082               0               0
          2.084               0               0
          2.086               0               0
          2.088               0               0
           2.09               0               0
          2.092               0               0
          2.094               0               0
          2.096               0               0
          2.098               0               0
            2.1               0               0
          2.102               0               0
          2.104               0               0
          2.106               0               0
          2.108               0               0
           2.11               0               0
          2.112               0               0
          2.114               0               0
          2.116               0               0
          2.118               0               0
           2.12               0               0
          2.122               0               0
          2.124               0               0
          2.126               0               0
          2.128               0               0
           2.13               0               0
          2.132               0               0
          2.134               0               0
          2.136               0               0
          2.138               0               0
           2.14               0               0
          2.142               0               0
          2.144               0               0
          2.146               0               0
          2.148               0               0
           2.15               0               0
          2.152               0               0
          2.154               0               0
          2.156               0               0
          2.158               0               0
           2.16               0               0
          2.162               0               0
          2.164               0               0
          2.166               0               0
          2.168               0               0
           2.17               0               0
          2.172               0               0
          2.174               0               0
          2.176               0               0
          2.178               0               0
           2.18               0               0
          2.182               0               0
          2.184               0               0
          2.186               0               0
          2.188               0               0
           2.19               0               0
          2.192               0               0
          2.194               0               0
          2.196               0               0
          2.198               0               0
            2.2               0               0
          2.202               0               0
          2.204               0               0
          2.206               0               0
          2.208               0               0
           2.21               0               0
          2.212               0               0
          2.214               0               0
          2.216               0               0
          2.218               0               0
           2.22               0               0
          2.222               0               0
          2.224               0               0
          2.226               0               0
          2.228               0               0
           2.23               0               0
          2.232               0               0
          2.234               0               0
          2.236               0               0
          2.238               0               0
           2.24               0               0
          2.242               0               0
          2.244               0               0
          2.246               0               0
          2.248               0               0
           2.25               0               0
          2.252               0               0
          2.254               0               0
          2.256               0               0
          2.258               0               0
           2.26               0               0
          2.262               0               0
          2.264               0               0
          2.266               0               0
          2.268               0               0
           2.27               0               0
          2.272               0               0
          2.274               0               0
          2.276               0               0
          2.278               0               0
           2.28               0               0
          2.282               0               0
          2.284               0               0
          2.286               0               0
          2.288               0               0
           2.29               0               0
          2.292               0               0
          2.294               0               0
          2.296               0               0
          2.298               0               0
            2.3               0               0
          2.302               0               0
          2.304               0               0
          2.306               0               0
          2.308               0               0
           2.31               0               0
          2.312               0               0
          2.314               0               0
          2.316               0               0
          2.318               0               0
           2.32               0               0
          2.322               0               0
          2.324               0               0
          2.326               0               0
          2.328               0               0
           2.33               0               0
          2.332               0               0
          2.334               0               0
          2.336               0               0
          2.338               0               0
           2.34               0               0
          2.342               0               0
          2.344               0               0
          2.346               0               0
          2.348               0               0
           2.35               0               0
          2.352               0               0
          2.354               0               0
          2.356               0               0
          2.358               0               0
           2.36               0               0
          2.362               0               0
          2.364               0               0
          2.366               0               0
          2.368               0               0
           2.37               0               0
          2.372               0               0
          2.374               0               0
          2.376               0               0
          2.378               0               0
           2.38               0               0
          2.382               0               0
          2.384               0               0
          2.386               0               0
          2.388               0               0
           2.39               0               0
          2.392               0               0
          2.394               0               0
          2.396               0               0
          2.398               0               0
            2.4               0               0
          2.402               0               0
          2.404               0               0
          2.406               0               0
          2.408               0               0
           2.41               0               0
          2.412               0               0
          2.414               0               0
          2.416               0               0
          2.418               0               0
           2.42               0               0
          2.422               0               0
          2.424               0               0
          2.426               0               0
          2.428               0               0
           2.43               0               0
          2.432               0               0
          2.434               0               0
          2.436               0               0
          2.438               0               0
           2.44               0               0
          2.442               0               0
          2.444               0               0
          2.446               0               0
          2.448               0               0
           2.45               0               0
          2.452               0               0
          2.454               0               0
          2.456               0               0
          2.458               0               0
           2.46               0               0
          2.462               0               0
          2.464               0               0
          2.466               0               0
          2.468               0               0
           2.47               0               0
          2.472               0               0
          2.474               0               0
          2.476               0               0
          2.478               0               0
           2.48               0               0
          2.482               0               0
          2.484               0               0
          2.486               0               0
          2.488               0               0
           2.49               0               0
          2.492               0               0
          2.494               0               0
          2.496               0               0
          2.498               0               0
            2.5               0               0
          2.502               0               0
          2.504               0               0
          2.506               0               0
          2.508               0               0
           2.51               0               0
          2.512               0               0
          2.514               0               0
          2.516               0               0
          2.518               0               0
           2.52               0               0
          2.522               0               0
          2.524               0               0
          2.526               0               0
          2.528               0               0
           2.53               0               0
          2.532               0               0
          2.534               0               0
          2.536               0               0
          2.538               0               0
           2.54               0               0
          2.542               0               0
          2.544               0               0
          2.546               0               0
          2.548               0               0
           2.55               0               0
          2.552               0               0
          2.554               0               0
          2.556               0               0
          2.558               0               0
           2.56               0               0
          2.562               0               0
          2.564               0               0
          2.566               0               0
          2.568               0               0
           2.57               0               0
          2.572               0               0
          2.574               0               0
          2.576               0               0
          2.578               0               0
           2.58               0               0
          2.582               0               0
          2.584               0               0
          2.586               0               0
          2.588               0               0
           2.59               0               0
          2.592               0               0
          2.594               0               0
          2.596               0               0
          2.598               0               0
            2.6               0               0
          2.602               0               0
          2.604               0               0
          2.606               0               0
          2.608               0               0
           2.61               0               0
          2.612               0               0
          2.614               0               0
          2.616               0               0
          2.618               0               0
           2.62               0               0
          2.622               0               0
          2.624               0               0
          2.626               0               0
          2.628               0               0
           2.63               0               0
          2.632               0               0
          2.634               0               0
          2.636               0               0
          2.638               0               0
           2.64               0               0
          2.642               0               0
          2.644               0               0
          2.646               0               0
          2.648               0               0
           2.65               0               0
          2.652               0               0
          2.654               0               0
          2.656               0               0
          2.658               0               0
           2.66               0               0
          2.662               0               0
          2.664               0               0
          2.666               0               0
          2.668               0               0
           2.67               0               0
          2.672               0               0
          2.674               0               0
          2.676               0               0
          2.678               0               0
           2.68               0               0
          2.682               0               0
          2.684               0               0
          2.686               0               0
          2.688               0               0
           2.69               0               0
          2.692               0               0
          2.694               0               0
          2.696               0               0
          2.698               0               0
            2.7               0               0
          2.702               0               0
          2.704               0               0
          2.706               0               0
          2.708               0               0
           2.71               0               0
          2.712               0               0
          2.714               0               0
          2.716               0               0
          2.718               0               0
           2.72               0               0
          2.722               0               0
          2.724               0               0
          2.726               0               0
          2.728               0               0
           2.73               0               0
          2.732               0               0
          2.734               0               0
          2.736               0               0
          2.738               0               0
           2.74               0               0
          2.742               0               0
          2.744               0               0
          2.746               0               0
          2.748               0               0
           2.75               0               0
          2.752               0               0
          2.754               0               0
          2.756               0               0
          2.758               0               0
           2.76               0               0
          2.762               0               0
          2.764               0               0
          2.766               0               0
          2.768               0               0
           2.77               0               0
          2.772               0               0
          2.774               0               0
          2.776               0               0
          2.778               0               0
           2.78               0               0
          2.782               0               0
          2.784               0               0
          2.786               0               0
          2.788               0               0
           2.79               0               0
          2.792               0               0
          2.794               0               0
          2.796               0               0
          2.798               0               0
            2.8               0               0
          2.802               0               0
          2.804               0               0
          2.806               0               0
          2.808               0               0
           2.81               0               0
          2.812               0               0
          2.814               0               0
          2.816               0               0
          2.818               0               0
           2.82               0               0
          2.822               0               0
          2.824               0               0
          2.826               0               0
          2.828               0               0
           2.83               0               0
          2.832               0               0
          2.834               0               0
          2.836               0               0
          2.838               0               0
           2.84               0               0
          2.842               0               0
          2.844               0               0
          2.846               0               0
          2.848               0               0
           2.85               0               0
          2.852               0               0
          2.854               0               0
          2.856               0               0
          2.858               0               0
           2.86               0               0
          2.862               0               0
          2.864               0               0
          2.866               0               0
          2.868               0               0
           2.87               0               0
          2.872               0               0
          2.874               0               0
          2.876               0               0
          2.878               0               0
           2.88               0               0
          2.882               0               0
          2.884               0               0
          2.886               0               0
          2.888               0               0
           2.89               0               0
          2.892               0               0
          2.894               0               0
          2.896               0               0
          2.898               0               0
            2.9               0               0
          2.902               0               0
          2.904               0               0
          2.906               0               0
          2.908               0               0
           2.91               0               0
          2.912               0               0
          2.914               0               0
          2.916               0               0
          2.918               0               0
           2.92               0               0
          2.922               0               0
          2.924               0               0
          2.926               0               0
          2.928               0               0
           2.93               0               0
          2.932               0               0
          2.934               0               0
          2.936               0               0
          2.938               0               0
           2.94               0               0
          2.942               0               0
          2.944               0               0
          2.946               0               0
          2.948               0               0
           2.95               0               0
          2.952               0               0
          2.954               0               0
          2.956               0               0
          2.958               0               0
           2.96               0               0
          2.962               0               0
          2.964               0               0
          2.966               0               0
          2.968               0               0
           2.97               0               0
          2.972               0               0
          2.974               0               0
          2.976               0               0
          2.978               0               0
           2.98               0               0
          2.982               0               0
          2.984               0               0
          2.986               0               0
          2.988               0               0
           2.99               0               0
          2.992               0               0
          2.994               0               0
          2.996               0               0
          2.998               0               0
              3               0               0
          3.002               0               0
          3.004               0               0
          3.006               0               0
          3.008               0               0
           3.01               0               0
          3.012               0               0
          3.014               0               0
          3.016               0               0
          3.018               0               0
           3.02               0               0
          3.022               0               0
          3.024               0               0
          3.026               0               0
          3.028               0               0
           3.03               0               0
          3.032               0               0
          3.034               0               0
          3.036               0               0
          3.038               0               0
           3.04               0               0
          3.042               0               0
          3.044               0               0
          3.046               0               0
          3.048               0               0
           3.05               0               0
          3.052               0               0
          3.054               0               0
          3.056               0               0
          3.058               0               0
           3.06               0               0
          3.062               0               0
          3.064               0               0
          3.066               0               0
          3.068               0               0
           3.07               0               0
          3.072               0               0
          3.074               0               0
          3.076               0               0
          3.078               0               0
           3.08               0               0
          3.082               0               0
          3.084               0               0
          3.086               0               0
          3.088               0               0
           3.09               0               0
          3.092               0               0
          3.094               0               0
          3.096               0               0
          3.098               0               0
            3.1               0               0
          3.102               0               0
          3.104               0               0
          3.106               0               0
          3.108               0               0
           3.11               0               0
          3.112               0               0
          3.114               0               0
          3.116               0               0
          3.118               0               0
           3.12               0               0
          3.122               0               0
          3.124               0               0
          3.126               0               0
          3.128               0               0
           3.13               0               0
          3.132               0               0
          3.134               0               0
          3.136               0               0
          3.138               0               0
           3.14               0               0
          3.142               0               0
          3.144               0               0
          3.146               0               0
          3.148               0               0
           3.15               0               0
          3.152               0               0
          3.154               0               0
          3.156               0               0
          3.158               0               0
           3.16               0               0
          3.162               0               0
          3.164               0               0
          3.166               0               0
          3.168               0               0
           3.17               0               0
          3.172               0               0
          3.174               0               0
          3.176               0               0
          3.178               0               0
           3.18               0               0
          3.182               0               0
          3.184               0               0
          3.186               0               0
          3.188               0               0
           3.19               0               0
          3.192               0               0
          3.194               0               0
          3.196               0               0
          3.198               0               0
            3.2               0               0
          3.202               0               0
          3.204               0               0
          3.206               0               0
          3.208               0               0
           3.21               0               0
          3.212               0               0
          3.214               0               0
          3.216               0               0
          3.218               0               0
           3.22               0               0
          3.222               0               0
          3.224               0               0
          3.226               0               0
          3.228               0               0
           3.23               0               0
          3.232               0               0
          3.234               0               0
          3.236               0               0
          3.238               0               0
           3.24               0               0
          3.242               0               0
          3.244               0               0
          3.246               0               0
          3.248               0               0
           3.25               0               0
          3.252               0               0
          3.254               0               0
          3.256               0               0
          3.258               0               0
           3.26               0               0
          3.262               0               0
          3.264               0               0
          3.266               0               0
          3.268               0               0
           3.27               0               0
          3.272               0               0
          3.274               0               0
          3.276               0               0
          3.278               0               0
           3.28               0               0
          3.282               0               0
          3.284               0               0
          3.286               0               0
          3.288               0               0
           3.29               0               0
          3.292               0               0
          3.294               0               0
          3.296               0               0
          3.298               0               0
            3.3               0               0
          3.302               0               0
          3.304               0               0
          3.306               0               0
          3.308               0               0
           3.31               0               0
          3.312               0               0
          3.314               0               0
          3.316               0               0
          3.318               0               0
           3.32               0               0
          3.322               0               0
          3.324               0               0
          3.326               0               0
          3.328               0               0
           3.33               0               0
          3.332               0               0
          3.334               0               0
          3.336               0               0
          3.338               0               0
           3.34               0               0
          3.342               0               0
          3.344               0               0
          3.346               0               0
          3.348               0               0
           3.35               0               0
          3.352               0               0
          3.354               0               0
          3.356               0               0
          3.358               0               0
           3.36               0               0
          3.362               0               0
          3.364               0               0
          3.366               0               0
          3.368               0               0
           3.37               0               0
          3.372               0               0
          3.374               0               0
          3.376               0               0
          3.378               0               0
           3.38               0               0
          3.382               0               0
          3.384               0               0
          3.386               0               0
          3.388               0               0
           3.39               0               0
          3.392               0               0
          3.394               0               0
          3.396               0               0
          3.398               0               0
            3.4               0               0
          3.402               0               0
          3.404               0               0
          3.406               0               0
          3.408               0               0
           3.41               0               0
          3.412               0               0
          3.414               0               0
          3.416               0               0
          3.418               0               0
           3.42               0               0
          3.422               0               0
          3.424               0               0
          3.426               0               0
          3.428               0               0
           3.43               0               0
          3.432               0               0
          3.434               0               0
          3.436               0               0
          3.438               0               0
           3.44               0               0
          3.442               0               0
          3.444               0               0
          3.446               0               0
          3.448               0               0
           3.45               0               0
          3.452               0               0
          3.454               0               0
          3.456               0               0
          3.458               0               0
           3.46               0               0
          3.462               0               0
          3.464               0               0
          3.466               0               0
          3.468               0               0
           3.47               0               0
          3.472               0               0
          3.474               0               0
          3.476               0               0
          3.478               0               0
           3.48               0               0
          3.482               0               0
          3.484               0               0
          3.486               0               0
          3.488               0               0
           3.49               0               0
          3.492               0               0
          3.494               0               0
          3.496               0               0
          3.498               0               0
            3.5               0               0
