          0.002       575.48398       4864.2885
          0.004       565.83763       4782.7526
          0.006       556.35297       4702.5833
          0.008        547.0273       4623.7579
           0.01       537.85794       4546.2538
          0.012       528.84228       4470.0487
          0.014       519.97775       4395.1211
          0.016        511.2618       4321.4494
          0.018       502.69195       4249.0126
           0.02       494.26575         4177.79
          0.022       485.98079       4107.7612
          0.024        477.8347       4038.9063
          0.026       469.82516       3971.2055
          0.028       461.94988       3904.6395
           0.03       454.20661       3839.1894
          0.032       446.59312       3774.8363
          0.034       439.10726       3711.5619
          0.036       431.74688       3649.3481
          0.038       424.50987       3588.1772
           0.04       417.39417       3528.0316
          0.042       410.39774       3468.8942
          0.044       403.51859        3410.748
          0.046       396.75475       3353.5765
          0.048       390.10429       3297.3634
           0.05        383.5653       3242.0924
          0.052       377.13592        3187.748
          0.054        370.8143       3134.3145
          0.056       364.59866       3081.7766
          0.058        358.4872       3030.1194
           0.06       352.47818        2979.328
          0.062       346.56989       2929.3881
          0.064       340.76063       2880.2852
          0.066       335.04875       2832.0054
          0.068       329.43261       2784.5349
           0.07       323.91061       2737.8601
          0.072       318.48117       2691.9677
          0.074       313.14273       2646.8445
          0.076       307.89379       2602.4777
          0.078       302.73282       2558.8545
           0.08       297.65837       2515.9626
          0.082       292.66897       2473.7897
          0.084       287.76321       2432.3236
          0.086       282.93968       2391.5526
          0.088         278.197       2351.4651
           0.09       273.53382       2312.0494
          0.092        268.9488       2273.2945
          0.094       264.44064       2235.1892
          0.096       260.00805       2197.7226
          0.098       255.64975        2160.884
            0.1       251.36451        2124.663
          0.102        247.1511        2089.049
          0.104       243.00831       2054.0321
          0.106       238.93497       2019.6021
          0.108       234.92991       1985.7492
           0.11       230.99197       1952.4637
          0.112       227.12005       1919.7362
          0.114       223.31303       1887.5573
          0.116       219.56982       1855.9178
          0.118       215.88936       1824.8086
           0.12       212.27059       1794.2209
          0.122       208.71247       1764.1459
          0.124         205.214        1734.575
          0.126       201.77417       1705.4998
          0.128         198.392       1676.9119
           0.13       195.06653       1648.8033
          0.132       191.79679       1621.1658
          0.134       188.58186       1593.9915
          0.136       185.42082       1567.2728
          0.138       182.31277       1541.0019
           0.14       179.25682       1515.1714
          0.142       176.25209       1489.7739
          0.144       173.29772       1464.8021
          0.146       170.39288       1440.2488
          0.148       167.53673       1416.1071
           0.15       164.72845       1392.3701
          0.152       161.96725        1369.031
          0.154       159.25233       1346.0831
          0.156       156.58291       1323.5198
          0.158       153.95825       1301.3348
           0.16       151.37757       1279.5216
          0.162       148.84016       1258.0741
          0.164       146.34528        1236.986
          0.166       143.89222       1216.2515
          0.168       141.48027       1195.8645
           0.17       139.10876       1175.8192
          0.172         136.777         1156.11
          0.174       134.48432       1136.7311
          0.176       132.23007        1117.677
          0.178       130.01361       1098.9423
           0.18        127.8343       1080.5217
          0.182       125.69152       1062.4098
          0.184       123.58466       1044.6015
          0.186       121.51312       1027.0918
          0.188        119.4763       1009.8755
           0.19       117.47361       992.94781
          0.192        115.5045       976.30386
          0.194        113.5684        959.9389
          0.196       111.66475       943.84826
          0.198       109.79301       928.02733
            0.2       107.95264       912.47159
          0.202       106.14312        897.1766
          0.204       104.36393       882.13798
          0.206       102.61457       867.35145
          0.208       100.89453       852.81277
           0.21       99.203317       838.51779
          0.212       97.540456       824.46242
          0.214       95.905467       810.64266
          0.216       94.297885       797.05454
          0.218       92.717249       783.69419
           0.22       91.163108       770.55778
          0.222       89.635018       757.64157
          0.224       88.132542       744.94187
          0.226       86.655251       732.45504
          0.228       85.202722       720.17751
           0.23       83.774541       708.10578
          0.232       82.370299        696.2364
          0.234       80.989595       684.56598
          0.236       79.632035       673.09118
          0.238        78.29723       661.80872
           0.24         76.9848       650.71538
          0.242       75.694369       639.80799
          0.244       74.425568       629.08343
          0.246       73.178035       618.53863
          0.248       71.951413       608.17059
           0.25       70.745353       597.97634
          0.252       69.559508       587.95297
          0.254       68.393541       578.09761
          0.256       67.247118       568.40745
          0.258       66.119911       558.87972
           0.26       65.011599       549.51169
          0.262       63.921864       540.30069
          0.264       62.850396       531.24408
          0.266       61.796888       522.33929
          0.268       60.761039       513.58375
           0.27       59.742553       504.97498
          0.272       58.741139       496.51051
          0.274       57.756511       488.18793
          0.276       56.788387       480.00485
          0.278       55.836491       471.95893
           0.28       54.900551       464.04788
          0.282         53.9803       456.26944
          0.284       53.075474       448.62138
          0.286       52.185814       441.10152
          0.288       51.311068       433.70771
           0.29       50.450984       426.43783
          0.292       49.605316       419.28981
          0.294       48.773824       412.26161
          0.296        47.95627       405.35122
          0.298       47.152419       398.55666
            0.3       46.362043       391.87599
          0.302       45.584915        385.3073
          0.304       44.820814       378.84872
          0.306       44.069521        372.4984
          0.308        43.33082       366.25453
           0.31       42.604502       360.11531
          0.312       41.890359         354.079
          0.314       41.188186       348.14387
          0.316       40.497784       342.30823
          0.318       39.818954       336.57041
           0.32       39.151502       330.92876
          0.322       38.495238       325.38168
          0.324       37.849975       319.92759
          0.326       37.215528       314.56491
          0.328       36.591716       309.29212
           0.33        35.97836       304.10772
          0.332       35.375285       299.01022
          0.334       34.782319       293.99816
          0.336       34.199292       289.07012
          0.338       33.626038       284.22468
           0.34       33.062393       279.46046
          0.342       32.508196        274.7761
          0.344       31.963289       270.17026
          0.346       31.427515       265.64163
          0.348       30.900722        261.1889
           0.35        30.38276       256.81081
          0.352       29.873479       252.50611
          0.354       29.372735       248.27356
          0.356       28.880385       244.11196
          0.358       28.396287       240.02012
           0.36       27.920304       235.99687
          0.362         27.4523       231.75112
          0.364         26.9933         229.425
          0.366         26.5346           229.4
          0.368         26.0757           229.6
           0.37         25.6162         235.925
          0.372          25.132         253.925
          0.374         24.6005         277.025
          0.376         24.0239         299.025
          0.378         23.4044          319.95
           0.38         22.7441          425.45
          0.382         21.7026         646.775
          0.384          20.157         816.625
          0.386         18.4361         822.075
          0.388         16.8687          663.15
           0.39         15.7835          449.25
          0.392         15.0717         344.225
          0.394         14.4066         320.325
          0.396         13.7904           295.4
          0.398          13.225           269.5
            0.4         12.7124           251.7
          0.402         12.2182          248.25
          0.404         11.7194           245.7
          0.406         11.2354         233.425
          0.408         10.7857           211.5
           0.41         10.3894          188.55
          0.412         10.0315          176.41
          0.414         9.68376          171.42
          0.416         9.34582        166.5775
          0.418         9.01745        161.8625
           0.42         8.69837         158.165
          0.422         8.38479        155.9075
          0.424         8.07474          153.53
          0.426         7.77067         149.935
          0.428           7.475          145.12
           0.43         7.19019        139.3525
          0.432         6.91759          132.52
          0.434         6.66011        123.7725
          0.436          6.4225        112.6425
          0.438         6.20954          99.135
           0.44         6.02596         86.8275
          0.442         5.86223           80.63
          0.444         5.70344          78.965
          0.446         5.54637          78.915
          0.448         5.38778         80.4825
           0.45         5.22444          82.735
          0.452         5.05684         84.0425
          0.454         4.88827         84.2875
          0.456         4.71969           84.06
          0.458         4.55203         83.3575
           0.46         4.38626          81.795
          0.462         4.22485         79.6175
          0.464         4.06779           78.14
          0.466         3.91229         78.0575
          0.468         3.75556         79.3725
           0.47          3.5948         82.1475
          0.472         3.42697         85.4075
          0.474         3.25317         87.5375
          0.476         3.07682         87.9625
          0.478         2.90132           86.68
           0.48          2.7301            84.5
          0.482         2.56332          82.555
          0.484         2.39988           80.49
          0.486         2.24136           77.65
          0.488         2.08928          74.035
           0.49         1.94522         69.8725
          0.492         1.80979         65.9475
          0.494         1.68143         62.8575
          0.496         1.55836         60.6525
          0.498         1.43882          59.335
            0.5         1.32102         58.7925
          0.502         1.20365          58.345
          0.504         1.08764          57.255
          0.506         0.97463         55.3465
          0.508        0.866254         52.6215
           0.51        0.764144        49.22275
          0.512        0.669363        45.77925
          0.514        0.581027        42.87775
          0.516        0.497852         40.6185
          0.518        0.418553        39.00175
           0.52        0.341845         38.0255
          0.522        0.266451          37.289
          0.524        0.192689        36.19725
          0.526        0.121662       34.553625
          0.528       0.0544745       32.357683
           0.53     -0.00776873         29.5379
          0.532      -0.0636771       26.682317
          0.534       -0.114498       24.852225
          0.536       -0.163086        24.44925
          0.538       -0.212295        25.47275
           0.54       -0.264977        28.52675
          0.542       -0.326402        32.57975
          0.544       -0.395296        34.57425
          0.546       -0.464699        33.08875
          0.548       -0.527651        28.12375
           0.55       -0.577194        21.69375
          0.552       -0.614426          17.227
          0.554       -0.646102        14.83075
          0.556       -0.673749        13.19775
          0.558       -0.698893        12.32775
           0.56        -0.72306        12.12175
          0.562        -0.74738        12.15725
          0.564       -0.771689         12.0495
          0.566       -0.795578         11.7375
          0.568       -0.818639        11.22125
           0.57       -0.840463         10.5605
          0.572       -0.860881          9.9305
          0.574       -0.880185         9.44475
          0.576        -0.89866         9.10075
          0.578       -0.916588         8.89825
           0.58       -0.934253         9.00725
          0.582       -0.952617         9.14975
          0.584       -0.970852           8.485
          0.586       -0.986557          6.6195
          0.588        -0.99733         3.55325
           0.59        -1.00077          0.2145
          0.592       -0.998188        -1.86625
          0.594       -0.993305         -2.7145
          0.596        -0.98733        -2.95775
          0.598       -0.981474        -2.59625
            0.6       -0.976945        -1.97675
          0.602       -0.973567          -1.662
          0.604       -0.970297        -1.63075
          0.606       -0.967044        -1.64425
          0.608        -0.96372          -1.703
           0.61       -0.960232        -1.87425
          0.612       -0.956223        -2.17775
          0.614       -0.951521        -2.47525
          0.616       -0.946322        -2.67475
          0.618       -0.940822         -2.7765
           0.62       -0.935216         -3.1795
          0.622       -0.928104          -4.296
          0.624       -0.918032          -5.747
          0.626       -0.905116        -7.13975
          0.628       -0.889473        -8.47475
           0.63       -0.871217         -11.254
          0.632       -0.844457         -15.866
          0.634       -0.807753       -19.13875
          0.636       -0.767902        -19.0135
          0.638       -0.731699         -15.491
           0.64       -0.705938       -10.90375
          0.642       -0.688084          -8.777
          0.644        -0.67083        -8.56525
          0.646       -0.653823        -8.53125
          0.648       -0.636705        -8.67525
           0.65       -0.619122        -8.89075
          0.652       -0.601142        -9.03525
          0.654       -0.582981        -9.15925
          0.656       -0.564505        -9.35075
          0.658       -0.545578         -9.6095
           0.66       -0.526067        -11.9815
          0.662       -0.497652       -17.21725
          0.664       -0.457198       -21.32725
          0.666       -0.412343         -21.618
          0.668       -0.370726       -18.08925
           0.67       -0.339986        -12.9835
          0.672       -0.318792         -10.054
          0.674        -0.29977        -9.32425
          0.676       -0.281495         -9.3065
          0.678       -0.262544        -10.0005
           0.68       -0.241493         -10.924
          0.682       -0.218848       -11.39225
          0.684       -0.195924       -11.58525
          0.686       -0.172507         -11.885
          0.688       -0.148384         -12.291
           0.69       -0.123343        -13.2344
          0.692      -0.0954464      -14.753225
          0.694      -0.0643301        -15.8267
          0.696      -0.0321396      -15.827415
          0.698     -0.00102044        -14.7554
            0.7        0.026882       -12.80776
          0.702       0.0502106       -10.87225
          0.704        0.070371       -9.787825
          0.706       0.0893619        -9.70275
          0.708        0.109182      -10.617025
           0.71         0.13183        -12.0365
          0.712        0.157328         -13.084
          0.714        0.184166        -13.6795
          0.716        0.212046         -14.126
          0.718         0.24067       -14.42325
           0.72        0.269739       -15.38425
          0.722        0.302207       -17.31775
          0.724         0.33901        -18.6545
          0.726        0.376825       -18.32975
          0.728        0.412329       -16.34375
           0.73          0.4422         -12.403
          0.732        0.461941        -7.66225
          0.734        0.472849          -4.587
          0.736        0.480289          -4.195
          0.738        0.489629         -6.4865
           0.74        0.506235         -9.7275
          0.742        0.528539        -11.2915
          0.744        0.551401       -11.57175
          0.746        0.574826        -11.8555
          0.748        0.598823       -12.14275
           0.75        0.623397       -12.96575
          0.752        0.650686       -14.34425
          0.754        0.680774        -14.9745
          0.756        0.710584         -14.067
          0.758        0.737042         -11.622
           0.76        0.757072         -8.6685
          0.762        0.771716        -6.88925
          0.764        0.784629        -6.23425
          0.766        0.796653         -6.0015
          0.768        0.808635         -6.1915
           0.77        0.821419          -6.625
          0.772        0.835135        -6.93525
          0.774         0.84916        -7.01675
          0.776        0.863202         -6.9525
          0.778         0.87697          -6.743
           0.78        0.890174        -6.14975
          0.782        0.901569        -5.05475
          0.784        0.910393        -3.87575
          0.786        0.917072        -2.91025
          0.788        0.922034        -2.15825
           0.79        0.925705         -1.5465
          0.792         0.92822         -1.0185
          0.794        0.929779        -0.67375
          0.796        0.930915        -0.59525
          0.798         0.93216          -0.782
            0.8        0.934043         -1.5915
          0.802        0.938526          -2.858
          0.804        0.945475        -3.43925
          0.806        0.952283          -2.717
          0.808        0.956343          -0.691
           0.81        0.955047          1.9425
          0.812        0.948573         3.88725
          0.814        0.939498            4.94
          0.816        0.928813          5.4975
          0.818        0.917508          5.5595
           0.82        0.906575         5.25675
          0.822        0.896481         4.99725
          0.824        0.886586         5.06775
          0.826         0.87621         5.47725
          0.828        0.864677          6.2255
           0.83        0.851308            7.88
          0.832        0.833157        10.42175
          0.834        0.809621        12.40425
          0.836         0.78354        12.96775
          0.838         0.75775         12.1125
           0.84         0.73509          10.692
          0.842        0.714982          10.027
          0.844        0.694982         9.96325
          0.846        0.675129         9.88025
          0.848        0.655461         9.77775
           0.85        0.636018         9.59175
          0.852        0.617094         9.32225
          0.854        0.598729         9.12925
          0.856        0.580577         9.10925
          0.858        0.562292           9.262
           0.86        0.543529        10.13525
          0.862        0.521751          11.807
          0.864        0.496301         13.0235
          0.866        0.469657         13.0015
          0.868        0.444295        11.74125
           0.87        0.422692            9.47
          0.872        0.406415            7.21
          0.874        0.393852         5.92575
          0.876        0.382712          5.7865
          0.878        0.370706           6.792
           0.88        0.355544         8.28175
          0.882        0.337579           9.188
          0.884        0.318792           9.562
          0.886        0.299331          9.8615
          0.888        0.279346         10.0865
           0.89        0.258985          10.854
          0.892         0.23593        12.34575
          0.894        0.209602        13.29175
          0.896        0.182763         12.8565
          0.898        0.158176         11.0405
            0.9        0.138601         8.22525
          0.902        0.125275         5.46775
          0.904         0.11673         3.40075
          0.906        0.111672            1.98
          0.908         0.10881         1.20525
           0.91        0.106851           0.684
          0.912        0.106074          0.0245
          0.914        0.106753          -0.379
          0.916         0.10759        -0.13275
          0.918        0.107284          0.7635
           0.92        0.104536          1.9145
          0.922        0.099626          2.6816
          0.924       0.0938096         3.09355
          0.926       0.0872518        3.423075
          0.928       0.0801173          3.6702
           0.93        0.072571        4.034825
          0.932        0.063978        4.603875
          0.934       0.0541555        5.008125
          0.936       0.0439455        4.991375
          0.938         0.03419          4.5536
           0.94       0.0257311         3.20415
          0.942       0.0213734          1.0979
          0.944       0.0213395        -0.30615
          0.946        0.022598       -0.194575
          0.948       0.0221178        1.432575
           0.95       0.0168677       3.7747925
          0.952      0.00701863         5.34771
          0.954     -0.00452314       5.9260825
          0.956      -0.0166857        5.968465
          0.958       -0.028397          5.4749
           0.96      -0.0385853        4.841775
          0.962      -0.0477641          4.5827
          0.964      -0.0569161          4.4772
          0.966      -0.0656729          4.1875
          0.968      -0.0736661        3.713625
           0.97      -0.0805274        3.159225
          0.972       -0.086303         2.74245
          0.974      -0.0914972        2.531225
          0.976      -0.0964279         2.47895
          0.978       -0.101413        2.585775
           0.98       -0.106771         2.88275
          0.982       -0.112944          3.2535
          0.984       -0.119785         3.44575
          0.986       -0.126727          3.3545
          0.988       -0.133203            2.98
           0.99       -0.138647          2.2795
          0.992       -0.142321          1.3695
          0.994       -0.144125         0.53125
          0.996       -0.144446        -0.11275
          0.998       -0.143674        -0.56275
              1       -0.142195        -0.81475
          1.002       -0.140415        -0.92775
          1.004       -0.138484        -1.00075
          1.006       -0.136412         -1.0695
          1.008       -0.134206          -1.134
           1.01       -0.131876         -1.2845
          1.012       -0.129068          -1.535
          1.014       -0.125736        -1.67925
          1.016       -0.122351          -1.588
          1.018       -0.119384         -1.2615
           1.02       -0.117305         -0.5935
          1.022        -0.11701         0.29925
          1.024       -0.118502         0.97725
          1.026       -0.120919         1.22375
          1.028       -0.123397         1.03875
           1.03       -0.125074         0.62925
          1.032       -0.125914           0.322
          1.034       -0.126362         0.08875
          1.036       -0.126269        -0.21825
          1.038       -0.125489        -0.59925
           1.04       -0.123872          -1.932
          1.042       -0.117761          -4.455
          1.044       -0.106052       -6.332225
          1.046      -0.0924321       -6.365875
          1.048      -0.0805885       -4.556125
           1.05      -0.0742076       -2.185875
          1.052       -0.071845         -1.1605
          1.054      -0.0695656        -1.13125
          1.056        -0.06732       -1.126675
          1.058      -0.0650589        -1.14675
           1.06       -0.062733       -1.187325
          1.062      -0.0603096          -1.228
          1.064       -0.057821         -1.2485
          1.066      -0.0553156       -1.244825
          1.068      -0.0528417          -1.217
           1.07      -0.0504476         -0.0884
          1.072      -0.0524881         2.50315
          1.074      -0.0604602         4.40945
          1.076      -0.0701259          4.1967
          1.078       -0.077247         1.86485
           1.08      -0.0775853       -1.106775
          1.082      -0.0728199        -2.49195
          1.084      -0.0676175         -2.6496
          1.086      -0.0622215        -2.68555
          1.088      -0.0568753        -2.59985
           1.09      -0.0518221        -2.68285
          1.092      -0.0461439       -3.041225
          1.094      -0.0396572        -3.10925
          1.096      -0.0337069        -2.50475
          1.098      -0.0296382       -1.227725
            1.1       -0.028796           0.214
          1.102      -0.0304942          1.0338
          1.104      -0.0329312        1.321225
          1.106      -0.0357791        1.444625
          1.108      -0.0387097           1.404
           1.11      -0.0413951        1.282525
          1.112      -0.0438398         1.21735
          1.114      -0.0462645        1.206475
          1.116      -0.0486657        1.193825
          1.118      -0.0510398        1.179375
           1.12      -0.0533832        0.416675
          1.122      -0.0527065         -1.3859
          1.124      -0.0478396       -2.799475
          1.126      -0.0415086         -2.8501
          1.128      -0.0364392        -1.53785
           1.13      -0.0353572        0.796875
          1.132      -0.0396267        2.988325
          1.134      -0.0473105        4.138925
          1.136      -0.0561824        4.176525
          1.138      -0.0640166        3.101175
           1.14      -0.0685871        1.556675
          1.142      -0.0702433         0.64855
          1.144      -0.0711813         0.42535
          1.146      -0.0719447         0.47395
          1.148      -0.0730771         0.79435
           1.15      -0.0751221          1.2783
          1.152      -0.0781903        1.664225
          1.154       -0.081779        1.830375
          1.156      -0.0855118        1.808375
          1.158      -0.0890125          1.5982
           1.16      -0.0919046          1.1237
          1.162      -0.0935073        0.500325
          1.164      -0.0939059        0.091525
          1.166      -0.0938734         0.06925
          1.168      -0.0941829         0.43345
           1.17      -0.0956072           1.289
          1.172      -0.0993389          2.3612
          1.174       -0.105052        2.976275
          1.176       -0.111244          2.8395
          1.178        -0.11641          1.9505
           1.18       -0.119046          0.8525
          1.182        -0.11982         0.33975
          1.184       -0.120405         0.24775
          1.186       -0.120811          0.1605
          1.188       -0.121047         0.07775
           1.19       -0.121122           0.019
          1.192       -0.121123          -0.001
          1.194       -0.121118        -0.00975
          1.196       -0.121084         -0.0295
          1.198          -0.121        -0.06025
            1.2       -0.120843        -0.12775
          1.202       -0.120489          -0.235
          1.204       -0.119903          -0.323
          1.206       -0.119197         -0.3545
          1.208       -0.118485        -0.32975
           1.21       -0.117878        -0.21425
          1.212       -0.117628         0.00125
          1.214       -0.117883         0.24325
          1.216       -0.118601           0.465
          1.218       -0.119743         0.66675
           1.22       -0.121268           1.763
          1.222       -0.126795         4.08625
          1.224       -0.137613          5.8465
          1.226       -0.150181          5.8375
          1.228       -0.160963         4.05925
           1.23       -0.166418         1.55875
          1.232       -0.167198         0.09825
          1.234       -0.166811        -0.29875
          1.236       -0.166003        -0.32225
          1.238       -0.165522          0.0275
           1.24       -0.166113           0.564
          1.242       -0.167778         0.92725
          1.244       -0.169822         1.04175
          1.246       -0.171945         1.00625
          1.248       -0.173847         0.82075
           1.25       -0.175228           0.531
          1.252       -0.175971         0.20025
          1.254       -0.176029        -0.18925
          1.256       -0.175214        -0.67275
          1.258       -0.173338        -1.25025
           1.26       -0.170213         -1.8735
          1.262       -0.165844         -2.4205
          1.264       -0.160531          -2.831
          1.266        -0.15452          -3.118
          1.268       -0.148059        -3.28075
           1.27       -0.141397          -3.493
          1.272       -0.134087         -3.8645
          1.274       -0.125939        -4.12575
          1.276       -0.117584         -4.0715
          1.278       -0.109653          -3.702
           1.28       -0.102776       -2.815875
          1.282      -0.0983895        -1.56385
          1.284      -0.0965206        -0.67555
          1.286      -0.0956873        -0.52835
          1.288      -0.0944072       -1.122325
           1.29       -0.091198         -2.3047
          1.292      -0.0851884       -3.459275
          1.294      -0.0773609       -4.043525
          1.296      -0.0690143        -3.97845
          1.298      -0.0614471       -3.264075
            1.3       -0.055958        -2.07145
          1.302      -0.0531613       -0.971075
          1.304      -0.0520737         -0.3911
          1.306      -0.0515969       -0.360275
          1.308      -0.0506326       -0.878575
           1.31      -0.0480826         -1.8505
          1.312      -0.0432306         -2.7958
          1.314      -0.0368994       -3.232625
          1.316      -0.0303001       -3.063925
          1.318      -0.0246437         -2.2897
           1.32      -0.0211413       -1.272125
          1.322      -0.0195552       -0.637075
          1.324       -0.018593       -0.417875
          1.326      -0.0178837       -0.384275
          1.328      -0.0170559       -0.536325
           1.33      -0.0157384       -0.832175
          1.332      -0.0137272        -1.10995
          1.334      -0.0112986      -1.2312325
          1.336     -0.00880227      -1.1777025
          1.338     -0.00658779      -0.9493575
           1.34     -0.00500484      -0.5057275
          1.342     -0.00456488        0.071815
          1.344      -0.0052921       0.5600825
          1.346     -0.00680521       0.8577025
          1.348     -0.00872291       0.9646725
           1.35      -0.0106639       1.3559725
          1.352      -0.0141468          2.2432
          1.354      -0.0196367        2.756475
          1.356      -0.0251727          2.2892
          1.358      -0.0287935         0.84135
           1.36      -0.0285381       -0.954475
          1.362      -0.0249756       -2.052325
          1.364      -0.0203288        -2.46455
          1.366      -0.0151174         -2.6169
          1.368      -0.0098612      -2.5094175
           1.37     -0.00507973      -2.4273177
          1.372    -0.000151929      -2.5840975
          1.374      0.00525666      -2.5870572
          1.376       0.0101963        -2.11521
          1.378       0.0137175         -1.1685
           1.38       0.0148703        0.321625
          1.382        0.012431       2.0163125
          1.384      0.00680505       3.2359067
          1.386    -0.000512627         3.70808
          1.388     -0.00802727       3.4328682
           1.39      -0.0142441       2.8019325
          1.392       -0.019235          2.4692
          1.394      -0.0241209          2.4362
          1.396      -0.0289798        2.442325
          1.398      -0.0338902         2.48765
            1.4      -0.0389304        2.762975
          1.402      -0.0449421         3.30255
          1.404      -0.0521406        3.680475
          1.406       -0.059664        3.627525
          1.408      -0.0666507          3.1437
           1.41      -0.0722388         1.99685
          1.412      -0.0746381        0.402425
          1.414      -0.0738485       -0.735975
          1.416      -0.0716942       -0.962375
          1.418       -0.069999         -0.2768
           1.42       -0.070587         0.92365
          1.422      -0.0736936        1.818575
          1.424      -0.0778613        2.170275
          1.426      -0.0823747          2.1643
          1.428      -0.0865185        1.800675
           1.43      -0.0895774         1.04185
          1.432      -0.0906859        0.146525
          1.434      -0.0901635        -0.40345
          1.436      -0.0890721        -0.42245
          1.438      -0.0884737        0.089475
           1.44        -0.08943         1.42855
          1.442      -0.0941879           3.254
          1.444       -0.102446        4.314025
          1.446       -0.111444          3.9935
          1.448        -0.11842          2.2925
           1.45       -0.120614         0.25125
          1.452       -0.119425        -0.61975
          1.454       -0.118135         -0.6545
          1.456       -0.116807        -0.65775
          1.458       -0.115504        -0.62875
           1.46       -0.114292        -0.58975
          1.462       -0.113145        -0.57275
          1.464       -0.112001        -0.57125
          1.466        -0.11086          -0.569
          1.468       -0.109725         -0.5655
           1.47       -0.108598        -0.50975
          1.472       -0.107686           -0.38
          1.474       -0.107078          -0.271
          1.476       -0.106602         -0.2485
          1.478       -0.106084        -0.31225
           1.48       -0.105353          -0.923
          1.482       -0.102392       -2.157425
          1.484      -0.0967233       -2.977875
          1.486      -0.0904805       -2.731425
          1.488      -0.0857976          -1.418
           1.49      -0.0848085        0.217125
          1.492      -0.0866661         1.03595
          1.494      -0.0889523        1.194725
          1.496       -0.091445        1.242375
          1.498      -0.0939218         1.17885
            1.5      -0.0961604        1.078225
          1.502      -0.0982347         1.03415
          1.504       -0.100297        1.002325
          1.506       -0.102244         0.91875
          1.508       -0.103972           0.783
           1.51       -0.105376          0.0995
          1.512        -0.10437         -1.3115
          1.514        -0.10013       -2.481875
          1.516      -0.0944425        -2.75835
          1.518      -0.0890966       -2.140625
           1.52        -0.08588         -1.1634
          1.522       -0.084443       -0.634275
          1.524      -0.0833429        -0.42865
          1.526      -0.0827284         -0.1488
          1.528      -0.0827477        0.205275
           1.53      -0.0835495         0.66775
          1.532      -0.0854187        1.139375
          1.534       -0.088107          1.3861
          1.536      -0.0909631          1.3072
          1.538      -0.0933358         0.90265
           1.54      -0.0945737        0.403075
          1.542      -0.0949481         0.15835
          1.544      -0.0952071        0.116575
          1.546      -0.0954144         0.10675
          1.548      -0.0956341          0.1289
           1.55        -0.09593        0.201425
          1.552      -0.0964398        0.303225
          1.554      -0.0971429         0.35645
          1.556      -0.0978656        0.322875
          1.558      -0.0984344          0.2025
           1.56      -0.0986756        -0.32925
          1.562      -0.0971174       -1.369875
          1.564      -0.0931961        -2.25425
          1.566      -0.0881004         -2.5443
          1.568      -0.0830189        -2.24005
           1.57      -0.0791402       -1.648025
          1.572      -0.0764268         -1.2631
          1.574      -0.0740878         -1.0611
          1.576      -0.0721824       -0.829625
          1.578      -0.0707693         -0.5687
           1.58      -0.0699076         0.07055
          1.582      -0.0710515        1.160175
          1.584      -0.0745483        1.936175
          1.586      -0.0787962        1.911375
          1.588      -0.0821938          1.0858
           1.59      -0.0831394       -0.192175
          1.592      -0.0814251         -1.1677
          1.594      -0.0784686         -1.5796
          1.596      -0.0751067       -1.573025
          1.598      -0.0721765       -1.148025
            1.6      -0.0705146       -0.537675
          1.602      -0.0700258         -0.1572
          1.604      -0.0698858         -0.0469
          1.606      -0.0698382       -0.064825
          1.608      -0.0696265       -0.210925
           1.61      -0.0689945         -0.4743
          1.612      -0.0677293       -0.750525
          1.614      -0.0659924       -0.910075
          1.616       -0.064089       -0.917125
          1.618      -0.0623239         -0.7717
           1.62      -0.0610022         -0.3655
          1.622      -0.0608619        0.233775
          1.624      -0.0619373        0.653925
          1.626      -0.0634776        0.698775
          1.628      -0.0647324         0.36835
           1.63       -0.064951        -0.39885
          1.632       -0.063137        -1.34895
          1.634      -0.0595552       -1.947525
          1.636      -0.0553469        -1.97545
          1.638      -0.0516534         -1.4327
           1.64      -0.0496161       -0.367575
          1.642      -0.0501831        0.744925
          1.644      -0.0525958        1.313175
          1.646      -0.0554358         1.17215
          1.648      -0.0572844         0.32175
           1.65      -0.0567228       -0.713225
          1.652      -0.0544315         -1.1695
          1.654      -0.0520448       -1.213925
          1.656      -0.0495758       -1.251825
          1.658      -0.0470375        -1.28325
           1.66      -0.0444428        -1.32035
          1.662      -0.0417561       -1.365575
          1.664      -0.0389805        -1.39215
          1.666      -0.0361875       -1.382975
          1.668      -0.0334486       -1.338125
           1.67       -0.030835       -1.044075
          1.672      -0.0292723        -0.42705
          1.674      -0.0291268         0.08955
          1.676      -0.0296305         0.22225
          1.678      -0.0300158       -0.028925
           1.68      -0.0295148         -0.8024
          1.682      -0.0268062        -1.83915
          1.684      -0.0221582       -2.404775
          1.686      -0.0171871        -2.16215
          1.688      -0.0135096        -1.11125
           1.69      -0.0127421          0.1956
          1.692       -0.014292          0.9096
          1.694      -0.0163805        1.138325
          1.696      -0.0188453        1.285875
          1.698       -0.021524        1.352225
            1.7      -0.0242542           1.439
          1.702        -0.02728         1.61025
          1.704      -0.0306952        1.707925
          1.706      -0.0341117        1.611525
          1.708      -0.0371413         1.32105
           1.71      -0.0393959         0.66655
          1.712      -0.0398075       -0.292525
          1.714      -0.0382258         -1.0419
          1.716      -0.0356399        -1.29685
          1.718      -0.0330384        -1.05745
           1.72      -0.0314101         -0.4589
          1.722      -0.0312028          0.1021
          1.724      -0.0318185          0.3686
          1.726      -0.0326772        0.345075
          1.728      -0.0331988        0.031525
           1.73      -0.0328033       -1.033875
          1.732      -0.0290633        -2.79825
          1.734      -0.0216103        -4.02735
          1.736      -0.0129539       -4.001795
          1.738     -0.00560312      -2.7216325
           1.74     -0.00206737         -0.8341
          1.742     -0.00226672         0.44045
          1.744     -0.00382917       0.8898025
          1.746     -0.00582593       0.8747525
          1.748     -0.00732818        0.395295
           1.75     -0.00740711      -0.2087225
          1.752     -0.00649329      -0.4608375
          1.754     -0.00556376       -0.495985
          1.756     -0.00450935      -0.5857125
          1.758     -0.00322091      -0.7300175
           1.76     -0.00158928     -0.88203625
          1.762     0.000307235      -0.9683775
          1.764      0.00228423     -0.99613125
          1.766      0.00429176        -0.99891
          1.768      0.00627987      -0.9767075
           1.77      0.00819859      -0.9756075
          1.772       0.0101823      -1.0059775
          1.774       0.0122225       -0.968175
          1.776        0.014055       -0.798225
          1.778       0.0154154       -0.496175
           1.78       0.0160397       -0.097025
          1.782       0.0158035        0.280825
          1.784       0.0149164         0.54725
          1.786       0.0136145          0.6956
          1.788        0.012134        0.725875
           1.79        0.010711       0.7047225
          1.792      0.00931511          0.7227
          1.794       0.0078202         0.74907
          1.796      0.00631883         0.72916
          1.798      0.00490356       0.6629675
            1.8      0.00366696       0.5202625
          1.802      0.00282251       0.3196725
          1.804      0.00238827        0.164715
          1.806      0.00216365         0.11005
          1.808      0.00194807       0.1556775
           1.81      0.00154094      0.32814925
          1.812     0.000635473      0.56998525
          1.814    -0.000739001      0.72858325
          1.816     -0.00227886      0.73536725
          1.818     -0.00368047         0.59034
           1.82     -0.00464022      -0.0852575
          1.822     -0.00333944       -1.331798
          1.824     0.000686972      -2.2629275
          1.826      0.00571227       -2.330682
          1.828       0.0100097      -1.5350575
           1.83       0.0118525        -0.20405
          1.832       0.0108259        0.883665
          1.834      0.00831784        1.379985
          1.836      0.00530596       1.3874975
          1.838      0.00276785         0.90622
           1.84      0.00168108         0.23286
          1.842      0.00183641      -0.1696775
          1.844      0.00235979        -0.34881
          1.846      0.00323165      -0.5181475
          1.848      0.00443238        -0.67769
           1.85      0.00594241      -1.0451475
          1.852      0.00861297      -1.6664725
          1.854       0.0126083      -2.0663075
          1.856       0.0168782       -1.941075
          1.858       0.0203726         -1.2908
           1.86       0.0220414       -0.201525
          1.862       0.0211787        0.887525
          1.864       0.0184913        1.532575
          1.866       0.0150484         1.64305
          1.868       0.0119191           1.219
           1.87       0.0101724        0.573365
          1.872      0.00962564         0.20212
          1.874      0.00936392       0.0668825
          1.876      0.00935811       -0.053795
          1.878       0.0095791      -0.1599175
           1.88      0.00999778       -0.481325
          1.882       0.0115044        -1.08673
          1.884       0.0143447         -1.5047
          1.886       0.0175232        -1.42485
          1.888       0.0200441         -0.8472
           1.89        0.020912        0.448125
          1.892       0.0182516          2.1599
          1.894       0.0122724       3.2864825
          1.896      0.00510567       3.3474025
          1.898     -0.00111721       2.3426575
            1.9     -0.00426496       0.9952875
          1.902     -0.00509836       0.3941775
          1.904     -0.00584167       0.3651025
          1.906     -0.00655877       0.3679725
          1.908     -0.00731356       0.4027925
           1.91     -0.00816994         0.45614
          1.912     -0.00913812        0.497015
          1.914       -0.010158        0.512445
          1.916      -0.0111879         0.50705
          1.918      -0.0121862         0.48085
           1.92      -0.0131113          0.2731
          1.922      -0.0132786       -0.173725
          1.924      -0.0124164       -0.544125
          1.926      -0.0111021        -0.62582
          1.928     -0.00991312      -0.4187525
           1.93     -0.00942709        0.269295
          1.932      -0.0109903       1.2651525
          1.934      -0.0144877          1.8286
          1.936      -0.0183047          1.5847
          1.938      -0.0208265         0.53345
           1.94      -0.0204385        -0.69975
          1.942      -0.0180275       -1.216525
          1.944      -0.0155724        -1.23275
          1.946      -0.0130965        -1.23725
          1.948      -0.0106234      -1.2299975
           1.95     -0.00817651        -1.22172
          1.952     -0.00573652       -1.222525
          1.954     -0.00328641      -1.2208915
          1.956    -0.000852954      -1.2058675
          1.958      0.00153706       -1.177456
           1.96      0.00385687      -0.8793775
          1.962      0.00505457        -0.16545
          1.964      0.00451867       0.5429075
          1.966      0.00288294      0.93437725
          1.968     0.000781161       1.0089575
           1.97     -0.00115289      0.99119525
          1.972     -0.00318362          1.1387
          1.974     -0.00570769       1.2765325
          1.976     -0.00828975       1.1966775
          1.978      -0.0104944       0.8991375
           1.98      -0.0118863        0.465075
          1.982      -0.0123547        0.070675
          1.984       -0.012169         -0.2227
          1.986      -0.0114639        -0.44875
          1.988       -0.010374        -0.60748
           1.99     -0.00903398      -0.7001175
          1.992     -0.00757353       -0.759625
          1.994     -0.00599548        -0.83232
          1.996     -0.00424425         -0.9328
          1.998     -0.00226428      -1.0610625
              2               0        -0.56607
          2.002               0               0
          2.004               0               0
          2.006               0               0
          2.008               0               0
           2.01               0               0
          2.012               0               0
          2.014               0               0
          2.016               0               0
          2.018               0               0
           2.02               0               0
          2.022               0               0
          2.024               0               0
          2.026               0               0
          2.028               0               0
           2.03               0               0
          2.032               0               0
          2.034               0               0
          2.036               0               0
          2.038               0               0
           2.04               0               0
          2.042               0               0
          2.044               0               0
          2.046               0               0
          2.048               0               0
           2.05               0               0
          2.052               0               0
          2.054               0               0
          2.056               0               0
          2.058               0               0
           2.06               0               0
          2.062               0               0
          2.064               0               0
          2.066               0               0
          2.068               0               0
           2.07               0               0
          2.072               0               0
          2.074               0               0
          2.076               0               0
          2.078               0               0
           2.08               0               0
          2.082               0               0
          2.084               0               0
          2.086               0               0
          2.088               0               0
           2.09               0               0
          2.092               0               0
          2.094               0               0
          2.096               0               0
          2.098               0               0
            2.1               0               0
          2.102               0               0
          2.104               0               0
          2.106               0               0
          2.108               0               0
           2.11               0               0
          2.112               0               0
          2.114               0               0
          2.116               0               0
          2.118               0               0
           2.12               0               0
          2.122               0               0
          2.124               0               0
          2.126               0               0
          2.128               0               0
           2.13               0               0
          2.132               0               0
          2.134               0               0
          2.136               0               0
          2.138               0               0
           2.14               0               0
          2.142               0               0
          2.144               0               0
          2.146               0               0
          2.148               0               0
           2.15               0               0
          2.152               0               0
          2.154               0               0
          2.156               0               0
          2.158               0               0
           2.16               0               0
          2.162               0               0
          2.164               0               0
          2.166               0               0
          2.168               0               0
           2.17               0               0
          2.172               0               0
          2.174               0               0
          2.176               0               0
          2.178               0               0
           2.18               0               0
          2.182               0               0
          2.184               0               0
          2.186               0               0
          2.188               0               0
           2.19               0               0
          2.192               0               0
          2.194               0               0
          2.196               0               0
          2.198               0               0
            2.2               0               0
          2.202               0               0
          2.204               0               0
          2.206               0               0
          2.208               0               0
           2.21               0               0
          2.212               0               0
          2.214               0               0
          2.216               0               0
          2.218               0               0
           2.22               0               0
          2.222               0               0
          2.224               0               0
          2.226               0               0
          2.228               0               0
           2.23               0               0
          2.232               0               0
          2.234               0               0
          2.236               0               0
          2.238               0               0
           2.24               0               0
          2.242               0               0
          2.244               0               0
          2.246               0               0
          2.248               0               0
           2.25               0               0
          2.252               0               0
          2.254               0               0
          2.256               0               0
          2.258               0               0
           2.26               0               0
          2.262               0               0
          2.264               0               0
          2.266               0               0
          2.268               0               0
           2.27               0               0
          2.272               0               0
          2.274               0               0
          2.276               0               0
          2.278               0               0
           2.28               0               0
          2.282               0               0
          2.284               0               0
          2.286               0               0
          2.288               0               0
           2.29               0               0
          2.292               0               0
          2.294               0               0
          2.296               0               0
          2.298               0               0
            2.3               0               0
          2.302               0               0
          2.304               0               0
          2.306               0               0
          2.308               0               0
           2.31               0               0
          2.312               0               0
          2.314               0               0
          2.316               0               0
          2.318               0               0
           2.32               0               0
          2.322               0               0
          2.324               0               0
          2.326               0               0
          2.328               0               0
           2.33               0               0
          2.332               0               0
          2.334               0               0
          2.336               0               0
          2.338               0               0
           2.34               0               0
          2.342               0               0
          2.344               0               0
          2.346               0               0
          2.348               0               0
           2.35               0               0
          2.352               0               0
          2.354               0               0
          2.356               0               0
          2.358               0               0
           2.36               0               0
          2.362               0               0
          2.364               0               0
          2.366               0               0
          2.368               0               0
           2.37               0               0
          2.372               0               0
          2.374               0               0
          2.376               0               0
          2.378               0               0
           2.38               0               0
          2.382               0               0
          2.384               0               0
          2.386               0               0
          2.388               0               0
           2.39               0               0
          2.392               0               0
          2.394               0               0
          2.396               0               0
          2.398               0               0
            2.4               0               0
          2.402               0               0
          2.404               0               0
          2.406               0               0
          2.408               0               0
           2.41               0               0
          2.412               0               0
          2.414               0               0
          2.416               0               0
          2.418               0               0
           2.42               0               0
          2.422               0               0
          2.424               0               0
          2.426               0               0
          2.428               0               0
           2.43               0               0
          2.432               0               0
          2.434               0               0
          2.436               0               0
          2.438               0               0
           2.44               0               0
          2.442               0               0
          2.444               0               0
          2.446               0               0
          2.448               0               0
           2.45               0               0
          2.452               0               0
          2.454               0               0
          2.456               0               0
          2.458               0               0
           2.46               0               0
          2.462               0               0
          2.464               0               0
          2.466               0               0
          2.468               0               0
           2.47               0               0
          2.472               0               0
          2.474               0               0
          2.476               0               0
          2.478               0               0
           2.48               0               0
          2.482               0               0
          2.484               0               0
          2.486               0               0
          2.488               0               0
           2.49               0               0
          2.492               0               0
          2.494               0               0
          2.496               0               0
          2.498               0               0
            2.5               0               0
          2.502               0               0
          2.504               0               0
          2.506               0               0
          2.508               0               0
           2.51               0               0
          2.512               0               0
          2.514               0               0
          2.516               0               0
          2.518               0               0
           2.52               0               0
          2.522               0               0
          2.524               0               0
          2.526               0               0
          2.528               0               0
           2.53               0               0
          2.532               0               0
          2.534               0               0
          2.536               0               0
          2.538               0               0
           2.54               0               0
          2.542               0               0
          2.544               0               0
          2.546               0               0
          2.548               0               0
           2.55               0               0
          2.552               0               0
          2.554               0               0
          2.556               0               0
          2.558               0               0
           2.56               0               0
          2.562               0               0
          2.564               0               0
          2.566               0               0
          2.568               0               0
           2.57               0               0
          2.572               0               0
          2.574               0               0
          2.576               0               0
          2.578               0               0
           2.58               0               0
          2.582               0               0
          2.584               0               0
          2.586               0               0
          2.588               0               0
           2.59               0               0
          2.592               0               0
          2.594               0               0
          2.596               0               0
          2.598               0               0
            2.6               0               0
          2.602               0               0
          2.604               0               0
          2.606               0               0
          2.608               0               0
           2.61               0               0
          2.612               0               0
          2.614               0               0
          2.616               0               0
          2.618               0               0
           2.62               0               0
          2.622               0               0
          2.624               0               0
          2.626               0               0
          2.628               0               0
           2.63               0               0
          2.632               0               0
          2.634               0               0
          2.636               0               0
          2.638               0               0
           2.64               0               0
          2.642               0               0
          2.644               0               0
          2.646               0               0
          2.648               0               0
           2.65               0               0
          2.652               0               0
          2.654               0               0
          2.656               0               0
          2.658               0               0
           2.66               0               0
          2.662               0               0
          2.664               0               0
          2.666               0               0
          2.668               0               0
           2.67               0               0
          2.672               0               0
          2.674               0               0
          2.676               0               0
          2.678               0               0
           2.68               0               0
          2.682               0               0
          2.684               0               0
          2.686               0               0
          2.688               0               0
           2.69               0               0
          2.692               0               0
          2.694               0               0
          2.696               0               0
          2.698               0               0
            2.7               0               0
          2.702               0               0
          2.704               0               0
          2.706               0               0
          2.708               0               0
           2.71               0               0
          2.712               0               0
          2.714               0               0
          2.716               0               0
          2.718               0               0
           2.72               0               0
          2.722               0               0
          2.724               0               0
          2.726               0               0
          2.728               0               0
           2.73               0               0
          2.732               0               0
          2.734               0               0
          2.736               0               0
          2.738               0               0
           2.74               0               0
          2.742               0               0
          2.744               0               0
          2.746               0               0
          2.748               0               0
           2.75               0               0
          2.752               0               0
          2.754               0               0
          2.756               0               0
          2.758               0               0
           2.76               0               0
          2.762               0               0
          2.764               0               0
          2.766               0               0
          2.768               0               0
           2.77               0               0
          2.772               0               0
          2.774               0               0
          2.776               0               0
          2.778               0               0
           2.78               0               0
          2.782               0               0
          2.784               0               0
          2.786               0               0
          2.788               0               0
           2.79               0               0
          2.792               0               0
          2.794               0               0
          2.796               0               0
          2.798               0               0
            2.8               0               0
          2.802               0               0
          2.804               0               0
          2.806               0               0
          2.808               0               0
           2.81               0               0
          2.812               0               0
          2.814               0               0
          2.816               0               0
          2.818               0               0
           2.82               0               0
          2.822               0               0
          2.824               0               0
          2.826               0               0
          2.828               0               0
           2.83               0               0
          2.832               0               0
          2.834               0               0
          2.836               0               0
          2.838               0               0
           2.84               0               0
          2.842               0               0
          2.844               0               0
          2.846               0               0
          2.848               0               0
           2.85               0               0
          2.852               0               0
          2.854               0               0
          2.856               0               0
          2.858               0               0
           2.86               0               0
          2.862               0               0
          2.864               0               0
          2.866               0               0
          2.868               0               0
           2.87               0               0
          2.872               0               0
          2.874               0               0
          2.876               0               0
          2.878               0               0
           2.88               0               0
          2.882               0               0
          2.884               0               0
          2.886               0               0
          2.888               0               0
           2.89               0               0
          2.892               0               0
          2.894               0               0
          2.896               0               0
          2.898               0               0
            2.9               0               0
          2.902               0               0
          2.904               0               0
          2.906               0               0
          2.908               0               0
           2.91               0               0
          2.912               0               0
          2.914               0               0
          2.916               0               0
          2.918               0               0
           2.92               0               0
          2.922               0               0
          2.924               0               0
          2.926               0               0
          2.928               0               0
           2.93               0               0
          2.932               0               0
          2.934               0               0
          2.936               0               0
          2.938               0               0
           2.94               0               0
          2.942               0               0
          2.944               0               0
          2.946               0               0
          2.948               0               0
           2.95               0               0
          2.952               0               0
          2.954               0               0
          2.956               0               0
          2.958               0               0
           2.96               0               0
          2.962               0               0
          2.964               0               0
          2.966               0               0
          2.968               0               0
           2.97               0               0
          2.972               0               0
          2.974               0               0
          2.976               0               0
          2.978               0               0
           2.98               0               0
          2.982               0               0
          2.984               0               0
          2.986               0               0
          2.988               0               0
           2.99               0               0
          2.992               0               0
          2.994               0               0
          2.996               0               0
          2.998               0               0
              3               0               0
          3.002               0               0
          3.004               0               0
          3.006               0               0
          3.008               0               0
           3.01               0               0
          3.012               0               0
          3.014               0               0
          3.016               0               0
          3.018               0               0
           3.02               0               0
          3.022               0               0
          3.024               0               0
          3.026               0               0
          3.028               0               0
           3.03               0               0
          3.032               0               0
          3.034               0               0
          3.036               0               0
          3.038               0               0
           3.04               0               0
          3.042               0               0
          3.044               0               0
          3.046               0               0
          3.048               0               0
           3.05               0               0
          3.052               0               0
          3.054               0               0
          3.056               0               0
          3.058               0               0
           3.06               0               0
          3.062               0               0
          3.064               0               0
          3.066               0               0
          3.068               0               0
           3.07               0               0
          3.072               0               0
          3.074               0               0
          3.076               0               0
          3.078               0               0
           3.08               0               0
          3.082               0               0
          3.084               0               0
          3.086               0               0
          3.088               0               0
           3.09               0               0
          3.092               0               0
          3.094               0               0
          3.096               0               0
          3.098               0               0
            3.1               0               0
          3.102               0               0
          3.104               0               0
          3.106               0               0
          3.108               0               0
           3.11               0               0
          3.112               0               0
          3.114               0               0
          3.116               0               0
          3.118               0               0
           3.12               0               0
          3.122               0               0
          3.124               0               0
          3.126               0               0
          3.128               0               0
           3.13               0               0
          3.132               0               0
          3.134               0               0
          3.136               0               0
          3.138               0               0
           3.14               0               0
          3.142               0               0
          3.144               0               0
          3.146               0               0
          3.148               0               0
           3.15               0               0
          3.152               0               0
          3.154               0               0
          3.156               0               0
          3.158               0               0
           3.16               0               0
          3.162               0               0
          3.164               0               0
          3.166               0               0
          3.168               0               0
           3.17               0               0
          3.172               0               0
          3.174               0               0
          3.176               0               0
          3.178               0               0
           3.18               0               0
          3.182               0               0
          3.184               0               0
          3.186               0               0
          3.188               0               0
           3.19               0               0
          3.192               0               0
          3.194               0               0
          3.196               0               0
          3.198               0               0
            3.2               0               0
          3.202               0               0
          3.204               0               0
          3.206               0               0
          3.208               0               0
           3.21               0               0
          3.212               0               0
          3.214               0               0
          3.216               0               0
          3.218               0               0
           3.22               0               0
          3.222               0               0
          3.224               0               0
          3.226               0               0
          3.228               0               0
           3.23               0               0
          3.232               0               0
          3.234               0               0
          3.236               0               0
          3.238               0               0
           3.24               0               0
          3.242               0               0
          3.244               0               0
          3.246               0               0
          3.248               0               0
           3.25               0               0
          3.252               0               0
          3.254               0               0
          3.256               0               0
          3.258               0               0
           3.26               0               0
          3.262               0               0
          3.264               0               0
          3.266               0               0
          3.268               0               0
           3.27               0               0
          3.272               0               0
          3.274               0               0
          3.276               0               0
          3.278               0               0
           3.28               0               0
          3.282               0               0
          3.284               0               0
          3.286               0               0
          3.288               0               0
           3.29               0               0
          3.292               0               0
          3.294               0               0
          3.296               0               0
          3.298               0               0
            3.3               0               0
          3.302               0               0
          3.304               0               0
          3.306               0               0
          3.308               0               0
           3.31               0               0
          3.312               0               0
          3.314               0               0
          3.316               0               0
          3.318               0               0
           3.32               0               0
          3.322               0               0
          3.324               0               0
          3.326               0               0
          3.328               0               0
           3.33               0               0
          3.332               0               0
          3.334               0               0
          3.336               0               0
          3.338               0               0
           3.34               0               0
          3.342               0               0
          3.344               0               0
          3.346               0               0
          3.348               0               0
           3.35               0               0
          3.352               0               0
          3.354               0               0
          3.356               0               0
          3.358               0               0
           3.36               0               0
          3.362               0               0
          3.364               0               0
          3.366               0               0
          3.368               0               0
           3.37               0               0
          3.372               0               0
          3.374               0               0
          3.376               0               0
          3.378               0               0
           3.38               0               0
          3.382               0               0
          3.384               0               0
          3.386               0               0
          3.388               0               0
           3.39               0               0
          3.392               0               0
          3.394               0               0
          3.396               0               0
          3.398               0               0
            3.4               0               0
          3.402               0               0
          3.404               0               0
          3.406               0               0
          3.408               0               0
           3.41               0               0
          3.412               0               0
          3.414               0               0
          3.416               0               0
          3.418               0               0
           3.42               0               0
          3.422               0               0
          3.424               0               0
          3.426               0               0
          3.428               0               0
           3.43               0               0
          3.432               0               0
          3.434               0               0
          3.436               0               0
          3.438               0               0
           3.44               0               0
          3.442               0               0
          3.444               0               0
          3.446               0               0
          3.448               0               0
           3.45               0               0
          3.452               0               0
          3.454               0               0
          3.456               0               0
          3.458               0               0
           3.46               0               0
          3.462               0               0
          3.464               0               0
          3.466               0               0
          3.468               0               0
           3.47               0               0
          3.472               0               0
          3.474               0               0
          3.476               0               0
          3.478               0               0
           3.48               0               0
          3.482               0               0
          3.484               0               0
          3.486               0               0
          3.488               0               0
           3.49               0               0
          3.492               0               0
          3.494               0               0
          3.496               0               0
          3.498               0               0
            3.5               0               0
