          0.002         1000000               0
          0.004         1000000               0
          0.006         1000000               0
          0.008         1000000               0
           0.01         1000000               0
          0.012         1000000               0
          0.014         1000000               0
          0.016         1000000        18651592
          0.018       925393.63        36320051
           0.02        854719.8        33987547
          0.022       789443.44        31391862
          0.024       729152.35        28994414
          0.026       673465.78        26780063
          0.028        622032.1        24734826
           0.03       574526.48        22845786
          0.032       530648.95        21101016
          0.034       490122.42        19489497
          0.036       452690.96        18001052
          0.038       418118.21        16626282
           0.04       386185.83        15356506
          0.042       356692.19        14183704
          0.044       329451.02        13100471
          0.046        304290.3        12099967
          0.048       281051.15        11175872
           0.05       259586.81        10322353
          0.052       239761.74       9534017.5
          0.054       221450.74       8805888.9
          0.056       204538.19       8133368.7
          0.058       188917.27         7512210
           0.06       174489.35       6938490.2
          0.062       161163.31       6408586.3
          0.064          148855         5919152
          0.066        137486.7       5467096.6
          0.068       126986.62       5049565.5
           0.07       117288.44       4663921.8
          0.072       108330.93       4307730.5
          0.074       100057.52         3978742
          0.076        92415.96       3674878.9
          0.078       85358.001       3394222.4
           0.08        78839.07       3135000.1
          0.082       72818.001       2895574.9
          0.084        67256.77       2674435.1
          0.086        62120.26       2470184.1
          0.088       57376.034       2281532.1
           0.09       52994.132       2107287.7
          0.092       48946.883       1946350.7
          0.094       45208.729       1797704.7
          0.096       41756.064         1660411
          0.098       38567.085       1533602.7
            0.1       35621.653         1416479
          0.102       32901.169       1308300.1
          0.104       30388.452       1208383.1
          0.106       28067.636       1116096.9
          0.108       25924.065       1030858.7
           0.11       23944.201       952130.37
          0.112       22115.543       879414.61
          0.114       20426.543       812252.27
          0.116       18866.534       750219.23
          0.118       17425.666       692923.75
           0.12       16094.839       640004.03
          0.122        14865.65       591125.87
          0.124       13730.336       545980.61
          0.126       12681.728       504283.17
          0.128       11713.203       465770.24
           0.13       10818.647        430198.6
          0.132       9992.4088       397343.63
          0.134       9229.2721       366997.84
          0.136       8524.4174       338969.61
          0.138       7873.3936       313081.95
           0.14       7272.0896       289171.36
          0.142       6716.7082       267086.87
          0.144       6203.7421       246689.01
          0.146       5729.9521       227848.96
          0.148       5292.3463       210447.76
           0.15       4888.1611       194375.52
          0.152       4514.8442       179530.74
          0.154       4170.0381       165819.68
          0.156       3851.5655       153155.76
          0.158       3557.4151       141459.01
           0.16       3285.7294       130655.55
          0.162       3034.7929       120677.17
          0.164       2803.0208       111460.86
          0.166       2588.9495       102948.41
          0.168       2391.2271       95086.068
           0.17       2208.6052       87824.189
          0.172       2039.9304       81116.911
          0.174       1884.1375       74921.879
          0.176       1740.2429       69199.972
          0.178       1607.3376       63915.057
           0.18       1484.5826       59033.759
          0.182       1371.2026       54525.253
          0.184       1266.4816        50361.07
          0.186       1169.7583       46514.912
          0.188        1080.422       42962.492
           0.19       997.90836       39681.376
          0.192       921.69646       36650.844
          0.194       851.30499       33851.759
          0.196       786.28943       31266.444
          0.198       726.23921       28878.575
            0.2       670.77513        26673.07
          0.202       619.54693       24636.004
          0.204       572.23111       22754.512
          0.206       528.52888       21016.713
          0.208       488.16426       19411.632
           0.21       450.88235       17929.133
          0.212       416.44773       16559.856
          0.214       384.64293       15295.153
          0.216       355.26712       14127.037
          0.218       328.13478       13048.132
           0.22       303.07459       12051.624
          0.222       279.92829       11131.222
          0.224        258.5497       10281.112
          0.226       238.80384       9495.9269
          0.228         220.566       8770.7073
           0.23       203.72101        8100.874
          0.232        188.1625       7482.1969
          0.234       173.79222       6910.7692
          0.236       160.51942       6382.9824
          0.238       148.26029       5895.5036
           0.24       136.93741       5445.2543
          0.242       126.47927       5029.3912
          0.244       116.81984       4645.2884
          0.246       107.89812       4290.5201
          0.248       99.657763        3962.846
           0.25       92.046736       3660.1969
          0.252       85.016975       3380.6617
          0.254       78.524089        3122.475
          0.256       72.527075       2884.0064
          0.258       66.988063       2663.7501
           0.26       61.872075       2460.3151
          0.262       57.146803       2272.4168
          0.264       52.782408       2098.8686
          0.266       48.751328       1938.5746
          0.268       45.028109       1790.5225
           0.27       41.589239       1653.7773
          0.272          38.413       1781.0096
          0.274         34.4652          1895.4
          0.276         30.8314          1693.9
          0.278         27.6896         1403.35
           0.28          25.218        1133.825
          0.282         23.1543        1015.925
          0.284         21.1543         970.425
          0.286         19.2726           897.6
          0.288         17.5639         797.425
           0.29         16.0829           707.5
          0.292         14.7339          668.85
          0.294         13.4075         648.925
          0.296         12.1382         611.775
          0.298         10.9604         557.415
            0.3         9.90854          502.88
          0.302         8.94888          468.88
          0.304         8.03302         443.805
          0.306         7.17366         412.385
          0.308         6.38348        374.6175
           0.31         5.67519        338.9275
          0.312         5.02777          313.94
          0.314         4.41943         291.525
          0.316         3.86167          263.36
          0.318         3.36599        229.4425
           0.32          2.9439        197.7625
          0.322         2.57494        177.2375
          0.324         2.23495        161.2575
          0.326         1.92991          142.29
          0.328         1.66579         120.345
           0.33         1.44853         101.465
          0.332         1.25993          91.345
          0.334         1.08315         83.4275
          0.336         0.92622         71.4865
          0.338        0.797204        55.51875
           0.34        0.704145         40.8715
          0.342        0.633718          33.596
          0.344        0.569761         29.4125
          0.346        0.516068         23.3315
          0.348        0.476435          15.353
           0.35        0.454656           8.241
          0.352        0.443471         5.19825
          0.354        0.433863            4.12
          0.356        0.426991         2.46275
          0.358        0.424012          0.2265
           0.36        0.426085         -1.7125
          0.362        0.430862        -2.56025
          0.364        0.436326        -3.31725
          0.366        0.444131          -4.901
          0.368         0.45593         -7.3115
           0.37        0.473377       -10.34025
          0.372        0.497291       -13.08475
          0.374        0.525716       -14.71475
          0.376         0.55615       -15.09275
          0.378        0.586087        -14.2185
           0.38        0.613024       -12.78775
          0.382        0.637238         -11.702
          0.384        0.659832       -10.57575
          0.386        0.679541         -8.8165
          0.388        0.695098        -6.42375
           0.39        0.705236        -2.75625
          0.392        0.706123          2.2245
          0.394        0.696338         6.97275
          0.396        0.678232          10.545
          0.398        0.654158          12.941
            0.4        0.626468        14.10325
          0.402        0.597745        14.65975
          0.404        0.567829         15.6975
          0.406        0.534955        17.61725
          0.408         0.49736         20.4185
           0.41        0.453281         23.2745
          0.412        0.404262        24.90475
          0.414        0.353662        25.45625
          0.416        0.302437        25.52925
          0.418        0.251545        25.12325
           0.42        0.201944        24.53125
          0.422         0.15342        24.14725
          0.424        0.105355       23.831175
          0.426       0.0580953         23.3414
          0.428       0.0119894       22.677625
           0.43      -0.0326152        21.20475
          0.432      -0.0728296        18.55845
          0.434       -0.106849         15.7806
          0.436       -0.135952          13.642
          0.438       -0.161417        12.14225
           0.44       -0.184521          11.088
          0.442       -0.205769         10.0435
          0.444       -0.224695         8.83925
          0.446       -0.241126           7.549
          0.448       -0.254891          6.1725
           0.45       -0.265816         4.83625
          0.452       -0.274236          3.6665
          0.454       -0.280482         2.53525
          0.456       -0.284377         1.31625
          0.458       -0.285747           0.009
           0.46       -0.284413         -1.1905
          0.462       -0.280985        -2.15625
          0.464       -0.275788        -3.18975
          0.466       -0.268226        -4.52125
          0.468       -0.257703          -6.151
           0.47       -0.243622        -7.88925
          0.472       -0.226146          -9.223
          0.474        -0.20673         -9.8565
          0.476        -0.18672        -9.81725
          0.478       -0.167461        -9.10575
           0.48       -0.150297          -8.063
          0.482       -0.135209        -7.35325
          0.484       -0.120884        -7.11975
          0.486        -0.10673        -7.18225
          0.488       -0.092155       -7.541225
           0.49      -0.0765651         -8.1875
          0.492       -0.059405         -8.8805
          0.494      -0.0410431       -9.282975
          0.496      -0.0222731       -9.288595
          0.498     -0.00388872         -8.8974
            0.5       0.0133165       -8.287805
          0.502       0.0292625        -7.74015
          0.504       0.0442771       -7.229175
          0.506       0.0581792         -6.6275
          0.508       0.0707871       -5.935125
           0.51       0.0819197       -5.292575
          0.512       0.0919574       -4.852575
          0.514         0.10133        -4.49315
          0.516         0.10993        -4.08025
          0.518        0.117651         -3.6135
           0.52        0.124384           -3.23
          0.522        0.130571        -3.08875
          0.524        0.136739         -3.0825
          0.526        0.142901        -3.08375
          0.528        0.149074         -3.0935
           0.53        0.155275         -3.1025
          0.532        0.161484          -3.103
          0.534        0.167687        -3.10475
          0.536        0.173903        -3.11625
          0.538        0.180152          -3.138
           0.54        0.186455        -3.24675
          0.542        0.193139        -3.47175
          0.544        0.200342          -3.665
          0.546        0.207799          -3.726
          0.548        0.215246        -3.65425
           0.55        0.222416         -3.5185
          0.552         0.22932           -3.43
          0.554        0.236136          -3.382
          0.556        0.242848        -3.32625
          0.558        0.249441        -3.26225
           0.56        0.255897         -3.1465
          0.562        0.262027         -2.9695
          0.564        0.267775         -2.8265
          0.566        0.273333        -2.77825
          0.568        0.278888          -2.825
           0.57        0.284633        -3.10425
          0.572        0.291305         -3.5715
          0.574        0.298919        -3.81725
          0.576        0.306574         -3.6135
          0.578        0.313373         -2.9605
           0.58        0.318416         -1.9885
          0.582        0.321327            -1.1
          0.584        0.322816         -0.5705
          0.586        0.323609         -0.4045
          0.588        0.324434         -0.6025
           0.59        0.326019          -0.974
          0.592         0.32833        -1.18825
          0.594        0.330772        -1.22425
          0.596        0.333227          -1.202
          0.598         0.33558        -1.12175
            0.6        0.337714         -0.9545
          0.602        0.339398        -0.73375
          0.604        0.340649         -0.5815
          0.606        0.341724        -0.55675
          0.608        0.342876        -0.65925
           0.61        0.344361        -0.99325
          0.612        0.346849          -1.487
          0.614        0.350309         -1.7745
          0.616        0.353947          -1.665
          0.618        0.356969        -1.15825
           0.62         0.35858         -0.5015
          0.622        0.358975          -0.109
          0.624        0.359016         0.01625
          0.626         0.35891         0.03825
          0.628        0.358863        -0.04275
           0.63        0.359081         -0.1625
          0.632        0.359513          -0.222
          0.634        0.359969        -0.23275
          0.636        0.360444        -0.24175
          0.638        0.360936        -0.24925
           0.64        0.361441        -0.33625
          0.642        0.362281        -0.52325
          0.644        0.363534        -0.63675
          0.646        0.364828        -0.56425
          0.648        0.365791        -0.30625
           0.65        0.366053           0.219
          0.652        0.364915           0.943
          0.654        0.362281         1.55875
          0.656         0.35868          1.9095
          0.658        0.354643           1.995
           0.66          0.3507           1.935
          0.662        0.346903         1.94225
          0.664        0.342931           2.037
          0.666        0.338755         2.14575
          0.668        0.334348         2.26875
           0.67         0.32968         2.44825
          0.672        0.324555          2.7615
          0.674        0.318634           3.218
          0.676        0.311683         3.79225
          0.678        0.303465         4.48475
           0.68        0.293744           5.196
          0.682        0.282681          5.7155
          0.684        0.270882         5.97425
          0.686        0.258784          6.0145
          0.688        0.246824          5.8365
           0.69        0.235438          5.5055
          0.692        0.224802         5.22525
          0.694        0.214537         5.13725
          0.696        0.204253           5.245
          0.698        0.193557          5.5485
            0.7        0.182059          5.9135
          0.702        0.169903         6.12925
          0.704        0.157542         6.21375
          0.706        0.145048         6.26275
          0.708        0.132491         6.27575
           0.71        0.119945         6.33325
          0.712        0.107158         6.47035
          0.714       0.0940636        6.537525
          0.716       0.0810079          6.4316
          0.718       0.0683372          6.1525
           0.72       0.0563979         5.65465
          0.722       0.0457186        5.030525
          0.724       0.0362758        4.532975
          0.726       0.0275867        4.276775
          0.728       0.0191687        4.261875
           0.73       0.0105392       4.3813075
          0.732      0.00164347       4.4353425
          0.734     -0.00720217       4.3918675
          0.736       -0.015924       4.3115325
          0.738      -0.0244483        4.194325
           0.74      -0.0327013          3.9344
          0.742      -0.0401859          3.4588
          0.744      -0.0465365         2.92265
          0.746      -0.0518765        2.448275
          0.748      -0.0563296        2.035675
           0.75      -0.0600192         1.73885
          0.752       -0.063285          1.5938
          0.754      -0.0663944        1.519525
          0.756      -0.0693631        1.453025
          0.758      -0.0722065        1.394325
           0.76      -0.0749404        1.344075
          0.762      -0.0775828        1.298225
          0.764      -0.0801333          1.2493
          0.766        -0.08258        1.194375
          0.768      -0.0849108         1.13345
           0.77      -0.0871138         0.95565
          0.772      -0.0887334        0.592675
          0.774      -0.0894845         0.21945
          0.776      -0.0896112       -0.031775
          0.778      -0.0893574        -0.16105
           0.78       -0.088967       -0.529475
          0.782      -0.0872395         -1.3257
          0.784      -0.0836642       -1.930025
          0.786      -0.0795194         -1.8951
          0.788      -0.0760838       -1.220875
           0.79      -0.0746359        0.159875
          0.792      -0.0767233         1.77405
          0.794      -0.0817321         2.74365
          0.796      -0.0876979        2.731175
          0.798      -0.0926568        1.736625
            0.8      -0.0946444          0.3908
          0.802        -0.09422       -0.302175
          0.804      -0.0934357       -0.413325
          0.806      -0.0925667       -0.386875
          0.808      -0.0918882       -0.222825
           0.81      -0.0916754        -0.02025
          0.812      -0.0918072         0.07205
          0.814      -0.0919636        0.078625
          0.816      -0.0921217        0.073825
          0.818      -0.0922589          0.0577
           0.82      -0.0923525        0.033775
          0.822       -0.092394           0.011
          0.824      -0.0923965       -0.006125
          0.826      -0.0923695         -0.0186
          0.828      -0.0923221        -0.02645
           0.83      -0.0922637         -0.1189
          0.832      -0.0918465        -0.33735
          0.834      -0.0909143         -0.5207
          0.836      -0.0897637       -0.555725
          0.838      -0.0886914       -0.442425
           0.84       -0.087994         0.02455
          0.842      -0.0887896          0.8183
          0.844      -0.0912672         1.38515
          0.846      -0.0943302          1.4037
          0.848       -0.096882          0.8739
           0.85      -0.0978258       -0.138425
          0.852      -0.0963283         -1.1815
          0.854      -0.0930998        -1.74235
          0.856      -0.0893589       -1.693875
          0.858      -0.0863243          -1.036
           0.86      -0.0852149       -0.203925
          0.862      -0.0855086         0.16405
          0.864      -0.0858711        0.198625
          0.866      -0.0863031        0.233475
          0.868       -0.086805        0.268575
           0.87      -0.0873774         0.31615
          0.872      -0.0880696        0.372425
          0.874      -0.0888671          0.4012
          0.876      -0.0896744        0.382225
          0.878       -0.090396          0.3155
           0.88      -0.0909364        0.083975
          0.882      -0.0907319       -0.330975
          0.884      -0.0896125         -0.6645
          0.886      -0.0880739         -0.7502
          0.888      -0.0866117         -0.5881
           0.89      -0.0857215         -0.2234
          0.892      -0.0857181        0.146425
          0.894      -0.0863072        0.338275
          0.896      -0.0870712          0.3213
          0.898      -0.0875924        0.095475
            0.9      -0.0874531       -0.382075
          0.902      -0.0860641       -0.955825
          0.904      -0.0836298         -1.2854
          0.906      -0.0809225       -1.228825
          0.908      -0.0787145        -0.78605
           0.91      -0.0777783         -0.2405
          0.912      -0.0777525       -0.006775
          0.914      -0.0777512        0.001825
          0.916      -0.0777598        0.003125
          0.918      -0.0777637       -0.002925
           0.92      -0.0777481       -0.010425
          0.922       -0.077722       -0.013075
          0.924      -0.0776958        -0.01615
          0.926      -0.0776574       -0.025275
          0.928      -0.0775947       -0.040475
           0.93      -0.0774955       -0.214425
          0.932       -0.076737        -0.61625
          0.934      -0.0750305        -0.96805
          0.936      -0.0728648       -1.075425
          0.938      -0.0707288       -0.938375
           0.94      -0.0691113       -0.671075
          0.942      -0.0680445       -0.476575
          0.944       -0.067205       -0.374225
          0.946      -0.0665476         -0.2944
          0.948      -0.0660274        -0.23705
           0.95      -0.0655994         -0.0145
          0.952      -0.0659694        0.444675
          0.954      -0.0673781          0.7784
          0.956       -0.069083        0.740875
          0.958      -0.0703416          0.3321
           0.96      -0.0704114         -0.4778
          0.962      -0.0684304       -1.422775
          0.964      -0.0647203         -2.0292
          0.966      -0.0603136         -2.1193
          0.968      -0.0562431         -1.6931
           0.97      -0.0535412       -0.966275
          0.972       -0.052378        -0.41425
          0.974      -0.0518842       -0.211125
          0.976      -0.0515335       -0.271125
          0.978      -0.0507997       -0.594225
           0.98      -0.0491566         -1.0722
          0.982      -0.0465109         -1.4477
          0.984      -0.0433658       -1.605275
          0.986      -0.0400898       -1.578575
          0.988      -0.0370515        -1.36755
           0.99      -0.0346196        -1.10935
          0.992      -0.0326141       -0.990975
          0.994      -0.0306557        -0.95015
          0.996      -0.0288135         -0.8747
          0.998      -0.0271569       -0.764625
              1       -0.025755        -0.66285
          1.002      -0.0245055       -0.624175
          1.004      -0.0232583         -0.6234
          1.006      -0.0220119       -0.623475
          1.008      -0.0207644        -0.62445
           1.01      -0.0195141         -0.6263
          1.012      -0.0182592        -0.62825
          1.014      -0.0170011       -0.629075
          1.016      -0.0157429        -0.62835
          1.018      -0.0144877       -0.626075
           1.02      -0.0132386       -0.592825
          1.022      -0.0121164       -0.512725
          1.024      -0.0111877       -0.435375
          1.026      -0.0103749      -0.3968575
          1.028     -0.00960027        -0.39722
           1.03     -0.00878602        -0.39444
          1.032     -0.00802251        -0.34711
          1.034     -0.00739758        -0.29819
          1.036     -0.00682975           -0.29
          1.038     -0.00623758      -0.3225425
           1.04     -0.00553958      -0.6608025
          1.042     -0.00359437      -1.3835618
          1.044    -5.33267e-06       -1.946545
          1.046      0.00419181      -1.9916682
          1.048      0.00796134      -1.5189225
           1.05       0.0102675        -0.56574
          1.052       0.0102243        0.466385
          1.054      0.00840196       1.0686925
          1.056      0.00594953       1.0964825
          1.058      0.00401603       0.5497725
           1.06      0.00375044      -0.3301325
          1.062      0.00533656        -1.00365
          1.064      0.00776504       -1.264685
          1.066       0.0103953        -1.20539
          1.068       0.0125866         -0.8258
           1.07       0.0136985       -0.306925
          1.072       0.0138143        0.024025
          1.074       0.0136024          0.1287
          1.076       0.0132995         0.11505
          1.078       0.0131422        -0.01695
           1.08       0.0133673       -0.242825
          1.082       0.0141135        -0.45065
          1.084       0.0151699       -0.533875
          1.086        0.016249       -0.473275
          1.088        0.017063       -0.268875
           1.09       0.0173245       -0.024975
          1.092       0.0171629         0.10265
          1.094       0.0169139           0.141
          1.096       0.0165989        0.168625
          1.098       0.0162394         0.18555
            1.1       0.0158567          0.2029
          1.102       0.0154278          0.2289
          1.104       0.0149411          0.2482
          1.106        0.014435        0.248175
          1.108       0.0139484         0.22875
           1.11         0.01352         0.10715
          1.112       0.0135198         -0.1391
          1.114       0.0140764       -0.336425
          1.116       0.0148655         -0.3716
          1.118       0.0155628         -0.2447
           1.12       0.0158443         0.10945
          1.122        0.015125        0.597475
          1.124       0.0134544          0.9161
          1.126       0.0114606       0.9207275
          1.128      0.00977149        0.611435
           1.13      0.00901486          0.0427
          1.132      0.00960069        -0.51966
          1.134       0.0110935      -0.8131275
          1.136       0.0128532       -0.786525
          1.138       0.0142396       -0.439825
           1.14       0.0146125          0.0055
          1.142       0.0142176        0.221575
          1.144       0.0137262         0.27025
          1.146       0.0131366        0.319725
          1.148       0.0124473         0.37005
           1.15       0.0116564        0.436525
          1.152       0.0107012        0.514025
          1.154       0.0096003       0.5566225
          1.156      0.00847471         0.53874
          1.158      0.00744534        0.460405
           1.16      0.00663309        0.270265
          1.162      0.00636428       -0.002575
          1.164      0.00664339      -0.1860875
          1.166      0.00710863         -0.1887
          1.168      0.00739819       -0.010415
           1.17      0.00715029       0.2433425
          1.172      0.00642482       0.3942075
          1.174      0.00557346       0.4381825
          1.176      0.00467209       0.4442175
          1.178      0.00379659        0.412315
           1.18      0.00302283         0.33942
          1.182      0.00243891        0.255855
          1.184      0.00199941         0.21474
          1.186      0.00157995       0.2358175
          1.188      0.00105614      0.31908875
           1.19     0.000303595      0.49825375
          1.192    -0.000936875      0.74086375
          1.194     -0.00265986      0.91399125
          1.196     -0.00459284       0.9508625
          1.198     -0.00646331       0.8514725
            1.2     -0.00799873       0.6732475
          1.202      -0.0091563       0.5390175
          1.204      -0.0101548          0.4895
          1.206      -0.0111143        0.499925
          1.208      -0.0121545        0.570325
           1.21      -0.0133956          0.6945
          1.212      -0.0149325         0.82095
          1.214      -0.0166794         0.88825
          1.216      -0.0184855          0.8801
          1.218      -0.0201998        0.796425
           1.22      -0.0216712          0.6809
          1.222      -0.0229234        0.605625
          1.224      -0.0240937        0.569725
          1.226      -0.0252023        0.543875
          1.228      -0.0262692        0.528025
           1.23      -0.0273144          0.5091
          1.232      -0.0283056        0.473625
          1.234      -0.0292089        0.434225
          1.236      -0.0300425        0.403875
          1.238      -0.0308244        0.382475
           1.24      -0.0315724        0.249175
          1.242      -0.0318211        -0.04895
          1.244      -0.0313766        -0.28915
          1.246      -0.0306645       -0.316525
          1.248      -0.0301105         -0.1311
           1.25      -0.0301401        0.374025
          1.252      -0.0316066        1.070475
          1.254       -0.034422        1.498175
          1.256      -0.0375993        1.432425
          1.258      -0.0401517         0.87325
           1.26      -0.0410923         0.17215
          1.262      -0.0408403       -0.152325
          1.264       -0.040483         -0.2011
          1.266      -0.0400359       -0.242125
          1.268      -0.0395145       -0.275425
           1.27      -0.0389342       -0.308775
          1.272      -0.0382794         -0.3436
          1.274      -0.0375598       -0.362725
          1.276      -0.0368285         -0.3553
          1.278      -0.0361386       -0.321275
           1.28      -0.0355434         -0.1706
          1.282      -0.0354562          0.1155
          1.284      -0.0360054          0.3401
          1.286      -0.0368166          0.3775
          1.288      -0.0375154        0.227675
           1.29      -0.0377273       -0.106525
          1.292      -0.0370893       -0.490325
          1.294       -0.035766       -0.728725
          1.296      -0.0341744        -0.75865
          1.298      -0.0327314       -0.580075
            1.3      -0.0318541        -0.13545
          1.302      -0.0321896        0.425275
          1.304      -0.0335552        0.733275
          1.306      -0.0351227          0.6272
          1.308       -0.036064          0.1071
           1.31      -0.0355511       -0.538225
          1.312      -0.0339111         -0.8721
          1.314      -0.0320627       -0.961475
          1.316      -0.0300652         -1.0212
          1.318      -0.0279779       -1.051325
           1.32      -0.0258599       -1.100175
          1.322      -0.0235772        -1.19285
          1.324      -0.0210885        -1.24605
          1.326       -0.018593       -1.199725
          1.328      -0.0162896        -1.05395
           1.33      -0.0143772       -0.660525
          1.332      -0.0136475         -0.0271
          1.334      -0.0142688          0.4645
          1.336      -0.0155055        0.588275
          1.338      -0.0166219          0.3442
           1.34      -0.0168823       -0.052125
          1.342      -0.0164134       -0.262425
          1.344      -0.0158326       -0.318275
          1.346      -0.0151403          -0.374
          1.348      -0.0143366         -0.4296
           1.35      -0.0134219       -0.552425
          1.352      -0.0121269         -0.7576
          1.354      -0.0103915       -0.899195
          1.356     -0.00853012       -0.883565
          1.358     -0.00685724       -0.710715
           1.36     -0.00568726      -0.2654975
          1.362     -0.00579525        0.371555
          1.364     -0.00717348       0.7917275
          1.366     -0.00896216        0.782005
          1.368      -0.0103015         0.34241
           1.37      -0.0103318       -0.247305
          1.372     -0.00931228      -0.5464925
          1.374     -0.00814583      -0.5936475
          1.376     -0.00693769      -0.5881775
          1.378     -0.00579312      -0.5300675
           1.38     -0.00481742      -0.4575125
          1.382     -0.00396307      -0.4261275
          1.384     -0.00311291      -0.4238575
          1.386     -0.00226764      -0.4212275
          1.388       -0.001428     -0.41823125
           1.39    -0.000594715     -0.41450875
          1.392     0.000230035     -0.40703125
          1.394      0.00103341     -0.39216625
          1.396       0.0017987      -0.3689475
          1.398       0.0025092       -0.337375
            1.4       0.0031482        -0.17299
          1.402      0.00320116       0.1737425
          1.404      0.00245323        0.465955
          1.406      0.00133734        0.541707
          1.408     0.000286402      0.40100225
           1.41    -0.000266669       0.1777525
          1.412    -0.000424608      0.06393225
          1.414    -0.000522398      0.01272175
          1.416    -0.000475495        -0.08076
          1.418    -0.000199358     -0.21651275
           1.42     0.000390556      -0.3583645
          1.422       0.0012341       -0.446591
          1.424      0.00217692        -0.48203
          1.426      0.00316222      -0.4890775
          1.428      0.00413323        -0.46773
           1.43      0.00503314      -0.4345325
          1.432      0.00587136        -0.41174
          1.434       0.0066801      -0.3913725
          1.436      0.00743685        -0.35974
          1.438      0.00811906        -0.31684
           1.44      0.00870421        -0.17892
          1.442      0.00883474         0.07748
          1.444      0.00839429         0.27816
          1.446       0.0077221         0.30922
          1.448      0.00715741       0.1706525
           1.45      0.00703949      -0.0401725
          1.452       0.0073181      -0.1675875
          1.454      0.00770984      -0.2215025
          1.456      0.00820411       -0.270125
          1.458      0.00879034        -0.31346
           1.46      0.00945795       -0.388865
          1.462       0.0103458      -0.5042625
          1.464        0.011475        -0.57825
          1.466       0.0126588       -0.558775
          1.468       0.0137101         -0.4458
           1.47        0.014442        -0.24545
          1.472       0.0146919         -0.0304
          1.474       0.0145636         0.10565
          1.476       0.0142693         0.13555
          1.478       0.0140214         0.05925
           1.48       0.0140323         -0.1111
          1.482       0.0144658        -0.28885
          1.484       0.0151877         -0.3745
          1.486       0.0159638          -0.343
          1.488       0.0165597        -0.19425
           1.49       0.0167408          0.0443
          1.492       0.0163825        0.271225
          1.494       0.0156559         0.40295
          1.496       0.0147707        0.429825
          1.498       0.0139366          0.3519
            1.5       0.0133631        0.202075
          1.502       0.0131283         0.07035
          1.504       0.0130817         0.00945
          1.506       0.0130905           0.015
          1.508       0.0130217        0.086975
           1.51       0.0127426        0.266875
          1.512       0.0119542         0.51905
          1.514       0.0106664        0.686295
          1.516      0.00920902       0.6885525
          1.518      0.00791219        0.525785
           1.52      0.00710588       0.2291325
          1.522      0.00699566        -0.05955
          1.524      0.00734408      -0.2052225
          1.526      0.00781655        -0.18361
          1.528      0.00807852        0.005285
           1.53      0.00779541         0.24603
          1.532       0.0070944          0.3624
          1.534      0.00634581       0.3786375
          1.536      0.00557985        0.379785
          1.538      0.00482667        0.365845
           1.54      0.00411647       0.3462475
          1.542      0.00344168         0.33389
          1.544      0.00278091         0.32453
          1.546      0.00214356       0.3104725
          1.548      0.00153902      0.29171475
           1.55     0.000976701      0.19080325
          1.552     0.000775807     -0.01812225
          1.554      0.00104919     -0.18023075
          1.556      0.00149673      -0.1922775
          1.558       0.0018183        -0.05426
           1.56      0.00171377       0.1455925
          1.562      0.00123593       0.2668495
          1.564     0.000646372      0.31942558
          1.566    -4.17723e-05       0.3654395
          1.568    -0.000815386      0.40489443
           1.57     -0.00166135       0.4558835
          1.572     -0.00263892         0.52126
          1.574     -0.00374639       0.5600725
          1.576     -0.00487921        0.546605
          1.578     -0.00593281        0.480855
           1.58     -0.00680263       0.3863925
          1.582     -0.00747838         0.30478
          1.584     -0.00802175       0.2394375
          1.586     -0.00843613         0.17579
          1.588     -0.00872491         0.11384
           1.59     -0.00889149         0.05316
          1.592     -0.00893755       0.0033025
          1.594      -0.0089047        -0.02033
          1.596     -0.00885623      -0.0123125
          1.598     -0.00885545         0.02735
            1.6     -0.00896563        0.075645
          1.602     -0.00915803       0.0980125
          1.604     -0.00935768       0.1001375
          1.606     -0.00955858         0.09926
          1.608     -0.00975472       0.0953825
           1.61     -0.00994011         0.09067
          1.612      -0.0101174       0.0883975
          1.614      -0.0102937        0.087925
          1.616      -0.0104691         0.08765
          1.618      -0.0106443        0.087575
           1.62      -0.0108194        0.087375
          1.622      -0.0109938          0.0859
          1.624       -0.011163        0.081925
          1.626      -0.0113215         0.07515
          1.628      -0.0114636        0.065625
           1.63       -0.011584          0.0038
          1.632      -0.0114788       -0.137925
          1.634      -0.0110323       -0.277125
          1.636      -0.0103703        -0.35336
          1.638     -0.00961886       -0.366625
           1.64      -0.0089038       -0.379105
          1.642     -0.00810244      -0.4476325
          1.644     -0.00711327       -0.502085
          1.646      -0.0060941      -0.4776325
          1.648     -0.00520274       -0.374275
           1.65       -0.004597      -0.1700875
          1.652     -0.00452239         0.08394
          1.654     -0.00493276         0.25649
          1.656     -0.00554835       0.2891675
          1.658     -0.00608943         0.18198
           1.66     -0.00627627        0.010125
          1.662     -0.00612993      -0.0948125
          1.664     -0.00589702        -0.12346
          1.666     -0.00563609      -0.1228325
          1.668     -0.00540569       -0.092925
           1.67     -0.00526439        -0.02863
          1.672     -0.00529117       0.0501025
          1.674      -0.0054648        0.100575
          1.676     -0.00569347         0.10515
          1.678      -0.0058854        0.063825
           1.68     -0.00594877       -0.109935
          1.682     -0.00544566      -0.4070925
          1.684      -0.0043204      -0.5977575
          1.686     -0.00305463      -0.5476075
          1.688     -0.00212997      -0.2566475
           1.69     -0.00202804        0.121715
          1.692     -0.00261683       0.3372125
          1.694     -0.00337689         0.39797
          1.696     -0.00420871       0.4089675
          1.698     -0.00501276       0.3702025
            1.7     -0.00568952         0.31834
          1.702     -0.00628612       0.3004525
          1.704     -0.00689133        0.295485
          1.706     -0.00746806       0.2719775
          1.708     -0.00797924       0.2299275
           1.71     -0.00838777        0.172425
          1.712     -0.00866894       0.1143525
          1.714     -0.00884518       0.0703125
          1.716     -0.00895019       0.0431175
          1.718     -0.00901765       0.0327625
           1.72     -0.00908124       0.0242225
          1.722     -0.00911454       -0.000145
          1.724     -0.00908066       -0.029255
          1.726     -0.00899752      -0.0493925
          1.728     -0.00888309      -0.0605525
           1.73     -0.00875531        -0.16114
          1.732     -0.00823853        -0.39436
          1.734     -0.00717787      -0.5790275
          1.736     -0.00592242       -0.589145
          1.738     -0.00482129      -0.4247175
           1.74     -0.00422355       0.0206225
          1.742     -0.00490378       0.6590525
          1.744     -0.00685976       1.0928975
          1.746     -0.00927537        1.118685
          1.748      -0.0113345       0.7364075
           1.75       -0.012221          0.1399
          1.752      -0.0118941       -0.287375
          1.754      -0.0110715       -0.454725
          1.756      -0.0100752       -0.461075
          1.758      -0.0092272      -0.3064325
           1.76     -0.00884947        -0.03735
          1.762      -0.0090778         0.20414
          1.764     -0.00966603        0.321325
          1.766      -0.0103631       0.3129925
          1.768       -0.010918        0.179125
           1.77      -0.0110796        -0.16225
          1.772       -0.010269      -0.6357225
          1.774     -0.00853671      -0.9231325
          1.776     -0.00657647       -0.863705
          1.778     -0.00508189      -0.4574625
           1.78     -0.00474662        0.100205
          1.782     -0.00548271       0.4599425
          1.784     -0.00658639       0.5862075
          1.786     -0.00782754         0.59741
          1.788     -0.00897603        0.493555
           1.79     -0.00980176       0.3518175
          1.792      -0.0103833         0.28406
          1.794       -0.010938        0.265275
          1.796      -0.0114444        0.235675
          1.798      -0.0118807        0.195175
            1.8      -0.0122251        0.143025
          1.802      -0.0124528          0.0799
          1.804      -0.0125447         0.00885
          1.806      -0.0124882       -0.068525
          1.808      -0.0122706       -0.152225
           1.81      -0.0118793          -0.295
          1.812      -0.0110906       -0.499365
          1.814     -0.00988184        -0.63713
          1.816     -0.00854208      -0.6303975
          1.818     -0.00736025      -0.4791975
           1.82     -0.00662529       -0.280015
          1.822     -0.00624019      -0.1787175
          1.824     -0.00591042      -0.1528825
          1.826     -0.00562866        -0.13071
          1.828     -0.00538758      -0.1122025
           1.83     -0.00517985      -0.0843175
          1.832     -0.00505031       -0.043825
          1.834     -0.00500455       -0.018475
          1.836     -0.00497641      -0.0262075
          1.838     -0.00489972       -0.067025
           1.84     -0.00470831      -0.1853825
          1.842     -0.00415819      -0.3755725
          1.844     -0.00320602       -0.517885
          1.846     -0.00208665      -0.5427725
          1.848     -0.00103493     -0.45023175
           1.85    -0.000285723      -0.2720892
          1.852     5.34268e-05     -0.10882475
          1.854     0.000149576      -0.0315913
          1.856     0.000179792       -0.042891
          1.858      0.00032114     -0.14272375
           1.86     0.000750687       -0.297535
          1.862      0.00151128     -0.42483825
          1.864      0.00245004        -0.48479
          1.866      0.00345044        -0.48648
          1.868      0.00439596        -0.42991
           1.87      0.00517008       -0.352785
          1.872       0.0058071        -0.30709
          1.874      0.00639844      -0.2765375
          1.876      0.00691325      -0.2305525
          1.878      0.00732065       -0.169135
           1.88      0.00758979      -0.0920175
          1.882      0.00768872        -0.01757
          1.884      0.00766007        0.025985
          1.886      0.00758478       0.0290625
          1.888      0.00754382      -0.0083425
           1.89      0.00761815       -0.065195
          1.892       0.0078046        -0.10494
          1.894      0.00803791        -0.12533
          1.896      0.00830592      -0.1396375
          1.898      0.00859646       -0.147865
            1.9      0.00889738      -0.1837325
          1.902      0.00933139       -0.262795
          1.904      0.00994856      -0.3241025
          1.906       0.0106278        -0.32486
          1.908        0.011248       -0.265025
           1.91       0.0116879       -0.049475
          1.912       0.0114459          0.3158
          1.914       0.0104247         0.58384
          1.916      0.00911054         0.60881
          1.918      0.00798946       0.3907375
           1.92      0.00754759       0.0277675
          1.922      0.00787839       -0.257935
          1.924      0.00857933        -0.37852
          1.926      0.00939247      -0.3701425
          1.928       0.0100599      -0.2327825
           1.93       0.0103236        -0.05225
          1.932       0.0102689        0.044675
          1.934       0.0101449        0.082495
          1.936      0.00993892         0.12654
          1.938      0.00963874       0.1767575
           1.94      0.00923189         0.24855
          1.942      0.00864454       0.3353275
          1.944      0.00789058       0.3888375
          1.946      0.00708919        0.382755
          1.948      0.00635956         0.31708
           1.95      0.00582087        0.188585
          1.952      0.00560522       0.0405425
          1.954       0.0056587        -0.05407
          1.956       0.0058215      -0.0687725
          1.958      0.00593379        -0.00356
           1.96      0.00583574         0.15491
          1.962      0.00531415         0.34792
          1.964      0.00444406       0.4540375
          1.966        0.003498         0.42389
          1.968       0.0027485       0.2574775
           1.97      0.00246809       0.0170525
          1.972      0.00268029       -0.167045
          1.974      0.00313627      -0.2549275
          1.976          0.0037      -0.2748025
          1.978      0.00423548        -0.22668
           1.98      0.00460672      -0.1486225
          1.982      0.00482997       -0.097675
          1.984      0.00499742        -0.06424
          1.986      0.00508693        -0.01973
          1.988      0.00507634         0.03585
           1.99      0.00494353       0.1332775
          1.992      0.00454323         0.28926
          1.994      0.00378649       0.4519225
          1.996      0.00273554        0.583465
          1.998      0.00145263        0.683885
              2               0       0.3631575
          2.002               0               0
          2.004               0               0
          2.006               0               0
          2.008               0               0
           2.01               0               0
          2.012               0               0
          2.014               0               0
          2.016               0               0
          2.018               0               0
           2.02               0               0
          2.022               0               0
          2.024               0               0
          2.026               0               0
          2.028               0               0
           2.03               0               0
          2.032               0               0
          2.034               0               0
          2.036               0               0
          2.038               0               0
           2.04               0               0
          2.042               0               0
          2.044               0               0
          2.046               0               0
          2.048               0               0
           2.05               0               0
          2.052               0               0
          2.054               0               0
          2.056               0               0
          2.058               0               0
           2.06               0               0
          2.062               0               0
          2.064               0               0
          2.066               0               0
          2.068               0               0
           2.07               0               0
          2.072               0               0
          2.074               0               0
          2.076               0               0
          2.078               0               0
           2.08               0               0
          2.082               0               0
          2.084               0               0
          2.086               0               0
          2.088               0               0
           2.09               0               0
          2.092               0               0
          2.094               0               0
          2.096               0               0
          2.098               0               0
            2.1               0               0
          2.102               0               0
          2.104               0               0
          2.106               0               0
          2.108               0               0
           2.11               0               0
          2.112               0               0
          2.114               0               0
          2.116               0               0
          2.118               0               0
           2.12               0               0
          2.122               0               0
          2.124               0               0
          2.126               0               0
          2.128               0               0
           2.13               0               0
          2.132               0               0
          2.134               0               0
          2.136               0               0
          2.138               0               0
           2.14               0               0
          2.142               0               0
          2.144               0               0
          2.146               0               0
          2.148               0               0
           2.15               0               0
          2.152               0               0
          2.154               0               0
          2.156               0               0
          2.158               0               0
           2.16               0               0
          2.162               0               0
          2.164               0               0
          2.166               0               0
          2.168               0               0
           2.17               0               0
          2.172               0               0
          2.174               0               0
          2.176               0               0
          2.178               0               0
           2.18               0               0
          2.182               0               0
          2.184               0               0
          2.186               0               0
          2.188               0               0
           2.19               0               0
          2.192               0               0
          2.194               0               0
          2.196               0               0
          2.198               0               0
            2.2               0               0
          2.202               0               0
          2.204               0               0
          2.206               0               0
          2.208               0               0
           2.21               0               0
          2.212               0               0
          2.214               0               0
          2.216               0               0
          2.218               0               0
           2.22               0               0
          2.222               0               0
          2.224               0               0
          2.226               0               0
          2.228               0               0
           2.23               0               0
          2.232               0               0
          2.234               0               0
          2.236               0               0
          2.238               0               0
           2.24               0               0
          2.242               0               0
          2.244               0               0
          2.246               0               0
          2.248               0               0
           2.25               0               0
          2.252               0               0
          2.254               0               0
          2.256               0               0
          2.258               0               0
           2.26               0               0
          2.262               0               0
          2.264               0               0
          2.266               0               0
          2.268               0               0
           2.27               0               0
          2.272               0               0
          2.274               0               0
          2.276               0               0
          2.278               0               0
           2.28               0               0
          2.282               0               0
          2.284               0               0
          2.286               0               0
          2.288               0               0
           2.29               0               0
          2.292               0               0
          2.294               0               0
          2.296               0               0
          2.298               0               0
            2.3               0               0
          2.302               0               0
          2.304               0               0
          2.306               0               0
          2.308               0               0
           2.31               0               0
          2.312               0               0
          2.314               0               0
          2.316               0               0
          2.318               0               0
           2.32               0               0
          2.322               0               0
          2.324               0               0
          2.326               0               0
          2.328               0               0
           2.33               0               0
          2.332               0               0
          2.334               0               0
          2.336               0               0
          2.338               0               0
           2.34               0               0
          2.342               0               0
          2.344               0               0
          2.346               0               0
          2.348               0               0
           2.35               0               0
          2.352               0               0
          2.354               0               0
          2.356               0               0
          2.358               0               0
           2.36               0               0
          2.362               0               0
          2.364               0               0
          2.366               0               0
          2.368               0               0
           2.37               0               0
          2.372               0               0
          2.374               0               0
          2.376               0               0
          2.378               0               0
           2.38               0               0
          2.382               0               0
          2.384               0               0
          2.386               0               0
          2.388               0               0
           2.39               0               0
          2.392               0               0
          2.394               0               0
          2.396               0               0
          2.398               0               0
            2.4               0               0
          2.402               0               0
          2.404               0               0
          2.406               0               0
          2.408               0               0
           2.41               0               0
          2.412               0               0
          2.414               0               0
          2.416               0               0
          2.418               0               0
           2.42               0               0
          2.422               0               0
          2.424               0               0
          2.426               0               0
          2.428               0               0
           2.43               0               0
          2.432               0               0
          2.434               0               0
          2.436               0               0
          2.438               0               0
           2.44               0               0
          2.442               0               0
          2.444               0               0
          2.446               0               0
          2.448               0               0
           2.45               0               0
          2.452               0               0
          2.454               0               0
          2.456               0               0
          2.458               0               0
           2.46               0               0
          2.462               0               0
          2.464               0               0
          2.466               0               0
          2.468               0               0
           2.47               0               0
          2.472               0               0
          2.474               0               0
          2.476               0               0
          2.478               0               0
           2.48               0               0
          2.482               0               0
          2.484               0               0
          2.486               0               0
          2.488               0               0
           2.49               0               0
          2.492               0               0
          2.494               0               0
          2.496               0               0
          2.498               0               0
            2.5               0               0
          2.502               0               0
          2.504               0               0
          2.506               0               0
          2.508               0               0
           2.51               0               0
          2.512               0               0
          2.514               0               0
          2.516               0               0
          2.518               0               0
           2.52               0               0
          2.522               0               0
          2.524               0               0
          2.526               0               0
          2.528               0               0
           2.53               0               0
          2.532               0               0
          2.534               0               0
          2.536               0               0
          2.538               0               0
           2.54               0               0
          2.542               0               0
          2.544               0               0
          2.546               0               0
          2.548               0               0
           2.55               0               0
          2.552               0               0
          2.554               0               0
          2.556               0               0
          2.558               0               0
           2.56               0               0
          2.562               0               0
          2.564               0               0
          2.566               0               0
          2.568               0               0
           2.57               0               0
          2.572               0               0
          2.574               0               0
          2.576               0               0
          2.578               0               0
           2.58               0               0
          2.582               0               0
          2.584               0               0
          2.586               0               0
          2.588               0               0
           2.59               0               0
          2.592               0               0
          2.594               0               0
          2.596               0               0
          2.598               0               0
            2.6               0               0
          2.602               0               0
          2.604               0               0
          2.606               0               0
          2.608               0               0
           2.61               0               0
          2.612               0               0
          2.614               0               0
          2.616               0               0
          2.618               0               0
           2.62               0               0
          2.622               0               0
          2.624               0               0
          2.626               0               0
          2.628               0               0
           2.63               0               0
          2.632               0               0
          2.634               0               0
          2.636               0               0
          2.638               0               0
           2.64               0               0
          2.642               0               0
          2.644               0               0
          2.646               0               0
          2.648               0               0
           2.65               0               0
          2.652               0               0
          2.654               0               0
          2.656               0               0
          2.658               0               0
           2.66               0               0
          2.662               0               0
          2.664               0               0
          2.666               0               0
          2.668               0               0
           2.67               0               0
          2.672               0               0
          2.674               0               0
          2.676               0               0
          2.678               0               0
           2.68               0               0
          2.682               0               0
          2.684               0               0
          2.686               0               0
          2.688               0               0
           2.69               0               0
          2.692               0               0
          2.694               0               0
          2.696               0               0
          2.698               0               0
            2.7               0               0
          2.702               0               0
          2.704               0               0
          2.706               0               0
          2.708               0               0
           2.71               0               0
          2.712               0               0
          2.714               0               0
          2.716               0               0
          2.718               0               0
           2.72               0               0
          2.722               0               0
          2.724               0               0
          2.726               0               0
          2.728               0               0
           2.73               0               0
          2.732               0               0
          2.734               0               0
          2.736               0               0
          2.738               0               0
           2.74               0               0
          2.742               0               0
          2.744               0               0
          2.746               0               0
          2.748               0               0
           2.75               0               0
          2.752               0               0
          2.754               0               0
          2.756               0               0
          2.758               0               0
           2.76               0               0
          2.762               0               0
          2.764               0               0
          2.766               0               0
          2.768               0               0
           2.77               0               0
          2.772               0               0
          2.774               0               0
          2.776               0               0
          2.778               0               0
           2.78               0               0
          2.782               0               0
          2.784               0               0
          2.786               0               0
          2.788               0               0
           2.79               0               0
          2.792               0               0
          2.794               0               0
          2.796               0               0
          2.798               0               0
            2.8               0               0
          2.802               0               0
          2.804               0               0
          2.806               0               0
          2.808               0               0
           2.81               0               0
          2.812               0               0
          2.814               0               0
          2.816               0               0
          2.818               0               0
           2.82               0               0
          2.822               0               0
          2.824               0               0
          2.826               0               0
          2.828               0               0
           2.83               0               0
          2.832               0               0
          2.834               0               0
          2.836               0               0
          2.838               0               0
           2.84               0               0
          2.842               0               0
          2.844               0               0
          2.846               0               0
          2.848               0               0
           2.85               0               0
          2.852               0               0
          2.854               0               0
          2.856               0               0
          2.858               0               0
           2.86               0               0
          2.862               0               0
          2.864               0               0
          2.866               0               0
          2.868               0               0
           2.87               0               0
          2.872               0               0
          2.874               0               0
          2.876               0               0
          2.878               0               0
           2.88               0               0
          2.882               0               0
          2.884               0               0
          2.886               0               0
          2.888               0               0
           2.89               0               0
          2.892               0               0
          2.894               0               0
          2.896               0               0
          2.898               0               0
            2.9               0               0
          2.902               0               0
          2.904               0               0
          2.906               0               0
          2.908               0               0
           2.91               0               0
          2.912               0               0
          2.914               0               0
          2.916               0               0
          2.918               0               0
           2.92               0               0
          2.922               0               0
          2.924               0               0
          2.926               0               0
          2.928               0               0
           2.93               0               0
          2.932               0               0
          2.934               0               0
          2.936               0               0
          2.938               0               0
           2.94               0               0
          2.942               0               0
          2.944               0               0
          2.946               0               0
          2.948               0               0
           2.95               0               0
          2.952               0               0
          2.954               0               0
          2.956               0               0
          2.958               0               0
           2.96               0               0
          2.962               0               0
          2.964               0               0
          2.966               0               0
          2.968               0               0
           2.97               0               0
          2.972               0               0
          2.974               0               0
          2.976               0               0
          2.978               0               0
           2.98               0               0
          2.982               0               0
          2.984               0               0
          2.986               0               0
          2.988               0               0
           2.99               0               0
          2.992               0               0
          2.994               0               0
          2.996               0               0
          2.998               0               0
              3               0               0
          3.002               0               0
          3.004               0               0
          3.006               0               0
          3.008               0               0
           3.01               0               0
          3.012               0               0
          3.014               0               0
          3.016               0               0
          3.018               0               0
           3.02               0               0
          3.022               0               0
          3.024               0               0
          3.026               0               0
          3.028               0               0
           3.03               0               0
          3.032               0               0
          3.034               0               0
          3.036               0               0
          3.038               0               0
           3.04               0               0
          3.042               0               0
          3.044               0               0
          3.046               0               0
          3.048               0               0
           3.05               0               0
          3.052               0               0
          3.054               0               0
          3.056               0               0
          3.058               0               0
           3.06               0               0
          3.062               0               0
          3.064               0               0
          3.066               0               0
          3.068               0               0
           3.07               0               0
          3.072               0               0
          3.074               0               0
          3.076               0               0
          3.078               0               0
           3.08               0               0
          3.082               0               0
          3.084               0               0
          3.086               0               0
          3.088               0               0
           3.09               0               0
          3.092               0               0
          3.094               0               0
          3.096               0               0
          3.098               0               0
            3.1               0               0
          3.102               0               0
          3.104               0               0
          3.106               0               0
          3.108               0               0
           3.11               0               0
          3.112               0               0
          3.114               0               0
          3.116               0               0
          3.118               0               0
           3.12               0               0
          3.122               0               0
          3.124               0               0
          3.126               0               0
          3.128               0               0
           3.13               0               0
          3.132               0               0
          3.134               0               0
          3.136               0               0
          3.138               0               0
           3.14               0               0
          3.142               0               0
          3.144               0               0
          3.146               0               0
          3.148               0               0
           3.15               0               0
          3.152               0               0
          3.154               0               0
          3.156               0               0
          3.158               0               0
           3.16               0               0
          3.162               0               0
          3.164               0               0
          3.166               0               0
          3.168               0               0
           3.17               0               0
          3.172               0               0
          3.174               0               0
          3.176               0               0
          3.178               0               0
           3.18               0               0
          3.182               0               0
          3.184               0               0
          3.186               0               0
          3.188               0               0
           3.19               0               0
          3.192               0               0
          3.194               0               0
          3.196               0               0
          3.198               0               0
            3.2               0               0
          3.202               0               0
          3.204               0               0
          3.206               0               0
          3.208               0               0
           3.21               0               0
          3.212               0               0
          3.214               0               0
          3.216               0               0
          3.218               0               0
           3.22               0               0
          3.222               0               0
          3.224               0               0
          3.226               0               0
          3.228               0               0
           3.23               0               0
          3.232               0               0
          3.234               0               0
          3.236               0               0
          3.238               0               0
           3.24               0               0
          3.242               0               0
          3.244               0               0
          3.246               0               0
          3.248               0               0
           3.25               0               0
          3.252               0               0
          3.254               0               0
          3.256               0               0
          3.258               0               0
           3.26               0               0
          3.262               0               0
          3.264               0               0
          3.266               0               0
          3.268               0               0
           3.27               0               0
          3.272               0               0
          3.274               0               0
          3.276               0               0
          3.278               0               0
           3.28               0               0
          3.282               0               0
          3.284               0               0
          3.286               0               0
          3.288               0               0
           3.29               0               0
          3.292               0               0
          3.294               0               0
          3.296               0               0
          3.298               0               0
            3.3               0               0
          3.302               0               0
          3.304               0               0
          3.306               0               0
          3.308               0               0
           3.31               0               0
          3.312               0               0
          3.314               0               0
          3.316               0               0
          3.318               0               0
           3.32               0               0
          3.322               0               0
          3.324               0               0
          3.326               0               0
          3.328               0               0
           3.33               0               0
          3.332               0               0
          3.334               0               0
          3.336               0               0
          3.338               0               0
           3.34               0               0
          3.342               0               0
          3.344               0               0
          3.346               0               0
          3.348               0               0
           3.35               0               0
          3.352               0               0
          3.354               0               0
          3.356               0               0
          3.358               0               0
           3.36               0               0
          3.362               0               0
          3.364               0               0
          3.366               0               0
          3.368               0               0
           3.37               0               0
          3.372               0               0
          3.374               0               0
          3.376               0               0
          3.378               0               0
           3.38               0               0
          3.382               0               0
          3.384               0               0
          3.386               0               0
          3.388               0               0
           3.39               0               0
          3.392               0               0
          3.394               0               0
          3.396               0               0
          3.398               0               0
            3.4               0               0
          3.402               0               0
          3.404               0               0
          3.406               0               0
          3.408               0               0
           3.41               0               0
          3.412               0               0
          3.414               0               0
          3.416               0               0
          3.418               0               0
           3.42               0               0
          3.422               0               0
          3.424               0               0
          3.426               0               0
          3.428               0               0
           3.43               0               0
          3.432               0               0
          3.434               0               0
          3.436               0               0
          3.438               0               0
           3.44               0               0
          3.442               0               0
          3.444               0               0
          3.446               0               0
          3.448               0               0
           3.45               0               0
          3.452               0               0
          3.454               0               0
          3.456               0               0
          3.458               0               0
           3.46               0               0
          3.462               0               0
          3.464               0               0
          3.466               0               0
          3.468               0               0
           3.47               0               0
          3.472               0               0
          3.474               0               0
          3.476               0               0
          3.478               0               0
           3.48               0               0
          3.482               0               0
          3.484               0               0
          3.486               0               0
          3.488               0               0
           3.49               0               0
          3.492               0               0
          3.494               0               0
          3.496               0               0
          3.498               0               0
            3.5               0               0
