          0.002         1000000               0
          0.004         1000000               0
          0.006         1000000               0
          0.008         1000000               0
           0.01         1000000               0
          0.012         1000000               0
          0.014         1000000               0
          0.016         1000000               0
          0.018         1000000               0
           0.02         1000000               0
          0.022         1000000               0
          0.024         1000000               0
          0.026         1000000               0
          0.028         1000000               0
           0.03         1000000               0
          0.032         1000000               0
          0.034         1000000               0
          0.036         1000000               0
          0.038         1000000               0
           0.04         1000000               0
          0.042         1000000               0
          0.044         1000000               0
          0.046         1000000               0
          0.048         1000000               0
           0.05         1000000               0
          0.052         1000000               0
          0.054         1000000               0
          0.056         1000000        14251303
          0.058       942994.79        34586970
           0.06       861652.12        38917182
          0.062       787326.06        35560188
          0.064       719411.37        32492769
          0.066       657354.99        29689944
          0.068       600651.59        27128892
           0.07       548839.42        24788755
          0.072       501496.57        22650479
          0.074       458237.51        20696650
          0.076       418709.97        18911358
          0.078       382592.07        17280066
           0.08       349589.71        15789488
          0.082       319434.12        14427488
          0.084       291879.75        13182974
          0.086       266702.22        12045811
          0.088       243696.51        11006740
           0.09       222675.26        10057300
          0.092       203467.31       9189757.7
          0.094       185916.23       8397049.8
          0.096       169879.11       7672720.8
          0.098       155225.35       7010872.4
            0.1       141835.62         6406115
          0.102       129600.89         5853524
          0.104       118421.52       5348599.4
          0.106       108206.49       4887229.5
          0.108       98872.606       4465657.4
           0.11       90343.861       4080450.1
          0.112       82550.806       3728470.7
          0.114       75429.979       3406853.1
          0.116       68923.393       3112978.2
          0.118       62978.066       2844452.9
           0.12       57545.582       2599090.5
          0.122       52581.704       2374893.2
          0.124       48046.009         2170035
          0.126       43901.564       1982847.9
          0.128       40114.618       1811807.6
           0.13       36654.333       1655521.2
          0.132       33492.533         1512716
          0.134       30603.469       1382229.3
          0.136       27963.616       1262998.2
          0.138       25551.476       1154052.1
           0.14       23347.407       1054503.6
          0.142       21333.462       963542.22
          0.144       19493.239       880427.13
          0.146       17811.753       804481.54
          0.148       16275.312       735087.02
           0.15       14871.405       671678.46
          0.152       13588.599       613739.52
          0.154       12416.447       560798.39
          0.156       11345.405       512423.95
          0.158       10366.751        468222.3
           0.16       9472.5158       427833.47
          0.162       8655.4172       390928.58
          0.164       7908.8014       357207.11
          0.166       7226.5887       326394.45
          0.168       6603.2237       298239.68
           0.17         6033.63       272513.55
          0.172       5513.1695       249006.55
          0.174       5037.6038       227527.26
          0.176       4603.0604       207900.77
          0.178       4206.0007       189967.26
           0.18       3843.1914        173580.7
          0.182       3511.6779       158607.64
          0.184       3208.7608       144926.15
          0.186       2931.9733       132424.83
          0.188       2679.0615       121001.88
           0.19       2447.9658       110564.26
          0.192       2236.8044          101027
          0.194       2043.8578       92312.414
          0.196       1867.5548       84349.551
          0.198       1706.4596       77073.564
            0.2       1559.2605       70425.203
          0.202       1424.7588        64350.33
          0.204       1301.8592       58799.474
          0.206       1189.5609       53727.436
          0.208       1086.9495        49092.91
           0.21       993.18928       44858.159
          0.212       907.51684       40988.697
          0.214        829.2345       37453.015
          0.216       757.70478        34222.32
          0.218       692.34522       31270.305
           0.22       632.62356        28572.93
          0.222       578.05349       26108.231
          0.224       528.19064       23856.137
          0.226       482.62895       21798.308
          0.228        440.9974       19917.987
           0.23         402.957       18199.863
          0.232       368.19795       16629.944
          0.234       336.43722       15195.446
          0.236       307.41617       13884.688
          0.238       280.89847       12686.996
           0.24       256.66818       11592.616
          0.242         234.528       10592.638
          0.244       214.29763       9678.9176
          0.246       195.81233       8844.0148
          0.248       178.92157       8081.1307
           0.25       163.48781       7384.0529
          0.252       149.38536       6747.1049
          0.254       136.49939       6165.1001
          0.256       124.72496        5633.299
          0.258       113.96619        5147.371
           0.26       104.13548       4703.3591
          0.262       95.152758       4297.6476
          0.264       86.944887       3926.9328
          0.266       79.445027       3588.1958
          0.268       72.592104       3278.6783
           0.27       66.330314       2995.8597
          0.272       60.608665        2737.437
          0.274       55.380566       2501.3059
          0.276       50.603442       2285.5434
          0.278       46.238392       2088.3926
           0.28       42.249871        1908.248
          0.282         38.6054       2022.4178
          0.284         34.1602         2135.85
          0.286          30.062          1917.3
          0.288          26.491        1608.675
           0.29         23.6273          1324.6
          0.292         21.1926          1195.4
          0.294         18.8457        1129.925
          0.296         16.6729         1021.35
          0.298         14.7603         869.725
            0.3          13.194         730.075
          0.302           11.84         664.725
          0.304         10.5351         629.505
          0.306         9.32198         572.985
          0.308         8.24316        495.1975
           0.31         7.34119          422.93
          0.312         6.55144          386.46
          0.314         5.79535         364.205
          0.316         5.09462           331.1
          0.318         4.47095          287.14
           0.32         3.94606          246.22
          0.322         3.48607          223.62
          0.324         3.05158        207.5025
          0.326         2.65606          184.66
          0.328         2.31294        155.0975
           0.33         2.03567        127.6725
          0.332         1.80225         112.155
          0.334         1.58705         101.055
          0.336         1.39803         85.9725
          0.338         1.24316         66.9075
           0.34          1.1304         49.7525
          0.342         1.04415          40.889
          0.344        0.966844        35.15225
          0.346        0.903541        26.88725
          0.348        0.859295        16.09475
           0.35        0.839162          6.5135
          0.352        0.833241         2.07225
          0.354        0.830873        -0.68475
          0.356         0.83598        -5.40175
          0.358         0.85248       -12.07825
           0.36        0.884293       -18.80475
          0.362        0.927699         -22.599
          0.364        0.974689       -23.76275
          0.366         1.02275       -23.66525
          0.368         1.06935          -22.31
           0.37         1.11199         -20.505
          0.372         1.15137        -19.3575
          0.374         1.18942         -18.535
          0.376         1.22551        -17.3925
          0.378         1.25899         -15.925
           0.38         1.28921        -13.3675
          0.382         1.31246          -9.295
          0.384         1.32639         -5.0025
          0.386         1.33247         -1.4425
          0.388         1.33216          1.3875
           0.39         1.32692            3.54
          0.392           1.318           5.635
          0.394         1.30438          8.4825
          0.396         1.28407           12.32
          0.398          1.2551         17.1525
            0.4         1.21546          21.545
          0.402         1.16892         23.7575
          0.404         1.12043         24.7675
          0.406         1.06985         25.8625
          0.408         1.01698          27.044
           0.41        0.961674        27.93925
          0.412        0.905223        28.22875
          0.414        0.848759        28.33975
          0.416        0.791864         28.6595
          0.418        0.734121         29.1885
           0.42         0.67511        29.77275
          0.422         0.61503        30.16875
          0.424        0.554435        30.39575
          0.426        0.493447         30.5625
          0.428        0.432185        30.66925
           0.43         0.37077         31.0365
          0.432        0.308039            31.8
          0.434         0.24357         32.3615
          0.436        0.178593          32.307
          0.438        0.114342         31.6366
           0.44       0.0520466       30.074448
          0.442     -0.00595579         27.7177
          0.444      -0.0588242       25.403552
          0.446        -0.10757         23.5947
          0.448       -0.153203        22.29125
           0.45       -0.196735         21.3275
          0.452       -0.238513         20.4105
          0.454       -0.278377        19.51675
          0.456        -0.31658         18.7495
          0.458       -0.353375         18.1085
           0.46       -0.389014         17.5525
          0.462       -0.423585         16.8675
          0.464       -0.456484        15.83575
          0.466       -0.486928        14.41175
          0.468       -0.514131        12.59575
           0.47       -0.537311         10.4305
          0.472       -0.555853         8.18125
          0.474       -0.570036         6.13975
          0.476       -0.580412           4.375
          0.478       -0.587536          2.8875
           0.48       -0.591962           1.836
          0.482        -0.59488         1.25525
          0.484       -0.596983         0.79975
          0.486       -0.598079         0.24825
          0.488       -0.597976        -0.39975
           0.49        -0.59648        -0.94225
          0.492       -0.594207        -1.27125
          0.494       -0.591395         -1.7285
          0.496       -0.587293         -2.5615
          0.498       -0.581149        -3.77075
            0.5        -0.57221         -5.0195
          0.502       -0.561071          -5.833
          0.504       -0.548878          -6.342
          0.506       -0.535703         -6.8145
          0.508        -0.52162         -7.2505
           0.51       -0.506701         -7.6115
          0.512       -0.491174          -7.833
          0.514       -0.475369        -7.91475
          0.516       -0.459515         -7.8825
          0.518       -0.443839         -7.7365
           0.52       -0.428569        -7.54225
          0.522        -0.41367        -7.39975
          0.524        -0.39897         -7.2945
          0.526       -0.384492          -7.178
          0.528       -0.370258         -7.0495
           0.53       -0.356294        -6.84375
          0.532       -0.342883         -6.5275
          0.534       -0.330184        -6.21425
          0.536       -0.318026        -5.98675
          0.538       -0.306237        -5.84475
           0.54       -0.294647         -5.7955
          0.542       -0.283055          -5.708
          0.544       -0.271815        -5.36625
          0.546        -0.26159          -4.693
          0.548       -0.253043        -3.68875
           0.55       -0.246835        -2.70525
          0.552       -0.242222        -2.22325
          0.554       -0.237942         -2.0845
          0.556       -0.233884         -2.0015
          0.558       -0.229936        -1.97425
           0.56       -0.225987        -1.97675
          0.562       -0.222029         -1.9615
          0.564       -0.218141         -1.9235
          0.566       -0.214335          -1.879
          0.568       -0.210625         -1.8275
           0.57       -0.207025         -1.1195
          0.572       -0.206147          0.5025
          0.574       -0.209035         1.80025
          0.576       -0.213348         1.92825
          0.578       -0.216748          0.8865
           0.58       -0.216894          -0.751
          0.582       -0.213744         -1.9995
          0.584       -0.208896          -2.816
          0.586        -0.20248          -3.568
          0.588       -0.194624          -4.256
           0.59       -0.185456         -4.7675
          0.592       -0.175554        -5.08075
          0.594       -0.165133        -5.44425
          0.596       -0.153777        -6.01675
          0.598       -0.141066        -6.79775
            0.6       -0.126586         -7.6295
          0.602       -0.110548        -8.20145
          0.604      -0.0937802       -8.439675
          0.606      -0.0767893         -8.4248
          0.608       -0.060081       -8.156925
           0.61      -0.0441616        -7.80155
          0.612      -0.0288748       -7.610375
          0.614      -0.0137201      -7.5469575
          0.616      0.00131303        -7.48875
          0.618       0.0162349      -7.4357175
           0.62       0.0310559       -7.399525
          0.622        0.045833       -7.337475
          0.624       0.0604058         -7.1565
          0.626        0.074459        -6.81785
          0.628       0.0876772       -6.321525
           0.63       0.0997451        -5.61795
          0.632        0.110149       -4.796475
          0.634        0.118931         -4.1145
          0.636        0.126607          -3.691
          0.638        0.133695          -3.526
           0.64        0.140711        -3.53975
          0.642        0.147854         -3.5325
          0.644        0.154841          -3.403
          0.646        0.161466        -3.17025
          0.648        0.167522        -2.83425
           0.65        0.172803          -2.227
          0.652         0.17643         -1.3985
          0.654        0.178397          -0.844
          0.656        0.179806         -0.8405
          0.658        0.181759        -1.38775
           0.66        0.185357          -2.115
          0.662        0.190219        -2.46475
          0.664        0.195216         -2.5265
          0.666        0.200325        -2.57675
          0.668        0.205523         -2.6155
           0.67        0.210787        -2.63175
          0.672         0.21605        -2.64025
          0.674        0.221348          -2.691
          0.676        0.226814        -2.80825
          0.678        0.232581        -2.99225
           0.68        0.238783         -3.5125
          0.682        0.246631        -4.42325
          0.684        0.256476        -5.13125
          0.686        0.267156        -5.25875
          0.688        0.277511          -4.806
           0.69         0.28638          -4.148
          0.692        0.294103        -3.85575
          0.694        0.301803          -3.848
          0.696        0.309495          -3.847
          0.698        0.317191        -3.85225
            0.7        0.324904          -3.868
          0.702        0.332663        -3.88975
          0.704        0.340463          -3.903
          0.706        0.348275         -3.9005
          0.708        0.356065         -3.8815
           0.71        0.363801         -3.5595
          0.712        0.370303          -2.735
          0.714        0.374741         -1.8255
          0.716        0.377605         -1.1625
          0.718        0.379391        -0.74625
           0.72         0.38059        -0.49825
          0.722        0.381384          -0.241
          0.724        0.381554         0.09925
          0.726        0.380987         0.49525
          0.728        0.379573           0.947
           0.73        0.377199         1.44875
          0.732        0.373778         1.90125
          0.734        0.369594          2.1715
          0.736        0.365092           2.219
          0.738        0.360718         2.04325
           0.74        0.356919         1.55525
          0.742        0.354497         0.90425
          0.744        0.353302           0.536
          0.746        0.352353           0.658
          0.748         0.35067            1.27
           0.75        0.347273         2.48675
          0.752        0.340723         3.98375
          0.754        0.331338          4.9885
          0.756        0.320769         5.16675
          0.758        0.310671           4.518
           0.76        0.302697         3.43925
          0.762        0.296914          2.7005
          0.764        0.291895          2.4665
          0.766        0.287048         2.52875
          0.768         0.28178           2.887
           0.77          0.2755          3.4835
          0.772        0.267846         4.04425
          0.774        0.259323             4.3
          0.776        0.250646         4.19775
          0.778        0.242532         3.73825
           0.78        0.235693           3.178
          0.782         0.22982         2.90375
          0.784        0.224078          2.8565
          0.786        0.218394          2.8455
          0.788        0.212696         2.87125
           0.79        0.206909         2.93325
          0.792        0.200963         3.00375
          0.794        0.194894          3.0435
          0.796        0.188789           3.039
          0.798        0.182738         2.99025
            0.8        0.176828           2.495
          0.802        0.172758         1.42925
          0.804        0.171111         0.61475
          0.806        0.170299          0.5945
          0.808        0.168733           1.368
           0.81        0.164827         2.51875
          0.812        0.158658            3.28
          0.814        0.151707         3.54075
          0.816        0.144495         3.54175
          0.818         0.13754         3.28325
           0.82        0.131362         2.94225
          0.822        0.125771          2.7815
          0.824        0.120236           2.752
          0.826        0.114763         2.71925
          0.828        0.109359         2.68325
           0.83         0.10403         2.60365
          0.832       0.0989444          2.4709
          0.834       0.0941464        2.371725
          0.836       0.0894575        2.361875
          0.838       0.0846989        2.441375
           0.84        0.079692         2.88195
          0.842       0.0731711        3.722425
          0.844       0.0648023        4.341475
          0.846       0.0558052          4.3507
          0.848       0.0473995        3.750125
           0.85       0.0408047          2.6857
          0.852       0.0366567         1.67515
          0.854       0.0341041        1.130175
          0.856        0.032136        1.090675
          0.858       0.0297414         1.55665
           0.86       0.0259094         2.28905
          0.862       0.0205852        2.810075
          0.864       0.0146691         3.00079
          0.866      0.00858204       2.9810075
          0.868      0.00274507       2.7506975
           0.87     -0.00242075        2.335685
          0.872     -0.00659767       1.9111875
          0.874      -0.0100655       1.6755325
          0.876      -0.0132998        1.677575
          0.878      -0.0167758        1.917275
           0.88      -0.0209689          2.4682
          0.882      -0.0266486        3.167075
          0.884      -0.0336372         3.58535
          0.886        -0.04099        3.531275
          0.888      -0.0477623        3.004775
           0.89      -0.0530091          2.2897
          0.892      -0.0569211          1.8376
          0.894      -0.0603595         1.61625
          0.896      -0.0633861          1.4258
          0.898      -0.0660627        1.266225
            0.9       -0.068451        1.084475
          0.902      -0.0704006        0.872025
          0.904      -0.0719391         0.74875
          0.906      -0.0733956            0.79
          0.908      -0.0750991          0.9958
           0.91      -0.0773788        1.378675
          0.912      -0.0806138        1.808925
          0.914      -0.0846145        2.060625
          0.916      -0.0888563         2.05005
          0.918      -0.0928147        1.777175
           0.92       -0.095965          1.3891
          0.922      -0.0983711           1.143
          0.924       -0.100537        1.057225
          0.926         -0.1026         1.03925
          0.928       -0.104694           1.089
           0.93       -0.106956         1.22725
          0.932       -0.109603         1.40925
          0.934       -0.112593          1.5175
          0.936       -0.115673         1.49925
          0.938        -0.11859         1.35525
           0.94       -0.121094         0.86075
          0.942       -0.122033           0.011
          0.944       -0.121138        -0.63925
          0.946       -0.119476        -0.75575
          0.948       -0.118115        -0.33875
           0.95       -0.118121          0.4425
          0.952       -0.119885         1.12275
          0.954       -0.122612         1.42725
          0.956       -0.125594         1.37775
          0.958       -0.128123         0.97425
           0.96       -0.129491          0.3685
          0.962       -0.129597         -0.1005
          0.964       -0.129089        -0.30325
          0.966       -0.128384        -0.29675
          0.968       -0.127902        -0.08125
           0.97       -0.128059         0.25875
          0.972       -0.128937           0.529
          0.974       -0.130175           0.648
          0.976       -0.131529          0.6455
          0.978       -0.132757          0.5215
           0.98       -0.133615          0.3445
          0.982       -0.134135         0.19775
          0.984       -0.134406         0.03425
          0.986       -0.134272        -0.20675
          0.988       -0.133579         -0.5255
           0.99        -0.13217        -0.90975
          0.992        -0.12994        -1.26025
          0.994       -0.127129        -1.45975
          0.996       -0.124101         -1.4775
          0.998       -0.121219          -1.313
              1       -0.118849        -1.07225
          1.002        -0.11693          -0.936
          1.004       -0.115105        -0.90875
          1.006       -0.113295        -0.92125
          1.008        -0.11142          -0.974
           1.01       -0.109399          -1.041
          1.012       -0.107256         -1.0835
          1.014       -0.105065           -1.11
          1.016       -0.102816        -1.14025
          1.018       -0.100504        -1.17405
           1.02      -0.0981198       -1.220475
          1.022      -0.0956221       -1.282125
          1.024      -0.0929913       -1.342075
          1.026      -0.0902538       -1.388825
          1.028       -0.087436       -1.422375
           1.03      -0.0845643       -1.468325
          1.032      -0.0815627         -1.5515
          1.034      -0.0783583         -1.6452
          1.036      -0.0749819       -1.723475
          1.038      -0.0714644       -1.786275
           1.04      -0.0678368       -1.938825
          1.042      -0.0637091        -2.21935
          1.044      -0.0589594       -2.422175
          1.046      -0.0540204         -2.4086
          1.048       -0.049325         -2.1786
           1.05       -0.045306       -1.811425
          1.052      -0.0420793       -1.503475
          1.054      -0.0392921       -1.351275
          1.056      -0.0366742       -1.334125
          1.058      -0.0339556          -1.452
           1.06      -0.0308662        -1.65855
          1.062      -0.0273214        -1.83235
          1.064      -0.0235368       -1.907225
          1.066      -0.0196925        -1.89205
          1.068      -0.0159686         -1.7868
           1.07      -0.0125453        -1.64227
          1.072     -0.00939952        -1.52785
          1.074      -0.0064339       -1.420635
          1.076     -0.00371698        -1.27916
          1.078     -0.00131726      -1.1034287
           1.08     0.000696735      -0.9365275
          1.082      0.00242885     -0.84344375
          1.084      0.00407051      -0.8139375
          1.086       0.0056846      -0.8158675
          1.088      0.00733398      -0.8492325
           1.09      0.00908153        -0.89178
          1.092       0.0109011      -0.9104675
          1.094       0.0127234        -0.91145
          1.096       0.0145469        -0.91165
          1.098         0.01637       -0.911075
            1.1       0.0181912         -0.9102
          1.102       0.0200108        -0.90835
          1.104       0.0218246       -0.903475
          1.106       0.0236247        -0.89455
          1.108       0.0254028       -0.881525
           1.11       0.0271508       -0.692225
          1.112       0.0281717        -0.24785
          1.114       0.0281422         0.13905
          1.116       0.0276155        0.249425
          1.118       0.0271445          0.0833
           1.12       0.0272823         -0.2226
          1.122       0.0280349       -0.419275
          1.124       0.0289594         -0.4752
          1.126       0.0299357       -0.471075
          1.128       0.0308437       -0.406925
           1.13       0.0315634       -0.280025
          1.132       0.0319638       -0.133725
          1.134       0.0320983        -0.03975
          1.136       0.0321228         -0.0238
          1.138       0.0321935        -0.08585
           1.14       0.0324662       -0.305225
          1.142       0.0334144        -0.65445
          1.144        0.035084       -0.893975
          1.146       0.0369903         -0.8911
          1.148       0.0386484       -0.645775
           1.15       0.0395734        -0.11535
          1.152       0.0391098          0.5328
          1.154       0.0374422          0.9411
          1.156       0.0353454         0.96185
          1.158       0.0335948         0.59505
           1.16       0.0329652         0.02825
          1.162       0.0334818        -0.36865
          1.164       0.0344398       -0.509375
          1.166       0.0355193       -0.490175
          1.168       0.0364005       -0.311025
           1.17       0.0367634        -0.09155
          1.172       0.0367667         0.01045
          1.174       0.0367216        0.057425
          1.176        0.036537         0.14995
          1.178       0.0361218        0.288025
           1.18       0.0353849        0.420925
          1.182       0.0344381        0.482725
          1.184        0.033454        0.501225
          1.186       0.0324332        0.519525
          1.188       0.0313759        0.537625
           1.19       0.0302827          0.5593
          1.192       0.0291387         0.58305
          1.194       0.0279505         0.59695
          1.196       0.0267509          0.5945
          1.198       0.0255725        0.575675
            1.2       0.0244482         0.52385
          1.202       0.0234771          0.4378
          1.204        0.022697        0.357125
          1.206       0.0220486         0.30605
          1.208       0.0214728          0.2846
           1.21       0.0209102         0.17215
          1.212       0.0207842         -0.0773
          1.214       0.0212194       -0.231025
          1.216       0.0217083       -0.130975
          1.218       0.0217433          0.2228
           1.22       0.0208171        0.665425
          1.222       0.0190816        0.926725
          1.224       0.0171102         1.01355
          1.226       0.0150274          1.0381
          1.228       0.0129578          1.0004
           1.23       0.0110258       0.9406425
          1.232      0.00919523         0.91587
          1.234      0.00736232       0.9112875
          1.236      0.00555008       0.8951775
          1.238      0.00378161       0.8675275
           1.24      0.00207997       0.8013205
          1.242     0.000576328      0.69597875
          1.244    -0.000703945        0.618192
          1.246     -0.00189644      0.60820125
          1.248     -0.00313675        0.666005
           1.25     -0.00456046        0.760275
          1.252     -0.00617785       0.8331175
          1.254     -0.00789293         0.87601
          1.256     -0.00968189       0.9069925
          1.258      -0.0115209       0.9260775
           1.26      -0.0133862         0.98905
          1.262      -0.0154771          1.1156
          1.264      -0.0178486        1.195725
          1.266        -0.02026          1.1555
          1.268      -0.0224706         0.99495
           1.27      -0.0242398        0.768975
          1.272      -0.0255465         0.58575
          1.274      -0.0265828         0.47035
          1.276      -0.0274279         0.39455
          1.278       -0.028161         0.35835
           1.28      -0.0288613        0.357275
          1.282      -0.0295901         0.36395
          1.284      -0.0303171        0.348725
          1.286       -0.030985        0.304725
          1.288       -0.031536          0.2319
           1.29      -0.0319126          0.1453
          1.292      -0.0321172          0.0738
          1.294      -0.0322078         0.02315
          1.296      -0.0322098         -0.0148
          1.298      -0.0321486       -0.040025
            1.3      -0.0320497       -0.056475
          1.302      -0.0319227       -0.072325
          1.304      -0.0317604       -0.089875
          1.306      -0.0315632         -0.1072
          1.308      -0.0313316       -0.124325
           1.31      -0.0310659        -0.17335
          1.312      -0.0306382       -0.264475
          1.314       -0.030008       -0.332875
          1.316      -0.0293067         -0.3356
          1.318      -0.0286656        -0.27265
           1.32      -0.0282161       -0.128425
          1.322      -0.0281519        0.053825
          1.324      -0.0284314         0.17035
          1.326      -0.0288333         0.17625
          1.328      -0.0291364        0.071525
           1.33      -0.0291194       -0.086425
          1.332      -0.0287907         -0.1974
          1.334      -0.0283298        -0.25475
          1.336      -0.0277717        -0.29455
          1.338      -0.0271516         -0.3168
           1.34      -0.0265045       -0.371875
          1.342      -0.0256641       -0.485475
          1.344      -0.0245626       -0.570275
          1.346       -0.023383         -0.5635
          1.348      -0.0223086       -0.465175
           1.35      -0.0215223         -0.1419
          1.352       -0.021741        0.385775
          1.354      -0.0230654          0.7533
          1.356      -0.0247542        0.750175
          1.358      -0.0260661          0.3764
           1.36      -0.0262598       -0.128875
          1.362      -0.0255506       -0.387875
          1.364      -0.0247083        -0.43195
          1.366      -0.0238228          -0.431
          1.368      -0.0229843        -0.38495
           1.37       -0.022283       -0.319975
          1.372      -0.0217044       -0.281575
          1.374      -0.0211567        -0.27245
          1.376      -0.0206146       -0.275975
          1.378      -0.0200528       -0.292175
           1.38      -0.0194459       -0.338875
          1.382      -0.0186973       -0.414375
          1.384      -0.0177884         -0.4716
          1.386      -0.0168109         -0.4829
          1.388      -0.0158568       -0.448275
           1.39      -0.0150178        -0.32075
          1.392      -0.0145738       -0.111975
          1.394      -0.0145699        0.043175
          1.396      -0.0147465        0.068425
          1.398      -0.0148436         -0.0363
            1.4      -0.0146013        -0.33145
          1.402      -0.0135178          -0.746
          1.404      -0.0116173       -1.022085
          1.406     -0.00942946       -1.033385
          1.408     -0.00748376      -0.7799225
           1.41     -0.00630977        -0.29299
          1.412      -0.0063118        0.214135
          1.414     -0.00716631         0.49984
          1.416     -0.00831116       0.5044725
          1.418      -0.0091842       0.2280275
           1.42     -0.00922327        -0.23028
          1.422     -0.00826308      -0.6112725
          1.424     -0.00677818       -0.774225
          1.426     -0.00516618       -0.738375
          1.428     -0.00382468      -0.5037225
           1.43     -0.00315129      -0.1832775
          1.432     -0.00309157       0.0198925
          1.434     -0.00323086        0.083695
          1.436     -0.00342635        0.076105
          1.438     -0.00353528       -0.002875
           1.44     -0.00341485      -0.1188075
          1.442     -0.00306005      -0.2017975
          1.444     -0.00260766      -0.2331175
          1.446     -0.00212758        -0.22948
          1.448     -0.00168974       -0.190885
           1.45     -0.00136404        -0.08773
          1.452     -0.00133882        0.058545
          1.454     -0.00159822       0.1417725
          1.456     -0.00190591       0.1068325
          1.458     -0.00202555      -0.0462775
           1.46      -0.0017208         -0.2499
          1.462     -0.00102595     -0.38372275
          1.464    -0.000185909     -0.43642725
          1.466     0.000719759     -0.44934725
          1.468      0.00161148     -0.42248525
           1.47       0.0024097       -0.376795
          1.472      0.00311866      -0.3472325
          1.474      0.00379863        -0.33384
          1.476      0.00445402       -0.322655
          1.478      0.00508925       -0.313685
           1.48      0.00570876       -0.242375
          1.482      0.00605875      -0.0826675
          1.484      0.00603943         0.04315
          1.486      0.00588615         0.05129
          1.488      0.00583427        -0.05825
           1.49      0.00611915        -0.38134
          1.492      0.00735963       -0.869485
          1.494      0.00959709      -1.2102675
          1.496       0.0122007      -1.2356275
          1.498       0.0145396         -0.9456
            1.5       0.0159831       -0.470425
          1.502       0.0164213        -0.09915
          1.504       0.0163797        0.060475
          1.506       0.0161794        0.059425
          1.508        0.016142       -0.102325
           1.51       0.0165887         -0.3743
          1.512       0.0176392          -0.608
          1.514       0.0190207       -0.706825
          1.516       0.0204665         -0.6722
          1.518       0.0217095         -0.5041
           1.52       0.0224829        -0.29215
          1.522       0.0228781          -0.168
          1.524       0.0231549       -0.104975
          1.526        0.023298       -0.034425
          1.528       0.0232926        0.043575
           1.53       0.0231237         0.11735
          1.532       0.0228232          0.1656
          1.534       0.0224613        0.185625
          1.536       0.0220807        0.184325
          1.538        0.021724         0.16175
           1.54       0.0214337        0.105775
          1.542       0.0213009        0.032425
          1.544        0.021304       -0.004075
          1.546       0.0213172        0.022375
          1.548       0.0212145         0.11185
           1.55       0.0208698        0.239375
          1.552        0.020257        0.344825
          1.554       0.0194905        0.400475
          1.556       0.0186551        0.413675
          1.558       0.0178358        0.384425
           1.56       0.0171174         0.33575
          1.562       0.0164928        0.307175
          1.564       0.0158887         0.30045
          1.566        0.015291         0.30085
          1.568       0.0146853        0.308425
           1.57       0.0140573        0.333325
          1.572        0.013352          0.3744
          1.574       0.0125597        0.404375
          1.576       0.0117345         0.40735
          1.578       0.0109303        0.383375
           1.58        0.010201         0.28331
          1.582      0.00979706       0.1116925
          1.584      0.00975423      -0.0019375
          1.586      0.00980481       0.0182825
          1.588       0.0096811         0.17236
           1.59      0.00911537        0.370235
          1.592      0.00820016         0.47177
          1.594      0.00722829       0.4919225
          1.596      0.00623247         0.49572
          1.598      0.00524541         0.48316
            1.6      0.00429983       0.4749525
          1.602       0.0033456        0.485985
          1.604      0.00235589        0.486805
          1.606      0.00139838      0.45378225
          1.608     0.000540761      0.38692025
           1.61    -0.000149301        0.313256
          1.612    -0.000712263      0.27330725
          1.614     -0.00124253      0.26026925
          1.616     -0.00175334       0.2538525
          1.618     -0.00225794       0.2540525
           1.62     -0.00276955       0.2566525
          1.622     -0.00328455       0.2558775
          1.624     -0.00379306       0.2536025
          1.626     -0.00429896       0.2532625
          1.628     -0.00480611       0.2548525
           1.63     -0.00531837       0.3683325
          1.632     -0.00627944       0.6310275
          1.634     -0.00784248       0.8240375
          1.636     -0.00957559        0.801105
          1.638      -0.0110469       0.5622025
           1.64      -0.0118244        0.178425
          1.642      -0.0117606       -0.157075
          1.644      -0.0111961       -0.332425
          1.646      -0.0104309        -0.35772
          1.648     -0.00976522      -0.2328975
           1.65     -0.00949931        -0.04371
          1.652     -0.00959038        0.064175
          1.654     -0.00975601       0.0866075
          1.656     -0.00993681       0.0793475
          1.658      -0.0100734       0.0423725
           1.66      -0.0101063      -0.0250275
          1.662     -0.00997329      -0.0975825
          1.664     -0.00971597      -0.1355225
          1.666      -0.0094312        -0.12504
          1.668     -0.00921581      -0.0661425
           1.67     -0.00916663         0.02641
          1.672     -0.00932145        0.114205
          1.674     -0.00962345       0.1765375
          1.676      -0.0100276       0.2163625
          1.678      -0.0104889         0.23365
           1.68      -0.0109622        0.269225
          1.682      -0.0115658        0.349125
          1.684      -0.0123587        0.410475
          1.686      -0.0132077          0.4052
          1.688      -0.0139795        0.333225
           1.69      -0.0145406        0.124425
          1.692      -0.0144772       -0.200525
          1.694      -0.0137385        -0.43525
          1.696      -0.0127362       -0.464175
          1.698      -0.0118818       -0.287275
            1.7      -0.0115871        0.014125
          1.702      -0.0119383         0.25585
          1.704      -0.0126105        0.365125
          1.706      -0.0133988        0.371925
          1.708      -0.0140982          0.2763
           1.71       -0.014504        0.091875
          1.712      -0.0144657       -0.098925
          1.714      -0.0141083         -0.2066
          1.716      -0.0136393       -0.210475
          1.718      -0.0132664       -0.110525
           1.72      -0.0131972        0.148025
          1.722      -0.0138585         0.50485
          1.724      -0.0152166          0.7326
          1.726      -0.0167889         0.71895
          1.728      -0.0180924        0.463825
           1.73      -0.0186442        0.033725
          1.732      -0.0182273        -0.35855
          1.734        -0.01721         -0.5599
          1.736      -0.0159877         -0.5636
          1.738      -0.0149556       -0.369675
           1.74       -0.014509        -0.08185
          1.742      -0.0146282         0.10755
          1.744      -0.0149392        0.169575
          1.746      -0.0153065         0.16385
          1.748      -0.0155946          0.0904
           1.75      -0.0156681       -0.045175
          1.752      -0.0154139        -0.18555
          1.754      -0.0149259       -0.258775
          1.756      -0.0143788       -0.244575
          1.758      -0.0139476          -0.143
           1.76      -0.0138068          0.0568
          1.762      -0.0141748        0.288475
          1.764      -0.0149607        0.425225
          1.766      -0.0158757        0.417625
          1.768      -0.0166312         0.26565
           1.77      -0.0169383          0.0547
          1.772        -0.01685           -0.07
          1.774      -0.0166583        -0.10435
          1.776      -0.0164326       -0.104025
          1.778      -0.0162422       -0.068925
           1.78      -0.0161569       -0.005375
          1.782      -0.0162207         0.05415
          1.784      -0.0163735        0.076775
          1.786      -0.0165278        0.055675
          1.788      -0.0165962       -0.009125
           1.79      -0.0164913       -0.093675
          1.792      -0.0162215        -0.15325
          1.794      -0.0158783        -0.18065
          1.796      -0.0154989         -0.1895
          1.798      -0.0151203       -0.179825
            1.8      -0.0147796        -0.15865
          1.802      -0.0144857       -0.139975
          1.804      -0.0142197         -0.1273
          1.806      -0.0139765       -0.117075
          1.808      -0.0137514       -0.109225
           1.81      -0.0135396        -0.01105
          1.812      -0.0137072        0.213525
          1.814      -0.0143937         0.38665
          1.816      -0.0152538          0.3871
          1.818      -0.0159421        0.214925
           1.82      -0.0161135        -0.11505
          1.822      -0.0154819       -0.470025
          1.824      -0.0142334       -0.687675
          1.826      -0.0127312       -0.723825
          1.828      -0.0113381       -0.578475
           1.83      -0.0104173       -0.302175
          1.832      -0.0101294       -0.053925
          1.834      -0.0102016          0.0543
          1.836      -0.0103466        0.018875
          1.838      -0.0102771       -0.160195
           1.84     -0.00970582      -0.4260575
          1.842     -0.00857287        -0.64201
          1.844     -0.00713778      -0.7450725
          1.846     -0.00559258       -0.752115
          1.848     -0.00412932       -0.663135
           1.85     -0.00294004      -0.5435925
          1.852     -0.00195495      -0.4820125
          1.854     -0.00101199     -0.44754675
          1.856    -0.000164763       -0.386276
          1.858     0.000533114     -0.29819825
           1.86      0.00102803      -0.1918615
          1.862      0.00130056      -0.0991125
          1.864      0.00142448      -0.0463475
          1.866      0.00148595        -0.03666
          1.868      0.00157112        -0.07005
           1.87      0.00176615        -0.15337
          1.872       0.0021846       -0.252865
          1.874      0.00277761       -0.300785
          1.876      0.00338774      -0.2699925
          1.878      0.00385758      -0.1604825
           1.88      0.00402967       0.0033775
          1.882      0.00384407       0.1506775
          1.884      0.00342696         0.23598
          1.886      0.00290015         0.26038
          1.888      0.00238544       0.2238775
           1.89      0.00200464        0.160725
          1.892      0.00174254        0.122955
          1.894      0.00151282       0.1029925
          1.896      0.00133057       0.0754825
          1.898      0.00121089        0.040425
            1.9      0.00116887       -0.059135
          1.902      0.00144743        -0.23454
          1.904      0.00210703        -0.36042
          1.906      0.00288911        -0.35702
          1.908      0.00353511        -0.22434
           1.91      0.00378647      -0.0413925
          1.912      0.00370068       0.0652325
          1.914      0.00352554       0.1031825
          1.916      0.00328795        0.127685
          1.918       0.0030148       0.1387425
           1.92      0.00273298          0.1623
          1.922       0.0023656       0.2140125
          1.924      0.00187693       0.2524875
          1.926      0.00135565        0.246628
          1.928     0.000890418      0.19643875
           1.93     0.000569895       -0.041528
          1.932      0.00105653     -0.49474375
          1.934      0.00254887       -0.845795
          1.936      0.00443971      -0.8932525
          1.938      0.00612188      -0.6371175
           1.94      0.00698818      -0.2496225
          1.942      0.00712037        -0.00864
          1.944      0.00702274         0.09961
          1.946      0.00672193       0.1945475
          1.948      0.00624455       0.2761675
           1.95      0.00561726        0.401645
          1.952      0.00463797         0.58443
          1.954      0.00327954         0.70175
          1.956      0.00183097       0.6745675
          1.958      0.00058127        0.502882
           1.96    -0.000180558       0.1738285
          1.962    -0.000114044     -0.20499625
          1.964     0.000639427      -0.4400285
          1.966      0.00164607     -0.45816825
          1.968       0.0024721        -0.25942
           1.97      0.00268375       0.0672775
          1.972      0.00220299       0.3195325
          1.974      0.00140562      0.41610525
          1.976     0.000538569      0.38921775
          1.978    -0.000151251        0.238872
           1.98    -0.000416919        0.036097
          1.982    -0.000295639      -0.0918243
          1.984    -4.96218e-05       -0.131544
          1.986     0.000230537      -0.1259667
          1.988     0.000454245      -0.0750925
           1.99     0.000530907     -0.01119475
          1.992     0.000499024      0.02110375
          1.994     0.000446492      0.03555325
          1.996     0.000356811        0.058253
          1.998      0.00021348      0.08920275
              2               0         0.05337
          2.002               0               0
          2.004               0               0
          2.006               0               0
          2.008               0               0
           2.01               0               0
          2.012               0               0
          2.014               0               0
          2.016               0               0
          2.018               0               0
           2.02               0               0
          2.022               0               0
          2.024               0               0
          2.026               0               0
          2.028               0               0
           2.03               0               0
          2.032               0               0
          2.034               0               0
          2.036               0               0
          2.038               0               0
           2.04               0               0
          2.042               0               0
          2.044               0               0
          2.046               0               0
          2.048               0               0
           2.05               0               0
          2.052               0               0
          2.054               0               0
          2.056               0               0
          2.058               0               0
           2.06               0               0
          2.062               0               0
          2.064               0               0
          2.066               0               0
          2.068               0               0
           2.07               0               0
          2.072               0               0
          2.074               0               0
          2.076               0               0
          2.078               0               0
           2.08               0               0
          2.082               0               0
          2.084               0               0
          2.086               0               0
          2.088               0               0
           2.09               0               0
          2.092               0               0
          2.094               0               0
          2.096               0               0
          2.098               0               0
            2.1               0               0
          2.102               0               0
          2.104               0               0
          2.106               0               0
          2.108               0               0
           2.11               0               0
          2.112               0               0
          2.114               0               0
          2.116               0               0
          2.118               0               0
           2.12               0               0
          2.122               0               0
          2.124               0               0
          2.126               0               0
          2.128               0               0
           2.13               0               0
          2.132               0               0
          2.134               0               0
          2.136               0               0
          2.138               0               0
           2.14               0               0
          2.142               0               0
          2.144               0               0
          2.146               0               0
          2.148               0               0
           2.15               0               0
          2.152               0               0
          2.154               0               0
          2.156               0               0
          2.158               0               0
           2.16               0               0
          2.162               0               0
          2.164               0               0
          2.166               0               0
          2.168               0               0
           2.17               0               0
          2.172               0               0
          2.174               0               0
          2.176               0               0
          2.178               0               0
           2.18               0               0
          2.182               0               0
          2.184               0               0
          2.186               0               0
          2.188               0               0
           2.19               0               0
          2.192               0               0
          2.194               0               0
          2.196               0               0
          2.198               0               0
            2.2               0               0
          2.202               0               0
          2.204               0               0
          2.206               0               0
          2.208               0               0
           2.21               0               0
          2.212               0               0
          2.214               0               0
          2.216               0               0
          2.218               0               0
           2.22               0               0
          2.222               0               0
          2.224               0               0
          2.226               0               0
          2.228               0               0
           2.23               0               0
          2.232               0               0
          2.234               0               0
          2.236               0               0
          2.238               0               0
           2.24               0               0
          2.242               0               0
          2.244               0               0
          2.246               0               0
          2.248               0               0
           2.25               0               0
          2.252               0               0
          2.254               0               0
          2.256               0               0
          2.258               0               0
           2.26               0               0
          2.262               0               0
          2.264               0               0
          2.266               0               0
          2.268               0               0
           2.27               0               0
          2.272               0               0
          2.274               0               0
          2.276               0               0
          2.278               0               0
           2.28               0               0
          2.282               0               0
          2.284               0               0
          2.286               0               0
          2.288               0               0
           2.29               0               0
          2.292               0               0
          2.294               0               0
          2.296               0               0
          2.298               0               0
            2.3               0               0
          2.302               0               0
          2.304               0               0
          2.306               0               0
          2.308               0               0
           2.31               0               0
          2.312               0               0
          2.314               0               0
          2.316               0               0
          2.318               0               0
           2.32               0               0
          2.322               0               0
          2.324               0               0
          2.326               0               0
          2.328               0               0
           2.33               0               0
          2.332               0               0
          2.334               0               0
          2.336               0               0
          2.338               0               0
           2.34               0               0
          2.342               0               0
          2.344               0               0
          2.346               0               0
          2.348               0               0
           2.35               0               0
          2.352               0               0
          2.354               0               0
          2.356               0               0
          2.358               0               0
           2.36               0               0
          2.362               0               0
          2.364               0               0
          2.366               0               0
          2.368               0               0
           2.37               0               0
          2.372               0               0
          2.374               0               0
          2.376               0               0
          2.378               0               0
           2.38               0               0
          2.382               0               0
          2.384               0               0
          2.386               0               0
          2.388               0               0
           2.39               0               0
          2.392               0               0
          2.394               0               0
          2.396               0               0
          2.398               0               0
            2.4               0               0
          2.402               0               0
          2.404               0               0
          2.406               0               0
          2.408               0               0
           2.41               0               0
          2.412               0               0
          2.414               0               0
          2.416               0               0
          2.418               0               0
           2.42               0               0
          2.422               0               0
          2.424               0               0
          2.426               0               0
          2.428               0               0
           2.43               0               0
          2.432               0               0
          2.434               0               0
          2.436               0               0
          2.438               0               0
           2.44               0               0
          2.442               0               0
          2.444               0               0
          2.446               0               0
          2.448               0               0
           2.45               0               0
          2.452               0               0
          2.454               0               0
          2.456               0               0
          2.458               0               0
           2.46               0               0
          2.462               0               0
          2.464               0               0
          2.466               0               0
          2.468               0               0
           2.47               0               0
          2.472               0               0
          2.474               0               0
          2.476               0               0
          2.478               0               0
           2.48               0               0
          2.482               0               0
          2.484               0               0
          2.486               0               0
          2.488               0               0
           2.49               0               0
          2.492               0               0
          2.494               0               0
          2.496               0               0
          2.498               0               0
            2.5               0               0
          2.502               0               0
          2.504               0               0
          2.506               0               0
          2.508               0               0
           2.51               0               0
          2.512               0               0
          2.514               0               0
          2.516               0               0
          2.518               0               0
           2.52               0               0
          2.522               0               0
          2.524               0               0
          2.526               0               0
          2.528               0               0
           2.53               0               0
          2.532               0               0
          2.534               0               0
          2.536               0               0
          2.538               0               0
           2.54               0               0
          2.542               0               0
          2.544               0               0
          2.546               0               0
          2.548               0               0
           2.55               0               0
          2.552               0               0
          2.554               0               0
          2.556               0               0
          2.558               0               0
           2.56               0               0
          2.562               0               0
          2.564               0               0
          2.566               0               0
          2.568               0               0
           2.57               0               0
          2.572               0               0
          2.574               0               0
          2.576               0               0
          2.578               0               0
           2.58               0               0
          2.582               0               0
          2.584               0               0
          2.586               0               0
          2.588               0               0
           2.59               0               0
          2.592               0               0
          2.594               0               0
          2.596               0               0
          2.598               0               0
            2.6               0               0
          2.602               0               0
          2.604               0               0
          2.606               0               0
          2.608               0               0
           2.61               0               0
          2.612               0               0
          2.614               0               0
          2.616               0               0
          2.618               0               0
           2.62               0               0
          2.622               0               0
          2.624               0               0
          2.626               0               0
          2.628               0               0
           2.63               0               0
          2.632               0               0
          2.634               0               0
          2.636               0               0
          2.638               0               0
           2.64               0               0
          2.642               0               0
          2.644               0               0
          2.646               0               0
          2.648               0               0
           2.65               0               0
          2.652               0               0
          2.654               0               0
          2.656               0               0
          2.658               0               0
           2.66               0               0
          2.662               0               0
          2.664               0               0
          2.666               0               0
          2.668               0               0
           2.67               0               0
          2.672               0               0
          2.674               0               0
          2.676               0               0
          2.678               0               0
           2.68               0               0
          2.682               0               0
          2.684               0               0
          2.686               0               0
          2.688               0               0
           2.69               0               0
          2.692               0               0
          2.694               0               0
          2.696               0               0
          2.698               0               0
            2.7               0               0
          2.702               0               0
          2.704               0               0
          2.706               0               0
          2.708               0               0
           2.71               0               0
          2.712               0               0
          2.714               0               0
          2.716               0               0
          2.718               0               0
           2.72               0               0
          2.722               0               0
          2.724               0               0
          2.726               0               0
          2.728               0               0
           2.73               0               0
          2.732               0               0
          2.734               0               0
          2.736               0               0
          2.738               0               0
           2.74               0               0
          2.742               0               0
          2.744               0               0
          2.746               0               0
          2.748               0               0
           2.75               0               0
          2.752               0               0
          2.754               0               0
          2.756               0               0
          2.758               0               0
           2.76               0               0
          2.762               0               0
          2.764               0               0
          2.766               0               0
          2.768               0               0
           2.77               0               0
          2.772               0               0
          2.774               0               0
          2.776               0               0
          2.778               0               0
           2.78               0               0
          2.782               0               0
          2.784               0               0
          2.786               0               0
          2.788               0               0
           2.79               0               0
          2.792               0               0
          2.794               0               0
          2.796               0               0
          2.798               0               0
            2.8               0               0
          2.802               0               0
          2.804               0               0
          2.806               0               0
          2.808               0               0
           2.81               0               0
          2.812               0               0
          2.814               0               0
          2.816               0               0
          2.818               0               0
           2.82               0               0
          2.822               0               0
          2.824               0               0
          2.826               0               0
          2.828               0               0
           2.83               0               0
          2.832               0               0
          2.834               0               0
          2.836               0               0
          2.838               0               0
           2.84               0               0
          2.842               0               0
          2.844               0               0
          2.846               0               0
          2.848               0               0
           2.85               0               0
          2.852               0               0
          2.854               0               0
          2.856               0               0
          2.858               0               0
           2.86               0               0
          2.862               0               0
          2.864               0               0
          2.866               0               0
          2.868               0               0
           2.87               0               0
          2.872               0               0
          2.874               0               0
          2.876               0               0
          2.878               0               0
           2.88               0               0
          2.882               0               0
          2.884               0               0
          2.886               0               0
          2.888               0               0
           2.89               0               0
          2.892               0               0
          2.894               0               0
          2.896               0               0
          2.898               0               0
            2.9               0               0
          2.902               0               0
          2.904               0               0
          2.906               0               0
          2.908               0               0
           2.91               0               0
          2.912               0               0
          2.914               0               0
          2.916               0               0
          2.918               0               0
           2.92               0               0
          2.922               0               0
          2.924               0               0
          2.926               0               0
          2.928               0               0
           2.93               0               0
          2.932               0               0
          2.934               0               0
          2.936               0               0
          2.938               0               0
           2.94               0               0
          2.942               0               0
          2.944               0               0
          2.946               0               0
          2.948               0               0
           2.95               0               0
          2.952               0               0
          2.954               0               0
          2.956               0               0
          2.958               0               0
           2.96               0               0
          2.962               0               0
          2.964               0               0
          2.966               0               0
          2.968               0               0
           2.97               0               0
          2.972               0               0
          2.974               0               0
          2.976               0               0
          2.978               0               0
           2.98               0               0
          2.982               0               0
          2.984               0               0
          2.986               0               0
          2.988               0               0
           2.99               0               0
          2.992               0               0
          2.994               0               0
          2.996               0               0
          2.998               0               0
              3               0               0
          3.002               0               0
          3.004               0               0
          3.006               0               0
          3.008               0               0
           3.01               0               0
          3.012               0               0
          3.014               0               0
          3.016               0               0
          3.018               0               0
           3.02               0               0
          3.022               0               0
          3.024               0               0
          3.026               0               0
          3.028               0               0
           3.03               0               0
          3.032               0               0
          3.034               0               0
          3.036               0               0
          3.038               0               0
           3.04               0               0
          3.042               0               0
          3.044               0               0
          3.046               0               0
          3.048               0               0
           3.05               0               0
          3.052               0               0
          3.054               0               0
          3.056               0               0
          3.058               0               0
           3.06               0               0
          3.062               0               0
          3.064               0               0
          3.066               0               0
          3.068               0               0
           3.07               0               0
          3.072               0               0
          3.074               0               0
          3.076               0               0
          3.078               0               0
           3.08               0               0
          3.082               0               0
          3.084               0               0
          3.086               0               0
          3.088               0               0
           3.09               0               0
          3.092               0               0
          3.094               0               0
          3.096               0               0
          3.098               0               0
            3.1               0               0
          3.102               0               0
          3.104               0               0
          3.106               0               0
          3.108               0               0
           3.11               0               0
          3.112               0               0
          3.114               0               0
          3.116               0               0
          3.118               0               0
           3.12               0               0
          3.122               0               0
          3.124               0               0
          3.126               0               0
          3.128               0               0
           3.13               0               0
          3.132               0               0
          3.134               0               0
          3.136               0               0
          3.138               0               0
           3.14               0               0
          3.142               0               0
          3.144               0               0
          3.146               0               0
          3.148               0               0
           3.15               0               0
          3.152               0               0
          3.154               0               0
          3.156               0               0
          3.158               0               0
           3.16               0               0
          3.162               0               0
          3.164               0               0
          3.166               0               0
          3.168               0               0
           3.17               0               0
          3.172               0               0
          3.174               0               0
          3.176               0               0
          3.178               0               0
           3.18               0               0
          3.182               0               0
          3.184               0               0
          3.186               0               0
          3.188               0               0
           3.19               0               0
          3.192               0               0
          3.194               0               0
          3.196               0               0
          3.198               0               0
            3.2               0               0
          3.202               0               0
          3.204               0               0
          3.206               0               0
          3.208               0               0
           3.21               0               0
          3.212               0               0
          3.214               0               0
          3.216               0               0
          3.218               0               0
           3.22               0               0
          3.222               0               0
          3.224               0               0
          3.226               0               0
          3.228               0               0
           3.23               0               0
          3.232               0               0
          3.234               0               0
          3.236               0               0
          3.238               0               0
           3.24               0               0
          3.242               0               0
          3.244               0               0
          3.246               0               0
          3.248               0               0
           3.25               0               0
          3.252               0               0
          3.254               0               0
          3.256               0               0
          3.258               0               0
           3.26               0               0
          3.262               0               0
          3.264               0               0
          3.266               0               0
          3.268               0               0
           3.27               0               0
          3.272               0               0
          3.274               0               0
          3.276               0               0
          3.278               0               0
           3.28               0               0
          3.282               0               0
          3.284               0               0
          3.286               0               0
          3.288               0               0
           3.29               0               0
          3.292               0               0
          3.294               0               0
          3.296               0               0
          3.298               0               0
            3.3               0               0
          3.302               0               0
          3.304               0               0
          3.306               0               0
          3.308               0               0
           3.31               0               0
          3.312               0               0
          3.314               0               0
          3.316               0               0
          3.318               0               0
           3.32               0               0
          3.322               0               0
          3.324               0               0
          3.326               0               0
          3.328               0               0
           3.33               0               0
          3.332               0               0
          3.334               0               0
          3.336               0               0
          3.338               0               0
           3.34               0               0
          3.342               0               0
          3.344               0               0
          3.346               0               0
          3.348               0               0
           3.35               0               0
          3.352               0               0
          3.354               0               0
          3.356               0               0
          3.358               0               0
           3.36               0               0
          3.362               0               0
          3.364               0               0
          3.366               0               0
          3.368               0               0
           3.37               0               0
          3.372               0               0
          3.374               0               0
          3.376               0               0
          3.378               0               0
           3.38               0               0
          3.382               0               0
          3.384               0               0
          3.386               0               0
          3.388               0               0
           3.39               0               0
          3.392               0               0
          3.394               0               0
          3.396               0               0
          3.398               0               0
            3.4               0               0
          3.402               0               0
          3.404               0               0
          3.406               0               0
          3.408               0               0
           3.41               0               0
          3.412               0               0
          3.414               0               0
          3.416               0               0
          3.418               0               0
           3.42               0               0
          3.422               0               0
          3.424               0               0
          3.426               0               0
          3.428               0               0
           3.43               0               0
          3.432               0               0
          3.434               0               0
          3.436               0               0
          3.438               0               0
           3.44               0               0
          3.442               0               0
          3.444               0               0
          3.446               0               0
          3.448               0               0
           3.45               0               0
          3.452               0               0
          3.454               0               0
          3.456               0               0
          3.458               0               0
           3.46               0               0
          3.462               0               0
          3.464               0               0
          3.466               0               0
          3.468               0               0
           3.47               0               0
          3.472               0               0
          3.474               0               0
          3.476               0               0
          3.478               0               0
           3.48               0               0
          3.482               0               0
          3.484               0               0
          3.486               0               0
          3.488               0               0
           3.49               0               0
          3.492               0               0
          3.494               0               0
          3.496               0               0
          3.498               0               0
            3.5               0               0
