109 112
109 113
109 111
109 114
109 110
109 115
109 116
109 117
109 118
112 113
112 111
112 114
112 110
112 115
113 111
113 114
113 110
113 115
111 114
111 110
111 115
111 116
111 120
111 117
111 118
114 110
114 115
114 116
114 117
114 118
150 153
150 151
150 152
150 154
150 155
150 156
150 157
150 143
150 158
150 159
153 151
153 152
153 156
153 157
153 158
153 159
153 154
153 155
152 154
152 155
152 151
152 156
154 155
154 151
154 156
155 151
155 156
2 4
2 7
2 3
2 12
2 8
2 10
2 11
2 9
2 5
2 6
2 266
2 267
2 238
2 248
2 239
2 243
4 5
4 6
4 266
4 267
4 238
4 7
4 3
4 12
4 8
4 10
4 11
4 9
4 14
177 185
177 189
177 186
177 190
177 191
177 192
177 187
177 188
177 193
177 194
177 176
177 182
177 183
177 174
177 178
177 167
177 175
185 176
185 182
185 183
185 174
185 189
185 186
185 190
185 191
185 192
185 187
185 188
185 195
185 193
185 194
122 130
122 139
122 140
122 144
122 131
122 133
122 134
122 135
122 132
122 136
122 137
122 138
122 121
122 126
122 120
122 125
122 116
122 123
122 127
122 124
122 128
130 121
130 126
130 120
130 123
130 127
130 124
130 139
130 140
130 145
130 141
130 144
130 148
130 143
130 131
130 133
130 134
130 135
130 132
130 136
130 137
130 138
139 121
139 123
139 131
139 133
139 134
139 135
139 132
139 136
139 137
139 138
139 140
139 145
139 141
139 146
139 142
139 144
139 148
139 143
139 157
110 115
110 116
110 117
110 118
115 116
115 120
115 125
115 121
115 117
115 118
116 117
116 118
116 120
116 125
116 129
116 124
116 121
116 126
151 156
151 157
151 158
151 159
157 156
157 152
157 158
157 159
157 143
157 142
157 147
157 141
157 144
157 148
156 143
156 142
156 144
156 158
156 159
3 12
3 5
3 6
3 266
3 7
3 8
3 10
3 11
3 9
12 7
12 8
45 54
45 44
45 47
45 50
45 52
45 53
45 51
45 46
45 48
45 49
45 215
54 44
54 47
54 50
54 46
98 107
98 97
98 105
98 103
98 102
98 101
98 104
98 99
98 100
98 106
98 268
107 97
107 105
107 103
107 99
15 20
15 16
15 17
15 21
15 18
15 24
15 25
15 26
15 33
15 14
15 19
15 23
15 9
15 8
20 16
20 17
20 24
20 14
20 19
20 9
17 21
17 18
17 22
17 19
17 23
17 14
17 16
17 24
17 25
17 26
17 33
21 18
21 22
21 19
21 16
21 24
18 22
18 16
18 24
18 19
18 23
18 14
18 9
22 16
22 19
22 23
22 14
19 23
19 16
19 14
19 9
19 8
23 14
23 9
34 39
34 33
34 38
34 42
34 37
34 24
34 25
34 26
34 16
34 35
34 40
34 36
34 41
39 33
39 38
39 24
39 35
39 40
39 36
35 40
35 36
35 41
35 37
35 51
35 38
35 33
35 24
40 36
40 41
40 37
40 33
36 41
36 33
36 37
36 51
36 50
36 38
36 42
41 37
41 51
41 38
38 42
38 33
38 24
38 25
38 26
38 16
38 37
38 51
38 50
42 33
42 24
42 37
42 51
68 94
68 67
68 72
68 74
68 71
68 63
68 62
68 69
68 70
68 95
68 77
68 78
68 79
68 86
94 67
94 72
94 63
94 69
94 70
94 77
70 95
70 69
70 77
70 78
70 79
70 86
70 67
70 71
70 73
70 72
70 74
95 69
95 77
95 71
95 73
95 72
71 73
71 72
71 74
71 67
71 63
71 69
71 77
73 72
73 74
73 67
73 69
72 74
72 69
72 67
72 63
72 62
74 67
74 63
87 84
87 88
87 85
87 89
87 92
87 90
87 86
87 91
87 93
87 77
87 78
87 79
87 69
84 88
84 85
84 89
84 86
84 91
84 77
88 85
88 86
88 91
88 77
88 89
88 92
88 90
88 104
85 86
85 89
85 92
85 90
89 92
89 86
89 90
89 104
89 103
89 91
89 93
92 90
92 104
92 91
91 93
91 86
91 77
91 78
91 79
91 69
91 90
91 104
91 103
93 86
93 77
93 90
93 104
125 129
125 120
125 121
125 126
125 124
125 128
125 123
125 127
129 120
129 121
129 124
129 128
129 123
142 147
142 143
142 144
142 148
142 141
142 146
142 140
142 145
147 143
147 144
147 141
147 146
147 140
120 124
120 128
120 123
120 117
120 118
120 121
120 126
124 121
124 128
124 123
124 127
143 141
143 146
143 140
143 158
143 159
143 144
143 148
14 9
14 8
14 10
14 11
14 16
14 24
16 9
16 24
16 25
16 27
16 28
16 29
16 26
16 30
16 31
16 32
16 33
33 37
33 51
33 24
33 25
33 27
33 28
33 29
33 26
33 30
33 31
33 32
37 51
37 50
37 52
37 53
37 44
37 24
67 63
67 62
67 60
67 61
67 58
67 69
67 77
69 77
69 78
69 75
69 76
69 80
69 79
69 81
69 82
69 83
69 86
69 63
86 90
86 104
86 77
86 78
86 75
86 76
86 80
86 79
86 81
86 82
86 83
90 104
90 103
90 102
90 101
90 97
90 77
121 131
121 132
121 123
121 127
121 126
123 131
123 132
123 126
123 127
123 128
140 131
140 132
140 144
140 148
140 145
140 141
140 146
144 131
144 132
144 145
144 141
144 148
207 236
207 226
207 230
207 227
207 228
207 212
207 213
207 205
207 206
207 209
207 210
207 211
207 208
207 198
207 197
236 212
236 213
236 205
236 206
236 208
236 198
236 226
236 230
236 227
236 231
236 232
236 233
236 228
236 229
236 234
236 235
56 58
56 59
56 57
56 62
56 60
56 61
56 63
56 64
56 65
58 64
58 65
58 57
58 59
58 62
58 60
58 61
58 63
9 8
9 10
9 11
9 7
51 50
51 52
51 53
51 44
51 47
51 46
63 62
63 60
63 61
63 59
63 57
104 103
104 102
104 101
104 97
104 105
104 99
103 102
103 101
103 97
103 105
103 99
103 100
103 106
103 268
102 101
102 97
102 105
102 99
117 118
131 133
131 134
131 135
131 132
131 136
131 137
131 138
133 134
133 135
133 132
134 135
134 132
135 132
132 136
132 137
132 138
136 137
136 138
137 138
158 152
158 159
159 152
245 257
245 258
245 259
245 242
245 241
245 251
245 252
245 240
245 243
245 253
245 254
245 238
245 244
245 255
245 256
245 268
257 258
257 259
257 242
257 241
257 243
257 244
246 260
246 261
246 262
246 240
246 247
246 263
246 264
246 265
246 239
246 249
246 250
246 238
246 241
246 251
246 252
246 242
260 261
260 262
260 240
260 247
260 239
260 241
44 47
44 50
44 52
44 53
44 46
44 48
44 49
44 215
44 225
44 219
166 167
166 174
166 178
166 175
166 176
166 172
166 173
166 164
166 168
166 165
166 169
166 170
166 171
166 161
166 162
166 163
167 172
167 173
167 164
167 168
167 165
167 161
167 174
167 178
167 175
167 179
167 180
167 181
167 176
167 182
167 183
187 188
187 195
187 199
187 196
187 197
187 193
187 194
187 176
187 189
187 186
187 190
187 191
187 192
188 193
188 194
188 189
188 186
188 195
188 199
188 196
188 200
188 201
188 202
188 197
188 203
188 204
188 198
228 229
228 218
228 216
228 219
228 217
228 234
228 235
228 226
228 230
228 227
228 231
228 232
228 233
229 234
229 235
229 226
229 230
229 227
229 218
229 216
229 219
229 221
229 215
229 220
229 217
218 234
218 235
218 226
218 216
218 219
218 221
218 215
218 225
218 46
218 220
218 222
218 223
218 224
218 217
5 7
5 8
5 6
5 266
5 267
5 238
6 7
6 8
6 266
6 267
6 238
8 10
8 11
8 266
8 7
10 11
10 7
11 7
25 27
25 28
25 29
25 24
25 26
25 30
25 31
25 32
27 28
27 29
27 24
27 26
28 29
28 24
28 26
29 24
29 26
26 30
26 31
26 32
26 24
30 31
30 32
30 24
31 32
31 24
32 24
47 50
47 52
47 53
47 46
47 48
47 49
47 215
46 48
46 49
46 50
46 52
46 53
46 215
46 225
46 219
46 221
46 220
48 49
48 50
48 215
48 225
48 219
49 50
49 215
49 225
49 219
50 52
50 53
50 215
52 53
64 59
64 57
64 62
64 65
65 59
65 57
65 62
59 57
59 62
59 60
59 61
62 60
62 61
62 57
60 61
60 57
61 57
78 75
78 76
78 80
78 77
78 79
78 81
78 82
78 83
75 76
75 80
75 77
75 79
76 80
76 77
76 79
80 77
80 79
79 81
79 82
79 83
79 77
81 82
81 83
81 77
82 83
82 77
83 77
97 105
97 101
97 99
97 100
97 106
97 268
97 269
97 244
105 101
105 99
105 100
105 106
105 268
99 100
99 106
99 101
99 268
99 269
99 244
99 255
99 256
99 242
100 106
100 268
100 269
100 244
106 268
106 269
106 244
164 168
164 165
164 169
164 170
164 171
164 161
164 162
164 163
164 174
164 172
164 173
168 165
168 169
168 170
168 171
168 161
168 162
168 163
168 172
168 173
165 169
165 170
165 171
165 161
165 162
165 163
165 172
165 173
169 170
169 171
169 161
170 171
170 161
171 161
172 174
172 173
172 161
173 174
173 161
175 179
175 180
175 181
175 174
175 178
175 176
175 182
175 183
179 180
179 181
179 174
179 178
179 176
180 181
180 174
180 178
180 176
181 174
181 178
181 176
176 182
176 183
176 189
176 186
176 174
176 178
182 183
182 174
182 178
183 174
183 178
186 190
186 191
186 192
186 189
186 193
186 194
190 191
190 192
190 189
191 192
191 189
192 189
193 195
193 194
193 189
194 195
194 189
196 200
196 201
196 202
196 195
196 199
196 197
196 203
196 204
196 198
200 201
200 202
200 195
200 199
200 197
201 202
201 195
201 199
201 197
202 195
202 199
202 197
197 203
197 204
197 198
197 205
197 206
197 208
197 195
197 199
203 204
203 198
203 205
203 195
203 199
206 209
206 210
206 211
206 205
206 208
206 198
206 212
206 213
209 210
209 211
209 205
209 208
209 198
210 211
210 205
210 208
210 198
211 205
211 208
211 198
212 226
212 213
212 205
212 208
212 198
216 219
216 221
216 215
216 220
216 217
219 221
219 217
219 215
219 225
219 220
219 222
219 223
219 224
221 217
221 215
221 225
221 220
221 222
221 223
221 224
220 222
220 223
220 224
220 217
220 215
220 225
222 223
222 224
222 215
223 224
223 215
224 215
227 231
227 232
227 233
227 226
227 230
227 234
227 235
231 232
231 233
231 226
231 230
232 233
232 226
232 230
233 226
233 230
234 235
234 226
234 230
235 226
235 230
238 248
238 239
238 249
238 250
238 240
238 247
238 241
238 243
238 253
238 254
238 242
238 244
238 266
238 267
248 239
248 249
248 250
248 240
248 243
248 253
248 254
248 242
248 266
248 267
239 249
239 250
239 243
239 253
239 254
239 242
239 266
239 267
239 240
239 261
239 262
239 247
239 263
239 264
239 265
239 241
239 251
239 252
249 250
249 243
249 266
249 240
249 247
249 241
250 243
250 266
250 240
250 247
250 241
241 251
241 252
241 242
241 258
241 259
241 243
241 253
241 254
241 244
241 255
241 256
241 268
241 240
241 261
241 262
241 247
241 263
241 264
241 265
251 252
251 242
251 243
251 244
251 240
251 247
252 242
252 243
252 244
252 240
252 247
243 253
243 254
243 240
243 266
243 267
243 242
243 258
243 259
243 244
243 255
243 256
243 268
253 254
253 266
253 242
253 244
254 266
254 242
254 244
244 255
244 256
244 268
244 269
244 242
244 258
244 259
244 240
255 256
255 268
255 269
255 242
256 268
256 269
256 242
258 259
258 242
259 242
261 262
261 240
261 247
262 240
262 247
247 263
247 264
247 265
247 240
247 242
263 264
263 265
263 240
264 265
264 240
265 240
205 208
205 198
205 204
205 195
205 226
205 213
240 266
240 242
161 162
161 163
162 163
215 225
215 217
266 267
266 242
266 7
268 269
268 242
269 242
174 178
195 199
195 204
195 198
199 204
199 198
204 198
208 198
208 213
213 226
213 198
226 230
43 214
43 184
43 160
43 13
43 1
43 237
214 13
214 1
214 184
214 160
1 13
1 237
1 96
1 66
13 237
13 96
13 184
55 66
55 96
55 237
66 96
66 237
96 237
108 119
108 149
119 149
127 128
145 141
145 146
141 146
160 184
