          0.002       190532.69       5274030.1
          0.004       180276.38       4990130.9
          0.006       170572.17       4721513.9
          0.008       161390.33       4467356.5
           0.01       152702.74       4226880.2
          0.012       144482.81       3999348.7
          0.014       136705.35       3784065.2
          0.016       129346.55       3580370.3
          0.018       122383.87       3387640.2
           0.02       115795.99       3205284.7
          0.022       109562.73       3032745.3
          0.024          103665       2869493.7
          0.026       98084.754       2715029.8
          0.028       92804.885       2568880.7
           0.03       87809.231       2430598.8
          0.032        83082.49       2299760.5
          0.034       78610.189       2175965.2
          0.036        74378.63       2058833.7
          0.038       70374.854       1948007.4
           0.04         66586.6       1843146.9
          0.042       63002.266       1743930.9
          0.044       59610.876       1650055.7
          0.046       56402.043       1561233.8
          0.048       53365.941       1477193.1
           0.05       50493.271       1397676.3
          0.052       47775.236       1322439.9
          0.054       45203.511       1251253.4
          0.056       42770.222       1183898.9
          0.058       40467.916         1120170
           0.06       38289.542       1059871.6
          0.062       36228.429       1002819.1
          0.064       34278.266       948837.72
          0.066       32433.078       897762.12
          0.068       30687.217       849435.89
           0.07       29035.335       803711.06
          0.072       27472.373       760447.57
          0.074       25993.545       719512.94
          0.076       24594.321       680781.81
          0.078       23270.417       644135.56
           0.08       22017.779       609461.97
          0.082        20832.57       576654.84
          0.084        19711.16       545613.71
          0.086       18650.115       516243.51
          0.088       17646.185       488454.31
           0.09       16696.297       462160.98
          0.092       15797.542       437283.02
          0.094       14947.165       413744.22
          0.096       14142.565       391472.51
          0.098       13381.275       370399.69
            0.1       12660.966        350461.2
          0.102       11979.431       331595.99
          0.104       11334.582        313746.3
          0.106       10724.445       296857.44
          0.108       10147.152       280877.71
           0.11       9600.9345       265758.16
          0.112       9084.1195       251452.49
          0.114       8595.1245       237916.89
          0.116        8132.452       225109.91
          0.118       7694.6849       212992.32
           0.12       7280.4827       201527.02
          0.122       6888.5768       190678.89
          0.124       6517.7671       180414.71
          0.126        6166.918       170703.05
          0.128       5834.9549       161514.16
           0.13       5520.8613       152819.91
          0.132       5223.6753       144593.67
          0.134       4942.4867       136810.24
          0.136       4676.4343       129445.79
          0.138       4424.7035       122477.77
           0.14       4186.5232       115884.84
          0.142       3961.1642        109646.8
          0.144       3747.9361       103744.55
          0.146        3546.186       98160.014
          0.148        3355.296       92876.094
           0.15       3174.6816       87876.606
          0.152       3003.7896       83146.239
          0.154       2842.0966       78670.506
          0.156       2689.1076         74435.7
          0.158       2544.3538       70428.852
           0.16       2407.3922       66637.691
          0.162       2277.8031       63050.608
          0.164       2155.1897       59656.615
          0.166       2039.1766       56445.321
          0.168       1929.4084       53406.889
           0.17       1825.5491       50532.014
          0.172       1727.2804       47811.894
          0.174       1634.3015       45238.196
          0.176       1546.3276        42803.04
          0.178       1463.0893       40498.967
           0.18       1384.3317       38318.921
          0.182       1309.8136       36256.227
          0.184       1239.3068       34304.567
          0.186       1172.5954       32457.964
          0.188        1109.475       30710.763
           0.19       1049.7523       29057.614
          0.192       993.24451       27493.452
          0.194       939.77851       26013.489
          0.196       889.19056       24613.192
          0.198       841.32574       23288.273
            0.2       796.03746       22034.673
          0.202       753.18704       20848.554
          0.204       712.64325       19726.284
          0.206       674.28191       18664.425
          0.208       637.98555       17659.725
           0.21       603.64301       16709.108
          0.212       571.14911       15809.663
          0.214       540.40436       14958.634
          0.216       511.31458       14153.416
          0.218       483.79069       13391.543
           0.22       457.74841       12670.681
          0.222       433.10797       11988.622
          0.224       409.79392       11343.279
          0.226       387.73485       10732.674
          0.228       366.86322       10154.938
           0.23        347.1151       9608.3012
          0.232       328.43002       9091.0897
          0.234       310.75074       8601.7195
          0.236       294.02314        8138.692
          0.238       278.19597        7700.589
           0.24       263.22078        7286.069
          0.242        249.0517       6893.8624
          0.244       235.64533       6522.7682
          0.246       222.96063       6171.6498
          0.248       210.95873       5839.4321
           0.25        199.6029       5525.0975
          0.252       188.85834       5227.6834
          0.254       178.69216        4946.279
          0.256       169.07323       4680.0225
          0.258       159.97207       4428.0986
           0.26       151.36083       4189.7355
          0.262       143.21313       3964.2035
          0.264       135.50402       3750.8118
          0.266       128.20988       3548.9069
          0.268       121.30839       3357.8705
           0.27        114.7784       3177.1175
          0.272       108.59992       3006.0944
          0.274       102.75402       2844.2774
          0.276       97.222811       2691.1709
          0.278       91.989341       2546.3061
           0.28       87.037587       2409.2393
          0.282       82.352384       2279.5508
          0.284       77.919384       2156.8434
          0.286        73.72501       2040.7413
          0.288       69.756419       1930.8889
           0.29       66.001455       1826.9498
          0.292        62.44862       1728.6057
          0.294       59.087032       1635.5555
          0.296       55.906398       1547.5141
          0.298       52.896976       1464.2119
            0.3        50.04955       1385.3939
          0.302         47.3554       1401.0875
          0.304         44.4452        1428.125
          0.306         41.6429        1360.275
          0.308         39.0041        1264.625
           0.31         36.5844         1187.55
          0.312         34.2539        1160.275
          0.314         31.9433        1113.525
          0.316         29.7998           993.2
          0.318         27.9705           799.3
           0.32         26.6026           610.5
          0.322         25.5285         530.825
          0.324         24.4793         519.675
          0.326         23.4498         511.225
          0.328         22.4344         505.425
           0.33         21.4281         504.175
          0.332         20.4177         506.225
          0.334         19.4032         504.825
          0.336         18.3984          496.45
          0.338         17.4174          481.05
           0.34         16.4742         443.475
          0.342         15.6435          376.85
          0.344         14.9668          308.95
          0.346         14.4077           259.2
          0.348           13.93         227.575
           0.35         13.4974          209.45
          0.352         13.0922         196.975
          0.354         12.7095         189.975
          0.356         12.3323         191.425
          0.358         11.9438          201.35
           0.36         11.5269             218
          0.362         11.0718         233.175
          0.364         10.5942         239.175
          0.366         10.1151        234.6375
          0.368         9.65565        219.5125
           0.37         9.23705        200.1375
          0.372          8.8551        187.0025
          0.374         8.48904         179.995
          0.376         8.13512        174.8575
          0.378         7.78961        171.5925
           0.38         7.44875          170.11
          0.382         7.10917        169.0375
          0.384          6.7726         166.545
          0.386         6.44299         162.075
          0.388          6.1243          155.63
           0.39         5.82047        146.7225
          0.392         5.53741        136.0975
          0.394         5.27608         126.085
          0.396         5.03307         117.785
          0.398         4.80494        111.2025
            0.4         4.58826         106.625
          0.402         4.37844        103.5125
          0.404         4.17421          100.33
          0.406         3.97712         96.3675
          0.408         3.78874         91.6275
           0.41         3.61061           87.02
          0.412         3.44066         83.5875
          0.414         3.27626           80.62
          0.416         3.11818         77.2725
          0.418         2.96717         73.5425
           0.42         2.82401          70.055
          0.422         2.68695           67.29
          0.424         2.55485         64.3975
          0.426         2.42936         60.6875
          0.428          2.3121         56.1625
           0.43         2.20471          51.855
          0.432         2.10468         49.0675
          0.434         2.00844          47.155
          0.436         1.91606         45.2075
          0.438         1.82761           43.22
           0.44         1.74318         41.7575
          0.442         1.66058          41.115
          0.444         1.57872         40.3175
          0.446         1.49931          38.655
          0.448          1.4241         36.1275
           0.45          1.3548         33.3675
          0.452         1.29063         31.5275
          0.454         1.22869           30.78
          0.456         1.16751          30.765
          0.458         1.10563         31.4825
           0.46         1.04158        32.57825
          0.462        0.975317        33.33275
          0.464        0.908249        33.56175
          0.466         0.84107        33.44475
          0.468         0.77447         32.9815
           0.47        0.709144         32.2935
          0.472        0.645296          31.656
          0.474         0.58252        31.17825
          0.476        0.520583         30.8165
          0.478        0.459254           30.57
           0.48        0.398303        30.39375
          0.482        0.337679        30.10725
          0.484        0.277874        29.55275
          0.486        0.219468          28.708
          0.488        0.163042        27.57275
           0.49        0.109177       26.233425
          0.492       0.0581083       24.985612
          0.494      0.00923455       24.056825
          0.496       -0.038119       23.465412
          0.498      -0.0846271        23.21125
            0.5       -0.130964       23.162975
          0.502       -0.177279           23.02
          0.504       -0.223044          22.661
          0.506       -0.267923         22.1335
          0.508       -0.311578         21.4375
           0.51       -0.353673         20.1865
          0.512       -0.392324         18.2435
          0.514       -0.426647           16.37
          0.516       -0.457804        15.07825
          0.518        -0.48696        14.36825
           0.52       -0.515277         14.0695
          0.522       -0.543238        13.63825
          0.524        -0.56983        12.68175
          0.526       -0.593965         11.1815
          0.528       -0.614556         9.13775
           0.53       -0.630516           6.981
          0.532        -0.64248           5.348
          0.534       -0.651908           4.118
          0.536       -0.658952           2.963
          0.538        -0.66376           1.883
           0.54       -0.666484         1.09825
          0.542       -0.668153         0.80275
          0.544       -0.669695         0.73875
          0.546       -0.671108          0.6745
          0.548       -0.672393         0.60975
           0.55       -0.673547          0.7405
          0.552       -0.675355         1.05325
          0.554        -0.67776         1.03725
          0.556       -0.679504           0.392
          0.558       -0.679328        -0.88275
           0.56       -0.675973        -2.59525
          0.562       -0.668947          -4.176
          0.564       -0.659269        -5.25075
          0.566       -0.647944         -5.8235
          0.568       -0.635975        -5.89375
           0.57       -0.624369         -5.6775
          0.572       -0.613265        -5.55625
          0.574       -0.602144          -5.561
          0.576       -0.591021        -5.55775
          0.578       -0.579913        -5.54675
           0.58       -0.568834        -5.48725
          0.582       -0.557964        -5.37825
          0.584       -0.547321         -5.3215
          0.586       -0.536678         -5.3785
          0.588       -0.525807        -5.54925
           0.59       -0.514481          -5.924
          0.592       -0.502111          -6.487
          0.594       -0.488533         -6.9895
          0.596       -0.474153        -7.28875
          0.598       -0.459378         -7.3845
            0.6       -0.444615        -7.35825
          0.602       -0.429945        -7.35125
          0.604        -0.41521        -7.37125
          0.606        -0.40046         -7.3675
          0.608        -0.38574           -7.34
           0.61         -0.3711        -7.29075
          0.612       -0.356577        -7.23275
          0.614       -0.342169          -7.178
          0.616       -0.327865         -7.1295
          0.618       -0.313651        -7.08725
           0.62       -0.299516        -6.90975
          0.622       -0.286012          -6.531
          0.624       -0.273392         -6.2045
          0.626       -0.261194        -6.10925
          0.628       -0.248955        -6.24525
           0.63       -0.236213         -6.7775
          0.632       -0.221845          -7.592
          0.634       -0.205845        -8.10675
          0.636       -0.189418          -8.018
          0.638       -0.173773        -7.32475
           0.64       -0.160119         -6.0535
          0.642       -0.149559        -4.65175
          0.644       -0.141512        -3.72575
          0.646       -0.134656        -3.46025
          0.648       -0.127671         -3.8555
           0.65       -0.119234         -5.0245
          0.652       -0.107573       -6.449625
          0.654      -0.0934355       -7.073825
          0.656      -0.0792777         -6.4698
          0.658      -0.0675563         -4.6374
           0.66      -0.0607281         -2.3639
          0.662      -0.0581007       -0.968875
          0.664      -0.0568526       -0.463575
          0.666      -0.0562464         -0.3269
          0.668       -0.055545         -0.5588
           0.67      -0.0540112          -0.966
          0.672       -0.051681         -1.2042
          0.674      -0.0491944        -1.24005
          0.676      -0.0467208       -1.191275
          0.678      -0.0444293         -1.0579
           0.68      -0.0424892          -0.839
          0.682      -0.0410733         -0.5987
          0.684      -0.0400944         -0.4354
          0.686      -0.0393317       -0.382525
          0.688      -0.0385643       -0.440075
           0.69      -0.0375714        -0.75575
          0.692      -0.0355413       -1.276325
          0.694      -0.0324661       -1.552675
          0.696      -0.0293306         -1.3367
          0.698      -0.0271193       -0.628375
            0.7      -0.0268171        0.446325
          0.702      -0.0289046        1.491825
          0.704      -0.0327844        2.229825
          0.706      -0.0378239        2.651525
          0.708      -0.0433905        2.756975
           0.71      -0.0488518         2.74195
          0.712      -0.0543583         2.85475
          0.714      -0.0602708         2.97845
          0.716      -0.0662721          2.9436
          0.718      -0.0720452          2.7502
           0.72      -0.0772729        2.045475
          0.722      -0.0802271        0.843325
          0.724      -0.0806462        0.046525
          0.726      -0.0804132         0.19115
          0.728      -0.0814108          1.2772
           0.73       -0.085522        2.632075
          0.732      -0.0919391         3.25135
          0.734      -0.0985274        3.309975
          0.736       -0.105179          3.3149
          0.738       -0.111787           3.266
           0.74       -0.118243           3.199
          0.742       -0.124583          3.1685
          0.744       -0.130917          3.1655
          0.746       -0.137245          3.1625
          0.748       -0.143567         3.15975
           0.75       -0.149884          3.1545
          0.752       -0.156185         3.12825
          0.754       -0.162397          3.0615
          0.756       -0.168431         2.94925
          0.758       -0.174194          2.7915
           0.76       -0.179597         2.25525
          0.762       -0.183215         1.16075
          0.764        -0.18424          0.0725
          0.766       -0.183505         -0.5995
          0.768       -0.181842        -0.85475
           0.77       -0.180086        -0.82175
          0.772       -0.178555        -0.81675
          0.774       -0.176819        -0.99175
          0.776       -0.174588        -1.31175
          0.778       -0.171572        -1.77625
           0.78       -0.167483          -2.371
          0.782       -0.162088         -2.9345
          0.784       -0.155745         -3.2605
          0.786       -0.149046        -3.28975
          0.788       -0.142586         -3.0225
           0.79       -0.136956          -2.541
          0.792       -0.132422          -2.119
          0.794        -0.12848        -1.96175
          0.796       -0.124575         -2.0825
          0.798        -0.12015         -2.4815
            0.8       -0.114649          -2.936
          0.802       -0.108406        -3.12925
          0.804       -0.102132       -3.142275
          0.806      -0.0958369       -3.150425
          0.808      -0.0895303       -3.153625
           0.81      -0.0832224        -3.15925
          0.812      -0.0768933       -3.172325
          0.814      -0.0705331       -3.181825
          0.816       -0.064166       -3.179125
          0.818      -0.0578166       -3.164225
           0.82      -0.0515091        -2.73515
          0.822       -0.046876        -1.73855
          0.824      -0.0445549        -0.94945
          0.826      -0.0430782       -0.894175
          0.828      -0.0409782       -1.572775
           0.83      -0.0367871         -2.5047
          0.832      -0.0309594       -2.948975
          0.834      -0.0249912       -2.995475
          0.836      -0.0189775         -2.9944
          0.838      -0.0130136      -2.9457725
           0.84     -0.00719441        -2.87898
          0.842     -0.00149768        -2.84218
          0.844      0.00417431       -2.834285
          0.846      0.00983946      -2.8353475
          0.848       0.0155157       -2.845335
           0.85       0.0212208       -2.910025
          0.852       0.0271558       -3.041125
          0.854       0.0333853        -3.14175
          0.856       0.0397228       -3.149125
          0.858       0.0459818       -3.063275
           0.86       0.0519759       -2.713925
          0.862       0.0568375         -2.0962
          0.864       0.0603607         -1.6286
          0.866       0.0633519       -1.564125
          0.868       0.0666172       -1.902725
           0.87       0.0709628       -2.522325
          0.872       0.0767065         -3.0846
          0.874       0.0833012       -3.387125
          0.876        0.090255        -3.44385
          0.878       0.0970766        -3.25475
           0.88        0.103274         -2.9171
          0.882        0.108745          -2.596
          0.884        0.113658          -2.297
          0.886        0.117933        -1.95775
          0.888        0.121489          -1.578
           0.89        0.124245         -0.8265
          0.892        0.124795         0.35125
          0.894         0.12284         1.20925
          0.896        0.119958          1.2785
          0.898        0.117726         0.55825
            0.9        0.117725        -0.65175
          0.902        0.120333        -1.62025
          0.904        0.124206         -1.9995
          0.906        0.128331          -1.873
          0.908        0.131698          -1.241
           0.91        0.133295        -0.49075
          0.912        0.133661        -0.18025
          0.914        0.134016        -0.17675
          0.916        0.134368          -0.177
          0.918        0.134724         -0.1815
           0.92        0.135094          -0.188
          0.922        0.135476          -0.192
          0.924        0.135862        -0.19325
          0.926        0.136249          -0.193
          0.928        0.136634         -0.1915
           0.93        0.137015         -0.1645
          0.932        0.137292          -0.078
          0.934        0.137327         0.05725
          0.936        0.137063         0.22125
          0.938        0.136442         0.41475
           0.94        0.135404          0.7725
          0.942        0.133352         1.31175
          0.944        0.130157         1.72275
          0.946        0.126461         1.81175
          0.948         0.12291          1.5785
           0.95        0.120147         1.14575
          0.952        0.118327         0.80475
          0.954        0.116928         0.68625
          0.956        0.115582         0.75125
          0.958        0.113923               1
           0.96        0.111582         1.30175
          0.962        0.108716         1.46075
          0.964        0.105739           1.512
          0.966        0.102668        1.554675
          0.968       0.0995203        1.588425
           0.97       0.0963143         1.63135
          0.972       0.0929949        1.688625
          0.974       0.0895598          1.7225
          0.976       0.0861049         1.70835
          0.978       0.0827264         1.64615
           0.98       0.0795203         1.49885
          0.982        0.076731        1.284275
          0.984       0.0743832          1.1219
          0.986       0.0722434        1.076275
          0.988       0.0700781        1.147375
           0.99       0.0676539        1.329325
          0.992       0.0647608          1.5393
          0.994       0.0614967        1.667725
          0.996       0.0580899         1.68195
          0.998       0.0547689         1.58195
              1       0.0517621          1.2472
          1.002       0.0497801        0.708925
          1.004       0.0489264        0.315475
          1.006       0.0485182        0.263425
          1.008       0.0478727         0.55275
           1.01       0.0463072         1.23425
          1.012       0.0429357        2.074575
          1.014       0.0380089         2.59675
          1.016       0.0325487        2.607975
          1.018        0.027577        2.108275
           1.02       0.0241156        1.409125
          1.022       0.0219405         0.94735
          1.024       0.0203262        0.599475
          1.026       0.0195426         0.11665
          1.028       0.0198596       -0.501075
           1.03       0.0215469          -1.039
          1.032       0.0240156        -1.23665
          1.034       0.0264935       -1.239975
          1.036       0.0289755        -1.24075
          1.038       0.0314565       -1.238975
           1.04       0.0339314       -1.286325
          1.042       0.0366018       -1.384675
          1.044       0.0394701        -1.40755
          1.046        0.042232       -1.278325
          1.048       0.0445834        -0.99705
           1.05       0.0462202         -0.3307
          1.052       0.0459062        0.738325
          1.054       0.0432669        1.653875
          1.056       0.0392907          2.0753
          1.058       0.0349657        2.002625
           1.06       0.0312802          1.6879
          1.062       0.0282141        1.541225
          1.064       0.0251153        1.547425
          1.066       0.0220244         1.53335
          1.068       0.0189819           1.499
           1.07       0.0160284        1.313025
          1.072       0.0137298        0.928425
          1.074       0.0123147        0.603125
          1.076       0.0113173        0.510625
          1.078       0.0102722        0.650935
           1.08      0.00871356        0.881415
          1.082      0.00674654       0.9860975
          1.084      0.00476917        0.997805
          1.086      0.00275532       1.0225732
          1.088     0.000678877        1.060405
           1.09      -0.0014863       1.1026392
          1.092     -0.00373168         1.13141
          1.094     -0.00601194         1.14159
          1.096     -0.00829804         1.13724
          1.098      -0.0105609        1.118365
            1.1      -0.0127715        1.091275
          1.102       -0.014926        1.069975
          1.104      -0.0170514        1.059825
          1.106      -0.0191653        1.058475
          1.108      -0.0212853        1.065925
           1.11       -0.023429          1.0844
          1.112      -0.0256229        1.109325
          1.114      -0.0278663          1.1282
          1.116      -0.0301357        1.135275
          1.118      -0.0324074         1.13055
           1.12      -0.0346579          1.1114
          1.122       -0.036853        1.071225
          1.124      -0.0389428        1.006925
          1.126      -0.0408807        0.919275
          1.128      -0.0426199         0.80825
           1.13      -0.0441137        0.450275
          1.132       -0.044421        -0.22445
          1.134      -0.0432159        -0.76165
          1.136      -0.0413744       -0.860825
          1.138      -0.0397726       -0.521925
           1.14      -0.0392867       -0.020825
          1.142      -0.0396893          0.2213
          1.144      -0.0401719        0.262425
          1.146       -0.040739         0.30575
          1.148      -0.0413949          0.3512
           1.15      -0.0421438        0.419925
          1.152      -0.0430746        0.509875
          1.154      -0.0441833        0.565125
          1.156      -0.0453351        0.553025
          1.158      -0.0463954        0.473575
           1.16      -0.0472294         0.23925
          1.162      -0.0473524       -0.134675
          1.164      -0.0466907         -0.4067
          1.166      -0.0457256       -0.438075
          1.168      -0.0449384         -0.2288
           1.17      -0.0448104        0.106225
          1.172      -0.0453633        0.357625
          1.174      -0.0462409         0.49855
          1.176      -0.0473575         0.59655
          1.178      -0.0486271         0.65165
           1.18      -0.0499641          0.7956
          1.182      -0.0518095          1.0923
          1.184      -0.0543333          1.3084
          1.186      -0.0570431         1.27835
          1.188      -0.0594467        1.002125
           1.19      -0.0610516           0.268
          1.192      -0.0605187       -0.814225
          1.194      -0.0577947       -1.550525
          1.196      -0.0543166        -1.56835
          1.198      -0.0515213       -0.867675
            1.2      -0.0508459        0.075625
          1.202      -0.0518238        0.527925
          1.204      -0.0529576        0.578375
          1.206      -0.0541373        0.573925
          1.208      -0.0552533          0.5146
           1.21      -0.0561957        0.455325
          1.212      -0.0570746        0.451875
          1.214      -0.0580032          0.4503
          1.216      -0.0588758        0.395975
          1.218      -0.0595871        0.288975
           1.22      -0.0600317         0.16795
          1.222      -0.0602589        0.093875
          1.224      -0.0604072        0.061325
          1.226      -0.0605042        0.042625
          1.228      -0.0605777        0.037775
           1.23      -0.0606553        0.034025
          1.232      -0.0607138         0.01875
          1.234      -0.0607303        0.004875
          1.236      -0.0607333        0.005225
          1.238      -0.0607512         0.01985
           1.24      -0.0608127        0.148875
          1.242      -0.0613467           0.426
          1.244      -0.0625167          0.6515
          1.246      -0.0639527        0.692075
          1.248       -0.065285        0.547775
           1.25      -0.0661438         0.22445
          1.252      -0.0661828       -0.141175
          1.254      -0.0655791         -0.3585
          1.256      -0.0647488        -0.36785
          1.258      -0.0641077        -0.16925
           1.26      -0.0640718          0.2003
          1.262      -0.0649089          0.5688
          1.264       -0.066347          0.7708
          1.266      -0.0679921          0.7758
          1.268      -0.0694502        0.583825
           1.27      -0.0703274        0.213275
          1.272      -0.0703033       -0.168475
          1.274      -0.0696535       -0.356475
          1.276      -0.0688774        -0.29475
          1.278      -0.0684745         0.01675
           1.28      -0.0689444         0.40965
          1.282      -0.0701131         0.61745
          1.284      -0.0714142          0.6614
          1.286      -0.0727587          0.6608
          1.288      -0.0740574        0.615575
           1.29       -0.075221        0.553175
          1.292      -0.0762701        0.519375
          1.294      -0.0772985          0.5141
          1.296      -0.0783265        0.519075
          1.298      -0.0793748        0.534325
            1.3      -0.0804638          0.5588
          1.302        -0.08161        0.584475
          1.304      -0.0828017        0.601675
          1.306      -0.0840167          0.6078
          1.308      -0.0852329        0.602875
           1.31      -0.0864282        0.589675
          1.312      -0.0875916        0.567225
          1.314      -0.0886971        0.527075
          1.316      -0.0896999         0.46455
          1.318      -0.0905553        0.379725
           1.32      -0.0912188          0.1216
          1.322      -0.0910417       -0.353225
          1.324      -0.0898059       -0.732375
          1.326      -0.0881122        -0.81115
          1.328      -0.0865613       -0.589525
           1.33      -0.0857541        -0.24695
          1.332      -0.0855735       -0.071875
          1.334      -0.0854666        -0.04845
          1.336      -0.0853797         -0.0518
          1.338      -0.0852594         -0.0819
           1.34      -0.0850521        -0.12985
          1.342        -0.08474       -0.171825
          1.344      -0.0843648       -0.194475
          1.346      -0.0839621        -0.19935
          1.348      -0.0835674        -0.18645
           1.35      -0.0832163        -0.07525
          1.352      -0.0832664        0.151025
          1.354      -0.0838204        0.316225
          1.356      -0.0845313           0.308
          1.358      -0.0850524        0.126375
           1.36      -0.0850368         -0.3819
          1.362      -0.0835248       -1.151275
          1.364      -0.0804317       -1.700525
          1.366      -0.0767227        -1.76715
          1.368      -0.0733631       -1.351125
           1.37      -0.0713182        -0.69845
          1.372      -0.0705693       -0.266875
          1.374      -0.0702507         -0.1281
          1.376      -0.0700569       -0.142075
          1.378      -0.0696824        -0.30875
           1.38      -0.0688219         -0.5682
          1.382      -0.0674096        -0.77505
          1.384      -0.0657217       -0.860975
          1.386      -0.0639657         -0.8432
          1.388      -0.0623489         -0.7217
           1.39      -0.0610789       -0.485325
          1.392      -0.0604076         -0.2181
          1.394      -0.0602065       -0.073875
          1.396      -0.0601121       -0.111325
          1.398      -0.0597612       -0.330425
            1.4      -0.0587904       -0.616725
          1.402      -0.0572943         -0.7818
          1.404      -0.0556632        -0.82915
          1.406      -0.0539777        -0.83625
          1.408      -0.0523182         -0.8031
           1.41      -0.0507653       -0.758175
          1.412      -0.0492855        -0.73655
          1.414      -0.0478191       -0.719525
          1.416      -0.0464074       -0.681775
          1.418       -0.045092         -0.6233
           1.42      -0.0439142        -0.52765
          1.422      -0.0429814       -0.395175
          1.424      -0.0423335         -0.2675
          1.426      -0.0419114       -0.169475
          1.428      -0.0416556        -0.10115
           1.43      -0.0415068       -0.055975
          1.432      -0.0414317       -0.019725
          1.434      -0.0414279         0.01275
          1.436      -0.0414827         0.03895
          1.438      -0.0415837        0.058825
           1.44       -0.041718          0.1081
          1.442      -0.0420161        0.200675
          1.444      -0.0425207        0.267975
          1.446       -0.043088         0.26335
          1.448      -0.0435741          0.1868
           1.45      -0.0438352         -0.0341
          1.452      -0.0434377       -0.376325
          1.454      -0.0423299         -0.6242
          1.456      -0.0409409         -0.6576
          1.458      -0.0396995         -0.4765
           1.46      -0.0390349         -0.1602
          1.462      -0.0390587        0.102475
          1.464      -0.0394448        0.226675
          1.466      -0.0399654        0.236975
          1.468      -0.0403927        0.133375
           1.47      -0.0404989       -0.080725
          1.472      -0.0400698       -0.318225
          1.474       -0.039226       -0.456825
          1.476      -0.0382425        -0.45795
          1.478      -0.0373942       -0.321625
           1.48       -0.036956         0.02655
          1.482      -0.0375004           0.501
          1.484        -0.03896          0.7873
          1.486      -0.0406496          0.7311
          1.488      -0.0418844        0.332375
           1.49      -0.0419791        -0.18605
          1.492      -0.0411402         -0.4691
          1.494      -0.0401027         -0.5413
          1.496       -0.038975         -0.5593
          1.498      -0.0378655         -0.5231
            1.5      -0.0368826         -0.4585
          1.502      -0.0360315       -0.408425
          1.504      -0.0352489       -0.372725
          1.506      -0.0345406       -0.334175
          1.508      -0.0339122       -0.292825
           1.51      -0.0333693        0.078275
          1.512      -0.0342253          0.8911
          1.514      -0.0369337          1.4963
          1.516      -0.0402105          1.4595
          1.518      -0.0427717         0.78075
           1.52      -0.0433335       -0.196175
          1.522       -0.041987        -0.84335
          1.524      -0.0399601        -1.07825
          1.526       -0.037674         -1.1025
          1.528      -0.0355501         -0.9161
           1.53      -0.0340096         -0.6799
          1.532      -0.0328305         -0.5979
          1.534       -0.031618       -0.574275
          1.536      -0.0305334       -0.469875
          1.538      -0.0297385       -0.284675
           1.54      -0.0293947        -0.09055
          1.542      -0.0293763          0.0066
          1.544      -0.0294211        0.027575
          1.546      -0.0294866        0.027275
          1.548      -0.0295302        0.005675
           1.55      -0.0295093         -0.0231
          1.552      -0.0294378          -0.037
          1.554      -0.0293613        -0.03845
          1.556       -0.029284       -0.037675
          1.558      -0.0292106        -0.03465
           1.56      -0.0291454       -0.028875
          1.562      -0.0290951       -0.020675
          1.564      -0.0290627          -0.012
          1.566      -0.0290471        -0.00385
          1.568      -0.0290473        0.003825
           1.57      -0.0290624        0.038125
          1.572      -0.0291998         0.11115
          1.574       -0.029507         0.17325
          1.576      -0.0298928        0.189725
          1.578      -0.0302659          0.1606
           1.58      -0.0305352         0.08055
          1.582      -0.0305881       -0.021525
          1.584      -0.0304491         -0.0887
          1.586      -0.0302333       -0.098425
          1.588      -0.0300554         -0.0507
           1.59      -0.0300305          0.1252
          1.592      -0.0305562         0.40395
          1.594      -0.0316463          0.5708
          1.596      -0.0328394           0.507
          1.598      -0.0336743        0.212525
            1.6      -0.0336895         -0.1366
          1.602      -0.0331279       -0.286725
          1.604      -0.0325426       -0.297375
          1.606      -0.0319384       -0.305725
          1.608      -0.0313197       -0.311825
           1.61      -0.0306911       -0.315325
          1.612      -0.0300584        -0.31655
          1.614      -0.0294249       -0.316825
          1.616      -0.0287911       -0.316775
          1.618      -0.0281578       -0.316375
           1.62      -0.0275256       -0.305375
          1.622      -0.0269363       -0.281975
          1.624      -0.0263977       -0.269275
          1.626      -0.0258592        -0.28185
          1.628      -0.0252703         -0.3197
           1.63      -0.0245804         -0.4261
          1.632      -0.0235659       -0.605825
          1.634      -0.0221571       -0.757725
          1.636       -0.020535       -0.819225
          1.638      -0.0188802        -0.79035
           1.64      -0.0173736       -0.729175
          1.642      -0.0159635       -0.708975
          1.644      -0.0145377       -0.694425
          1.646      -0.0131858       -0.635025
          1.648      -0.0119976       -0.530725
           1.65      -0.0110629       -0.355125
          1.652      -0.0105771       -0.126025
          1.654      -0.0105588          0.0638
          1.656      -0.0108323          0.1657
          1.658      -0.0112216          0.1797
           1.66      -0.0115511        0.172975
          1.662      -0.0119135          0.2206
          1.664      -0.0124335        0.267425
          1.666      -0.0129832         0.25035
          1.668      -0.0134349          0.1694
           1.67      -0.0136608       -0.026825
          1.672      -0.0133276       -0.335725
          1.674      -0.0123179       -0.624975
          1.676      -0.0108277        -0.81627
          1.678     -0.00905282        -0.90964
           1.68     -0.00718914       -1.060555
          1.682      -0.0048106       -1.358715
          1.684     -0.00175428        -1.54996
          1.686      0.00138924       -1.445915
          1.688      0.00402938      -1.0465775
           1.69      0.00557555       -0.531695
          1.692      0.00615616      -0.2112925
          1.694      0.00642072       -0.101035
          1.696       0.0065603      -0.0863075
          1.698      0.00676595      -0.1671075
            1.7      0.00722873       -0.278525
          1.702      0.00788005       -0.325465
          1.704      0.00853059       -0.327575
          1.706      0.00919035       -0.334685
          1.708      0.00986933      -0.3467875
           1.71       0.0105775      -0.3618675
          1.712       0.0113168       -0.375125
          1.714        0.012078       -0.384525
          1.716       0.0128549         -0.3908
          1.718       0.0136412         -0.3939
           1.72       0.0144305         -0.4244
          1.722       0.0153388       -0.496525
          1.724       0.0164166         -0.5551
          1.726       0.0175592        -0.56135
          1.728        0.018662         -0.5153
           1.73       0.0196204         -0.3201
          1.732       0.0199424        0.031375
          1.734       0.0194949        0.307675
          1.736       0.0187117         0.36705
          1.738       0.0180267        0.209575
           1.74       0.0178734       -0.200325
          1.742        0.018828         -0.7073
          1.744       0.0207026       -0.989275
          1.746       0.0227851         -0.9153
          1.748       0.0243638         -0.4854
           1.75       0.0247267        0.108125
          1.752       0.0239313        0.510575
          1.754       0.0226844         0.67095
          1.756       0.0212475        0.700525
          1.758       0.0198823          0.5993
           1.76       0.0188503        0.442075
          1.762        0.018114          0.3454
          1.764       0.0174687          0.2971
          1.766       0.0169256        0.243275
          1.768       0.0164956          0.1839
           1.77         0.01619       -0.033325
          1.772       0.0166289        -0.45335
          1.774       0.0180034         -0.7631
          1.776       0.0196813       -0.756625
          1.778       0.0210299         -0.4339
           1.78       0.0214169        0.155825
          1.782       0.0204066          0.7555
          1.784       0.0183949         1.10245
          1.786       0.0159968        1.141875
          1.788       0.0138274         0.87375
           1.79       0.0125018           0.382
          1.792       0.0122994        -0.05505
          1.794        0.012722       -0.229675
          1.796       0.0132181       -0.128475
          1.798       0.0132359          0.2485
            1.8       0.0122241        0.682075
          1.802       0.0105076        0.860885
          1.804      0.00878056         0.86562
          1.806      0.00704512         0.86926
          1.808      0.00530352       0.8717925
           1.81      0.00355795       0.8762375
          1.812      0.00179857      0.88334335
          1.814     2.45766e-05        0.886695
          1.816     -0.00174821      0.88213915
          1.818     -0.00350398         0.86968
           1.82     -0.00522693         0.73666
          1.822     -0.00645062       0.4324925
          1.824      -0.0069569       0.1629425
          1.826     -0.00710239       0.0717075
          1.828     -0.00724373         0.15879
           1.83     -0.00773755       0.3657025
          1.832     -0.00870654       0.5407225
          1.834     -0.00990044        0.602465
          1.836      -0.0111164        0.562815
          1.838      -0.0121517        0.421775
           1.84      -0.0128035        0.224775
          1.842      -0.0130508        0.069375
          1.844       -0.013081         -0.0118
          1.846      -0.0130036       -0.038275
          1.848      -0.0129279           -0.01
           1.85      -0.0129636        0.076325
          1.852      -0.0132332          0.1803
          1.854      -0.0136848          0.2332
          1.856       -0.014166         0.20985
          1.858      -0.0145242         0.11025
           1.86       -0.014607        -0.17845
          1.862      -0.0138104        -0.65225
          1.864       -0.011998      -1.0229725
          1.866     -0.00971851        -1.11936
          1.868     -0.00752056      -0.9414275
           1.87      -0.0059528      -0.6480725
          1.872     -0.00492827        -0.47854
          1.874     -0.00403864      -0.3944225
          1.876     -0.00335058      -0.2769775
          1.878     -0.00293073        -0.12621
           1.88     -0.00284574        0.104605
          1.882     -0.00334915        0.384935
          1.884     -0.00438548       0.5521725
          1.886     -0.00555784         0.52097
          1.888     -0.00646936       0.2913275
           1.89     -0.00672315         0.00998
          1.892     -0.00650928      -0.1106625
          1.894      -0.0062805        -0.11885
          1.896     -0.00603388      -0.1284975
          1.898     -0.00576651       -0.139605
            1.9     -0.00547546        -0.15026
          1.902     -0.00516547         -0.1568
          1.904     -0.00484826      -0.1585425
          1.906      -0.0045313        -0.15654
          1.908      -0.0042221       -0.150785
           1.91     -0.00392816      -0.1403975
          1.912     -0.00366051      -0.1257925
          1.914     -0.00342499      -0.1097925
          1.916     -0.00322134       -0.093925
          1.918     -0.00304929       -0.078195
           1.92     -0.00290856       -0.058885
          1.922     -0.00281375       -0.034425
          1.924     -0.00277086      -0.0117525
          1.926     -0.00276674        0.004355
          1.928     -0.00278828        0.013895
           1.93     -0.00282232       0.0245625
          1.932     -0.00288653       0.0437425
          1.934     -0.00299729         0.06327
          1.936     -0.00313961       0.0752975
          1.938     -0.00329848        0.079825
           1.94     -0.00345891       0.1179175
          1.942     -0.00377015         0.20897
          1.944     -0.00429479        0.279435
          1.946     -0.00488789        0.277425
          1.948     -0.00540449         0.20293
           1.95     -0.00569961      -0.0359325
          1.952     -0.00526076         -0.4206
          1.954     -0.00401721        -0.69352
          1.956     -0.00248668      -0.7075825
          1.958     -0.00118688      -0.4627895
           1.96    -0.000635522      -0.1159795
          1.962    -0.000722962      0.07536375
          1.964    -0.000936977       0.1171145
          1.966     -0.00119142      0.11579075
          1.968     -0.00140014         0.07139
           1.97     -0.00147698        0.012985
          1.972     -0.00145208       -0.017445
          1.974      -0.0014072         -0.0296
          1.976     -0.00133368        -0.04608
          1.978     -0.00122288        -0.06689
           1.98     -0.00106612      -0.1232435
          1.982    -0.000729906     -0.22190675
          1.984    -0.000178493     -0.29501975
          1.986     0.000450173     -0.29915825
          1.988      0.00101814     -0.23432175
           1.99      0.00138746      -0.1185625
          1.992      0.00149239       0.0023825
          1.994      0.00137793       0.1050325
          1.996      0.00107226      0.19359275
          1.998     0.000603559        0.268065
              2               0      0.15088975
          2.002               0               0
          2.004               0               0
          2.006               0               0
          2.008               0               0
           2.01               0               0
          2.012               0               0
          2.014               0               0
          2.016               0               0
          2.018               0               0
           2.02               0               0
          2.022               0               0
          2.024               0               0
          2.026               0               0
          2.028               0               0
           2.03               0               0
          2.032               0               0
          2.034               0               0
          2.036               0               0
          2.038               0               0
           2.04               0               0
          2.042               0               0
          2.044               0               0
          2.046               0               0
          2.048               0               0
           2.05               0               0
          2.052               0               0
          2.054               0               0
          2.056               0               0
          2.058               0               0
           2.06               0               0
          2.062               0               0
          2.064               0               0
          2.066               0               0
          2.068               0               0
           2.07               0               0
          2.072               0               0
          2.074               0               0
          2.076               0               0
          2.078               0               0
           2.08               0               0
          2.082               0               0
          2.084               0               0
          2.086               0               0
          2.088               0               0
           2.09               0               0
          2.092               0               0
          2.094               0               0
          2.096               0               0
          2.098               0               0
            2.1               0               0
          2.102               0               0
          2.104               0               0
          2.106               0               0
          2.108               0               0
           2.11               0               0
          2.112               0               0
          2.114               0               0
          2.116               0               0
          2.118               0               0
           2.12               0               0
          2.122               0               0
          2.124               0               0
          2.126               0               0
          2.128               0               0
           2.13               0               0
          2.132               0               0
          2.134               0               0
          2.136               0               0
          2.138               0               0
           2.14               0               0
          2.142               0               0
          2.144               0               0
          2.146               0               0
          2.148               0               0
           2.15               0               0
          2.152               0               0
          2.154               0               0
          2.156               0               0
          2.158               0               0
           2.16               0               0
          2.162               0               0
          2.164               0               0
          2.166               0               0
          2.168               0               0
           2.17               0               0
          2.172               0               0
          2.174               0               0
          2.176               0               0
          2.178               0               0
           2.18               0               0
          2.182               0               0
          2.184               0               0
          2.186               0               0
          2.188               0               0
           2.19               0               0
          2.192               0               0
          2.194               0               0
          2.196               0               0
          2.198               0               0
            2.2               0               0
          2.202               0               0
          2.204               0               0
          2.206               0               0
          2.208               0               0
           2.21               0               0
          2.212               0               0
          2.214               0               0
          2.216               0               0
          2.218               0               0
           2.22               0               0
          2.222               0               0
          2.224               0               0
          2.226               0               0
          2.228               0               0
           2.23               0               0
          2.232               0               0
          2.234               0               0
          2.236               0               0
          2.238               0               0
           2.24               0               0
          2.242               0               0
          2.244               0               0
          2.246               0               0
          2.248               0               0
           2.25               0               0
          2.252               0               0
          2.254               0               0
          2.256               0               0
          2.258               0               0
           2.26               0               0
          2.262               0               0
          2.264               0               0
          2.266               0               0
          2.268               0               0
           2.27               0               0
          2.272               0               0
          2.274               0               0
          2.276               0               0
          2.278               0               0
           2.28               0               0
          2.282               0               0
          2.284               0               0
          2.286               0               0
          2.288               0               0
           2.29               0               0
          2.292               0               0
          2.294               0               0
          2.296               0               0
          2.298               0               0
            2.3               0               0
          2.302               0               0
          2.304               0               0
          2.306               0               0
          2.308               0               0
           2.31               0               0
          2.312               0               0
          2.314               0               0
          2.316               0               0
          2.318               0               0
           2.32               0               0
          2.322               0               0
          2.324               0               0
          2.326               0               0
          2.328               0               0
           2.33               0               0
          2.332               0               0
          2.334               0               0
          2.336               0               0
          2.338               0               0
           2.34               0               0
          2.342               0               0
          2.344               0               0
          2.346               0               0
          2.348               0               0
           2.35               0               0
          2.352               0               0
          2.354               0               0
          2.356               0               0
          2.358               0               0
           2.36               0               0
          2.362               0               0
          2.364               0               0
          2.366               0               0
          2.368               0               0
           2.37               0               0
          2.372               0               0
          2.374               0               0
          2.376               0               0
          2.378               0               0
           2.38               0               0
          2.382               0               0
          2.384               0               0
          2.386               0               0
          2.388               0               0
           2.39               0               0
          2.392               0               0
          2.394               0               0
          2.396               0               0
          2.398               0               0
            2.4               0               0
          2.402               0               0
          2.404               0               0
          2.406               0               0
          2.408               0               0
           2.41               0               0
          2.412               0               0
          2.414               0               0
          2.416               0               0
          2.418               0               0
           2.42               0               0
          2.422               0               0
          2.424               0               0
          2.426               0               0
          2.428               0               0
           2.43               0               0
          2.432               0               0
          2.434               0               0
          2.436               0               0
          2.438               0               0
           2.44               0               0
          2.442               0               0
          2.444               0               0
          2.446               0               0
          2.448               0               0
           2.45               0               0
          2.452               0               0
          2.454               0               0
          2.456               0               0
          2.458               0               0
           2.46               0               0
          2.462               0               0
          2.464               0               0
          2.466               0               0
          2.468               0               0
           2.47               0               0
          2.472               0               0
          2.474               0               0
          2.476               0               0
          2.478               0               0
           2.48               0               0
          2.482               0               0
          2.484               0               0
          2.486               0               0
          2.488               0               0
           2.49               0               0
          2.492               0               0
          2.494               0               0
          2.496               0               0
          2.498               0               0
            2.5               0               0
          2.502               0               0
          2.504               0               0
          2.506               0               0
          2.508               0               0
           2.51               0               0
          2.512               0               0
          2.514               0               0
          2.516               0               0
          2.518               0               0
           2.52               0               0
          2.522               0               0
          2.524               0               0
          2.526               0               0
          2.528               0               0
           2.53               0               0
          2.532               0               0
          2.534               0               0
          2.536               0               0
          2.538               0               0
           2.54               0               0
          2.542               0               0
          2.544               0               0
          2.546               0               0
          2.548               0               0
           2.55               0               0
          2.552               0               0
          2.554               0               0
          2.556               0               0
          2.558               0               0
           2.56               0               0
          2.562               0               0
          2.564               0               0
          2.566               0               0
          2.568               0               0
           2.57               0               0
          2.572               0               0
          2.574               0               0
          2.576               0               0
          2.578               0               0
           2.58               0               0
          2.582               0               0
          2.584               0               0
          2.586               0               0
          2.588               0               0
           2.59               0               0
          2.592               0               0
          2.594               0               0
          2.596               0               0
          2.598               0               0
            2.6               0               0
          2.602               0               0
          2.604               0               0
          2.606               0               0
          2.608               0               0
           2.61               0               0
          2.612               0               0
          2.614               0               0
          2.616               0               0
          2.618               0               0
           2.62               0               0
          2.622               0               0
          2.624               0               0
          2.626               0               0
          2.628               0               0
           2.63               0               0
          2.632               0               0
          2.634               0               0
          2.636               0               0
          2.638               0               0
           2.64               0               0
          2.642               0               0
          2.644               0               0
          2.646               0               0
          2.648               0               0
           2.65               0               0
          2.652               0               0
          2.654               0               0
          2.656               0               0
          2.658               0               0
           2.66               0               0
          2.662               0               0
          2.664               0               0
          2.666               0               0
          2.668               0               0
           2.67               0               0
          2.672               0               0
          2.674               0               0
          2.676               0               0
          2.678               0               0
           2.68               0               0
          2.682               0               0
          2.684               0               0
          2.686               0               0
          2.688               0               0
           2.69               0               0
          2.692               0               0
          2.694               0               0
          2.696               0               0
          2.698               0               0
            2.7               0               0
          2.702               0               0
          2.704               0               0
          2.706               0               0
          2.708               0               0
           2.71               0               0
          2.712               0               0
          2.714               0               0
          2.716               0               0
          2.718               0               0
           2.72               0               0
          2.722               0               0
          2.724               0               0
          2.726               0               0
          2.728               0               0
           2.73               0               0
          2.732               0               0
          2.734               0               0
          2.736               0               0
          2.738               0               0
           2.74               0               0
          2.742               0               0
          2.744               0               0
          2.746               0               0
          2.748               0               0
           2.75               0               0
          2.752               0               0
          2.754               0               0
          2.756               0               0
          2.758               0               0
           2.76               0               0
          2.762               0               0
          2.764               0               0
          2.766               0               0
          2.768               0               0
           2.77               0               0
          2.772               0               0
          2.774               0               0
          2.776               0               0
          2.778               0               0
           2.78               0               0
          2.782               0               0
          2.784               0               0
          2.786               0               0
          2.788               0               0
           2.79               0               0
          2.792               0               0
          2.794               0               0
          2.796               0               0
          2.798               0               0
            2.8               0               0
          2.802               0               0
          2.804               0               0
          2.806               0               0
          2.808               0               0
           2.81               0               0
          2.812               0               0
          2.814               0               0
          2.816               0               0
          2.818               0               0
           2.82               0               0
          2.822               0               0
          2.824               0               0
          2.826               0               0
          2.828               0               0
           2.83               0               0
          2.832               0               0
          2.834               0               0
          2.836               0               0
          2.838               0               0
           2.84               0               0
          2.842               0               0
          2.844               0               0
          2.846               0               0
          2.848               0               0
           2.85               0               0
          2.852               0               0
          2.854               0               0
          2.856               0               0
          2.858               0               0
           2.86               0               0
          2.862               0               0
          2.864               0               0
          2.866               0               0
          2.868               0               0
           2.87               0               0
          2.872               0               0
          2.874               0               0
          2.876               0               0
          2.878               0               0
           2.88               0               0
          2.882               0               0
          2.884               0               0
          2.886               0               0
          2.888               0               0
           2.89               0               0
          2.892               0               0
          2.894               0               0
          2.896               0               0
          2.898               0               0
            2.9               0               0
          2.902               0               0
          2.904               0               0
          2.906               0               0
          2.908               0               0
           2.91               0               0
          2.912               0               0
          2.914               0               0
          2.916               0               0
          2.918               0               0
           2.92               0               0
          2.922               0               0
          2.924               0               0
          2.926               0               0
          2.928               0               0
           2.93               0               0
          2.932               0               0
          2.934               0               0
          2.936               0               0
          2.938               0               0
           2.94               0               0
          2.942               0               0
          2.944               0               0
          2.946               0               0
          2.948               0               0
           2.95               0               0
          2.952               0               0
          2.954               0               0
          2.956               0               0
          2.958               0               0
           2.96               0               0
          2.962               0               0
          2.964               0               0
          2.966               0               0
          2.968               0               0
           2.97               0               0
          2.972               0               0
          2.974               0               0
          2.976               0               0
          2.978               0               0
           2.98               0               0
          2.982               0               0
          2.984               0               0
          2.986               0               0
          2.988               0               0
           2.99               0               0
          2.992               0               0
          2.994               0               0
          2.996               0               0
          2.998               0               0
              3               0               0
          3.002               0               0
          3.004               0               0
          3.006               0               0
          3.008               0               0
           3.01               0               0
          3.012               0               0
          3.014               0               0
          3.016               0               0
          3.018               0               0
           3.02               0               0
          3.022               0               0
          3.024               0               0
          3.026               0               0
          3.028               0               0
           3.03               0               0
          3.032               0               0
          3.034               0               0
          3.036               0               0
          3.038               0               0
           3.04               0               0
          3.042               0               0
          3.044               0               0
          3.046               0               0
          3.048               0               0
           3.05               0               0
          3.052               0               0
          3.054               0               0
          3.056               0               0
          3.058               0               0
           3.06               0               0
          3.062               0               0
          3.064               0               0
          3.066               0               0
          3.068               0               0
           3.07               0               0
          3.072               0               0
          3.074               0               0
          3.076               0               0
          3.078               0               0
           3.08               0               0
          3.082               0               0
          3.084               0               0
          3.086               0               0
          3.088               0               0
           3.09               0               0
          3.092               0               0
          3.094               0               0
          3.096               0               0
          3.098               0               0
            3.1               0               0
          3.102               0               0
          3.104               0               0
          3.106               0               0
          3.108               0               0
           3.11               0               0
          3.112               0               0
          3.114               0               0
          3.116               0               0
          3.118               0               0
           3.12               0               0
          3.122               0               0
          3.124               0               0
          3.126               0               0
          3.128               0               0
           3.13               0               0
          3.132               0               0
          3.134               0               0
          3.136               0               0
          3.138               0               0
           3.14               0               0
          3.142               0               0
          3.144               0               0
          3.146               0               0
          3.148               0               0
           3.15               0               0
          3.152               0               0
          3.154               0               0
          3.156               0               0
          3.158               0               0
           3.16               0               0
          3.162               0               0
          3.164               0               0
          3.166               0               0
          3.168               0               0
           3.17               0               0
          3.172               0               0
          3.174               0               0
          3.176               0               0
          3.178               0               0
           3.18               0               0
          3.182               0               0
          3.184               0               0
          3.186               0               0
          3.188               0               0
           3.19               0               0
          3.192               0               0
          3.194               0               0
          3.196               0               0
          3.198               0               0
            3.2               0               0
          3.202               0               0
          3.204               0               0
          3.206               0               0
          3.208               0               0
           3.21               0               0
          3.212               0               0
          3.214               0               0
          3.216               0               0
          3.218               0               0
           3.22               0               0
          3.222               0               0
          3.224               0               0
          3.226               0               0
          3.228               0               0
           3.23               0               0
          3.232               0               0
          3.234               0               0
          3.236               0               0
          3.238               0               0
           3.24               0               0
          3.242               0               0
          3.244               0               0
          3.246               0               0
          3.248               0               0
           3.25               0               0
          3.252               0               0
          3.254               0               0
          3.256               0               0
          3.258               0               0
           3.26               0               0
          3.262               0               0
          3.264               0               0
          3.266               0               0
          3.268               0               0
           3.27               0               0
          3.272               0               0
          3.274               0               0
          3.276               0               0
          3.278               0               0
           3.28               0               0
          3.282               0               0
          3.284               0               0
          3.286               0               0
          3.288               0               0
           3.29               0               0
          3.292               0               0
          3.294               0               0
          3.296               0               0
          3.298               0               0
            3.3               0               0
          3.302               0               0
          3.304               0               0
          3.306               0               0
          3.308               0               0
           3.31               0               0
          3.312               0               0
          3.314               0               0
          3.316               0               0
          3.318               0               0
           3.32               0               0
          3.322               0               0
          3.324               0               0
          3.326               0               0
          3.328               0               0
           3.33               0               0
          3.332               0               0
          3.334               0               0
          3.336               0               0
          3.338               0               0
           3.34               0               0
          3.342               0               0
          3.344               0               0
          3.346               0               0
          3.348               0               0
           3.35               0               0
          3.352               0               0
          3.354               0               0
          3.356               0               0
          3.358               0               0
           3.36               0               0
          3.362               0               0
          3.364               0               0
          3.366               0               0
          3.368               0               0
           3.37               0               0
          3.372               0               0
          3.374               0               0
          3.376               0               0
          3.378               0               0
           3.38               0               0
          3.382               0               0
          3.384               0               0
          3.386               0               0
          3.388               0               0
           3.39               0               0
          3.392               0               0
          3.394               0               0
          3.396               0               0
          3.398               0               0
            3.4               0               0
          3.402               0               0
          3.404               0               0
          3.406               0               0
          3.408               0               0
           3.41               0               0
          3.412               0               0
          3.414               0               0
          3.416               0               0
          3.418               0               0
           3.42               0               0
          3.422               0               0
          3.424               0               0
          3.426               0               0
          3.428               0               0
           3.43               0               0
          3.432               0               0
          3.434               0               0
          3.436               0               0
          3.438               0               0
           3.44               0               0
          3.442               0               0
          3.444               0               0
          3.446               0               0
          3.448               0               0
           3.45               0               0
          3.452               0               0
          3.454               0               0
          3.456               0               0
          3.458               0               0
           3.46               0               0
          3.462               0               0
          3.464               0               0
          3.466               0               0
          3.468               0               0
           3.47               0               0
          3.472               0               0
          3.474               0               0
          3.476               0               0
          3.478               0               0
           3.48               0               0
          3.482               0               0
          3.484               0               0
          3.486               0               0
          3.488               0               0
           3.49               0               0
          3.492               0               0
          3.494               0               0
          3.496               0               0
          3.498               0               0
            3.5               0               0
