          0.002       3035.5937       48603.127
          0.004       2939.9434       47071.663
          0.006        2847.307       45588.455
          0.008       2757.5896       44151.982
           0.01       2670.6991       42760.772
          0.012       2586.5465       41413.398
          0.014       2505.0455       40108.479
          0.016       2426.1126       38844.678
          0.018       2349.6668       37620.698
           0.02       2275.6298       36435.286
          0.022       2203.9256       35287.225
          0.024       2134.4809        34175.34
          0.026       2067.2243       33098.489
          0.028       2002.0869        32055.57
           0.03        1939.002       31045.512
          0.032       1877.9049       30067.281
          0.034       1818.7329       29119.874
          0.036       1761.4254       28202.319
          0.038       1705.9236       27313.676
           0.04       1652.1707       26453.033
          0.042       1600.1115        25619.51
          0.044       1549.6926        24812.25
          0.046       1500.8625       24030.426
          0.048       1453.5709       23273.237
           0.05       1407.7695       22539.908
          0.052       1363.4113       21829.685
          0.054       1320.4508        21141.84
          0.056       1278.8439        20475.67
          0.058       1238.5481        19830.49
           0.06        1199.522        19205.64
          0.062       1161.7255       18600.478
          0.064       1125.1201       18014.385
          0.066        1089.668       17446.759
          0.068        1055.333       16897.019
           0.07       1022.0799       16364.601
          0.072       989.87461        15848.96
          0.074       958.68408       15349.566
          0.076       928.47635       14865.907
          0.078       899.22045       14397.489
           0.08       870.88639        13943.83
          0.082       843.44513       13504.466
          0.084       816.86853       13078.946
          0.086       791.12934       12666.834
          0.088       766.20119       12267.707
           0.09       742.05852       11881.157
          0.092       718.67656       11506.787
          0.094       696.03137       11144.213
          0.096       674.09971       10793.063
          0.098       652.85912       10452.978
            0.1        632.2878       10123.609
          0.102       612.36468       9804.6187
          0.104       593.06933       9495.6793
          0.106       574.38196       9196.4745
          0.108       556.28343       8906.6974
           0.11       538.75517       8626.0511
          0.112       521.77922       8354.2479
          0.114       505.33818       8091.0091
          0.116       489.41519       7836.0648
          0.118       473.99392       7589.1537
           0.12       459.05857       7350.0227
          0.122       444.59383       7118.4266
          0.124       430.58487       6894.1279
          0.126       417.01732       6676.8969
          0.128       403.87728       6466.5107
           0.13       391.15128       6262.7536
          0.132       378.82626       6065.4169
          0.134       366.88961       5874.2982
          0.136       355.32907       5689.2015
          0.138        344.1328       5509.9372
           0.14       333.28932       5336.3214
          0.142       322.78752       5168.1761
          0.144       312.61662       5005.3291
          0.146        302.7662       4847.6133
          0.148       293.22617        4694.867
           0.15       283.98673       4546.9338
          0.152       275.03843       4403.6618
          0.154       266.37209       4264.9043
          0.156       257.97881       4130.5189
          0.158       249.85001        4000.368
           0.16       241.97734       3874.3181
          0.162       234.35274         3752.24
          0.164       226.96838       3634.0085
          0.166        219.8167       3519.5024
          0.168       212.89037       3408.6044
           0.17       206.18229       3301.2007
          0.172       199.68557       3197.1812
          0.174       193.39356       3096.4394
          0.176       187.29981       2998.8719
          0.178       181.39807       2904.3787
           0.18        175.6823        2812.863
          0.182       170.14662       2724.2308
          0.184       164.78537       2638.3915
          0.186       159.59306       2555.2569
          0.188       154.56435       2474.7418
           0.19       149.69409       2396.7637
          0.192       144.97729       2321.2427
          0.194       140.40912       2248.1013
          0.196       135.98489       2177.2646
          0.198       131.70006       2108.6599
            0.2       127.55025       2042.2169
          0.202       123.53119       1977.8675
          0.204       119.63878       1915.5458
          0.206       115.86901       1855.1877
          0.208       112.21802       1796.7316
           0.21       108.68208       1740.1173
          0.212       105.25756       1685.2869
          0.214       101.94093       1632.1843
          0.216       98.728818       1580.7548
          0.218       95.617915       1530.9459
           0.22       92.605035       1482.7064
          0.222       89.687089        1435.987
          0.224       86.861087       1390.7396
          0.226        84.12413        1346.918
          0.228       81.473415       1304.4772
           0.23       78.906222       1263.3737
          0.232        76.41992       1223.5653
          0.234        74.01196       1185.0113
          0.236       71.679875       1147.6721
          0.238       69.421272       1111.5094
           0.24       67.233837       1076.4862
          0.242       65.115327       1042.5666
          0.244       63.063571       1009.7158
          0.246       61.076464       977.90004
          0.248       59.151971       947.08682
           0.25       57.288117       917.24451
          0.252       55.482993       888.34253
          0.254       53.734747       860.35123
          0.256       52.041588       833.24192
          0.258       50.401779       806.98682
           0.26        48.81364       781.55901
          0.262       47.275543       756.93241
          0.264       45.785911       733.08179
          0.266       44.343216       709.98269
          0.268        42.94598       687.61144
           0.27        41.59277       665.94509
          0.272         40.2822       644.96144
          0.274       39.012924       624.63898
          0.276       37.783644       604.95687
          0.278       36.593097       585.89493
           0.28       35.440064       567.43363
          0.282       34.323362       549.55404
          0.284       33.241848       532.23782
          0.286       32.194411       515.46723
          0.288       31.179979       499.22508
           0.29       30.197511        483.4947
          0.292          29.246       552.55271
          0.294         27.9873         596.825
          0.296         26.8587          526.15
          0.298         25.8827          444.25
            0.3         25.0817         329.625
          0.302         24.5642         198.425
          0.304          24.288         128.475
          0.306         24.0503         160.025
          0.308         23.6479           293.1
           0.31         22.8779           499.9
          0.312         21.6483          687.95
          0.314         20.1261          787.65
          0.316         18.4977         794.175
          0.318         16.9494         707.625
           0.32         15.6672         592.275
          0.322         14.5803         537.125
          0.324         13.5187         514.925
          0.326         12.5206          473.65
          0.328         11.6241         413.325
           0.33         10.8673          354.45
          0.332         10.2063        323.5625
          0.334         9.57305        309.2875
          0.336         8.96915         294.175
          0.338         8.39635        278.1975
           0.34         7.85636          265.81
          0.342         7.33311         259.565
          0.344          6.8181          252.18
          0.346         6.32439        238.2725
          0.348         5.86501         217.845
           0.35         5.45301         193.885
          0.352         5.08947        171.9275
          0.354          4.7653           152.8
          0.356         4.47827         134.775
          0.358          4.2262        117.8525
           0.36         4.00686        104.8575
          0.362         3.80677          97.465
          0.364           3.617         91.1525
          0.366         3.44216         82.5275
          0.368         3.28689           71.59
           0.37          3.1558          61.865
          0.372         3.03943         56.8025
          0.374         2.92859           52.78
          0.376         2.82831         46.2425
          0.378         2.74362         37.1875
           0.38         2.67956         27.9375
          0.382         2.63187         22.4075
          0.384         2.58993         20.6525
          0.386         2.54926           21.14
          0.388         2.50537          23.875
           0.39         2.45376          27.135
          0.392         2.39683          28.465
          0.394          2.3399         28.4925
          0.396         2.28286         28.5725
          0.398         2.22561          28.705
            0.4         2.16804         28.8525
          0.402          2.1102           28.95
          0.404         2.05224           28.99
          0.406         1.99424         28.9925
          0.408         1.93627         28.9625
           0.41         1.87839         28.3575
          0.412         1.82284         27.0525
          0.414         1.77018         26.2275
          0.416         1.71793         26.6325
          0.418         1.66365          28.265
           0.42         1.60487          31.135
          0.422         1.53911           34.49
          0.424         1.46691          37.185
          0.426         1.39037         38.8275
          0.428          1.3116         39.4175
           0.43          1.2327           39.57
          0.432         1.15332         40.0575
          0.434         1.07247        40.52275
          0.436        0.991229          40.438
          0.438        0.910718          39.798
           0.44        0.832037         38.2665
          0.442        0.757652          36.095
          0.444        0.687657        34.51325
          0.446        0.619599        34.15775
          0.448        0.551026        35.02825
           0.45        0.479486        37.98525
          0.452        0.399085        42.39125
          0.454        0.309921          45.139
          0.456        0.218529        44.61975
          0.458        0.131442         40.8337
           0.46       0.0551942       35.235138
          0.462     -0.00949855         30.5766
          0.464      -0.0671122       27.350863
          0.466       -0.118902        24.75245
          0.468       -0.166122         22.7815
           0.47       -0.210028        21.45875
          0.472       -0.251957        20.60775
          0.474       -0.292459        19.91375
          0.476       -0.331612          19.258
          0.478       -0.369491        18.64025
           0.48       -0.406173        18.57825
          0.482       -0.443804        18.82525
          0.484       -0.481474          17.717
          0.486       -0.514672        14.35325
          0.488       -0.538887         8.73475
           0.49       -0.549611           2.639
          0.492       -0.549443        -1.07625
          0.494       -0.545306        -2.56975
          0.496       -0.539164        -3.07975
          0.498       -0.532987          -2.606
            0.5        -0.52874        -1.31225
          0.502       -0.527738        -0.03925
          0.504       -0.528583          0.3605
          0.506        -0.52918        -0.28825
          0.508        -0.52743          -1.986
           0.51       -0.521236         -5.4595
          0.512       -0.505592       -10.26725
          0.514       -0.480167        -13.9265
          0.516       -0.449886       -15.12325
          0.518       -0.419674       -13.85775
           0.52       -0.394455       -11.74175
          0.522       -0.372707       -10.96875
          0.524        -0.35058        -10.8015
          0.526       -0.329501          -9.921
          0.528       -0.310896         -8.3275
           0.53       -0.296191        -6.70375
          0.532       -0.284081        -5.98225
          0.534       -0.272262        -5.85525
          0.536        -0.26066         -5.7645
          0.538       -0.249204        -5.70975
           0.54       -0.237821        -5.66575
          0.542       -0.226541        -5.60925
          0.544       -0.215384        -5.56925
          0.546       -0.204264        -5.57225
          0.548       -0.193095         -5.6185
           0.55        -0.18179         -6.1855
          0.552       -0.168353         -7.4335
          0.554       -0.152056           -8.41
          0.556       -0.134713          -8.479
          0.558        -0.11814           -7.64
           0.56       -0.104153        -5.80865
          0.562      -0.0949054       -3.590575
          0.564      -0.0897907       -2.104925
          0.566      -0.0864857       -1.780975
          0.568      -0.0826668       -2.618725
           0.57      -0.0760108       -4.789375
          0.572      -0.0635093         -7.4087
          0.574       -0.046376       -8.722325
          0.576        -0.02862       -8.031325
          0.578      -0.0142507       -5.335635
           0.58     -0.00727746      -2.0249375
          0.582     -0.00615095         -0.1979
          0.584     -0.00648586         0.47161
          0.586     -0.00803739         1.01871
          0.588      -0.0105607       1.4434275
           0.59      -0.0138111        1.695625
          0.592      -0.0173432         1.76635
          0.594      -0.0208765        1.767375
          0.596      -0.0244127        1.769325
          0.598      -0.0279538         1.77225
            0.6      -0.0315017         1.77775
          0.602      -0.0350648         1.78575
          0.604      -0.0386447        1.791775
          0.606      -0.0422319         1.79315
          0.608      -0.0458173        1.789975
           0.61      -0.0493918        1.269925
          0.612       -0.050897        0.024775
          0.614      -0.0494909        -0.97705
          0.616      -0.0469888         -1.0712
          0.618      -0.0452061       -0.257725
           0.62      -0.0459579        2.154825
          0.622      -0.0538254        5.780025
          0.624       -0.069078          8.3095
          0.626      -0.0870634         8.51275
          0.628       -0.103129          6.3899
           0.63       -0.112623         2.80125
          0.632       -0.114334        -0.13675
          0.634       -0.112076         -1.4005
          0.636       -0.108732        -1.22275
          0.638       -0.107185         0.39675
           0.64       -0.110319         2.61275
          0.642       -0.117636         3.94725
          0.644       -0.126108          4.2975
          0.646       -0.134826          4.1935
          0.648       -0.142882         3.63475
           0.65       -0.149365         2.97825
          0.652       -0.154795         2.70675
          0.654       -0.160192          2.6525
          0.656       -0.165405         2.52275
          0.658       -0.170283           2.317
           0.66       -0.174673          2.1025
          0.662       -0.178693         1.98225
          0.664       -0.182602           1.942
          0.666       -0.186461           1.932
          0.668        -0.19033         1.95275
           0.67       -0.194272          2.0675
          0.672         -0.1986           2.268
          0.674       -0.203344         2.38325
          0.676       -0.208133          2.3135
          0.678       -0.212598          2.0595
           0.68       -0.216371          1.3815
          0.682       -0.218124         0.23625
          0.684       -0.217316        -0.84325
          0.686       -0.214751        -1.52075
          0.688       -0.211233          -1.796
           0.69       -0.207567        -1.85175
          0.692       -0.203826         -1.9655
          0.694       -0.199705          -2.096
          0.696       -0.195442        -2.10825
          0.698       -0.191272        -2.00175
            0.7       -0.187435           -1.61
          0.702       -0.184832        -0.97525
          0.704       -0.183534        -0.57675
          0.706       -0.182525         -0.6855
          0.708       -0.180792        -1.30125
           0.71        -0.17732        -2.59525
          0.712       -0.170411          -4.289
          0.714       -0.160164        -5.53675
          0.716       -0.148264        -5.94225
          0.718       -0.136395         -5.5055
           0.72       -0.126242        -4.59025
          0.722       -0.118034          -3.838
          0.724        -0.11089          -3.301
          0.726        -0.10483       -2.753275
          0.728      -0.0998769         -2.1951
           0.73      -0.0960496         -0.3009
          0.732      -0.0986733          3.3881
          0.734       -0.109602        6.243925
          0.736       -0.123649          6.5065
          0.738       -0.135628         4.17625
           0.74       -0.140354          -0.251
          0.742       -0.134624          -4.576
          0.744        -0.12205          -6.738
          0.746       -0.107672        -6.38095
          0.748      -0.0965262         -3.5051
           0.75      -0.0936516        0.085525
          0.752      -0.0968683          1.7471
          0.754        -0.10064        2.025675
          0.756       -0.104971          2.3065
          0.758       -0.109866           2.589
           0.76       -0.115327          3.0585
          0.762         -0.1221         3.67575
          0.764        -0.13003         3.91875
          0.766       -0.137775         3.49075
          0.768       -0.143993         2.39125
           0.77        -0.14734         1.06125
          0.772       -0.148238         0.23625
          0.774       -0.148285        -0.08275
          0.776       -0.147907        -0.18975
          0.778       -0.147526        -0.08475
           0.78       -0.147568          0.1875
          0.782       -0.148276          0.4445
          0.784       -0.149346          0.5265
          0.786       -0.150382          0.4105
          0.788       -0.150988           0.096
           0.79       -0.150766        -0.56825
          0.792       -0.148715         -1.5005
          0.794       -0.144764          -2.199
          0.796       -0.139919          -2.395
          0.798       -0.135184          -2.089
            0.8       -0.131563        -1.57925
          0.802       -0.128867        -1.33075
          0.804        -0.12624         -1.2945
          0.806       -0.123689        -1.25425
          0.808       -0.121223        -1.21025
           0.81       -0.118848          -1.158
          0.812       -0.116591          -1.084
          0.814       -0.114512          -0.982
          0.816       -0.112663        -0.85325
          0.818       -0.111099         -0.6975
           0.82       -0.109873          -0.371
          0.822       -0.109615         0.18875
          0.824       -0.110628         0.71525
          0.826       -0.112476         1.02275
          0.828       -0.114719           1.111
           0.83        -0.11692         1.31125
          0.832       -0.119964           1.865
          0.834        -0.12438         2.30675
          0.836       -0.129191         2.26075
          0.838       -0.133423           1.727
           0.84       -0.136099         0.21775
          0.842       -0.134294          -2.096
          0.844       -0.127715        -3.73975
          0.846       -0.119335         -3.8975
          0.848       -0.112125          -2.569
           0.85       -0.109059          -0.506
          0.852       -0.110101          0.8865
          0.854       -0.112605         1.38175
          0.856       -0.115628         1.40575
          0.858       -0.118228          0.9585
           0.86       -0.119462          0.0875
          0.862       -0.118578          -0.808
          0.864        -0.11623          -1.249
          0.866       -0.113582        -1.10775
          0.868       -0.111799          -0.384
           0.87       -0.112046         0.91725
          0.872       -0.115468          2.3465
          0.874       -0.121432           3.242
          0.876       -0.128436           3.386
          0.878       -0.134976          2.7785
           0.88        -0.13955           1.888
          0.882       -0.142528          1.3625
          0.884          -0.145           1.004
          0.886       -0.146544           0.434
          0.888       -0.146736          -0.348
           0.89       -0.145152        -1.29625
          0.892       -0.141551        -2.14625
          0.894       -0.136567          -2.615
          0.896       -0.131091          -2.638
          0.898       -0.126015        -2.21525
            0.9        -0.12223        -1.54625
          0.902        -0.11983        -1.06025
          0.904       -0.117989         -0.9045
          0.906       -0.116212        -0.99575
          0.908       -0.114006        -1.33375
           0.91       -0.110877          -1.768
          0.912       -0.106934          -2.038
          0.914       -0.102725       -2.130075
          0.916      -0.0984137         -2.1396
          0.918      -0.0941666       -2.066175
           0.92       -0.090149        -1.95715
          0.922       -0.086338        -1.88075
          0.924       -0.082626       -1.821525
          0.926      -0.0790519         -1.7429
          0.928      -0.0756544       -1.644925
           0.93      -0.0724722       -1.401125
          0.932      -0.0700499        -0.97675
          0.934      -0.0685652        -0.63575
          0.936      -0.0675069        -0.55045
          0.938      -0.0663634         -0.7209
           0.94      -0.0646233       -1.144825
          0.942      -0.0617841       -1.641375
          0.944      -0.0580578         -1.9447
          0.946      -0.0540053       -1.967625
          0.948      -0.0501873       -1.710175
           0.95      -0.0471646       -0.960975
          0.952      -0.0463434         0.13825
          0.954      -0.0477176        0.846575
          0.956      -0.0497297         0.77615
          0.958      -0.0508222       -0.073025
           0.96      -0.0494376        -1.22165
          0.962      -0.0459356        -1.92495
          0.964      -0.0417378         -2.2639
          0.966        -0.03688       -2.584975
          0.968      -0.0313979       -2.888225
           0.97      -0.0253271        -3.15555
          0.972      -0.0187757         -3.3408
          0.974      -0.0119639      -3.4201275
          0.976     -0.00509519        -3.39765
          0.978       0.0016267      -3.2733275
           0.98      0.00799812         -3.0863
          0.982       0.0139719        -2.92137
          0.984       0.0196836       -2.807925
          0.986       0.0252036        -2.72965
          0.988       0.0306022        -2.68655
           0.99       0.0359498         -2.5951
          0.992       0.0409826        -2.35815
          0.994       0.0453824       -2.038675
          0.996       0.0491373       -1.713325
          0.998       0.0522357       -1.382175
              1        0.054666       -0.503625
          1.002       0.0542502          1.1041
          1.004       0.0502496         2.35965
          1.006       0.0448116        2.541625
          1.008       0.0400831        1.650025
           1.01       0.0382115        0.010075
          1.012       0.0400428       -1.428325
          1.014       0.0439248       -2.053575
          1.016       0.0482571         -1.8786
          1.018       0.0514392       -0.903425
           1.02       0.0518708         0.33715
          1.022       0.0500906        0.998125
          1.024       0.0478783        1.149025
          1.026       0.0454945        1.169525
          1.028       0.0432002        1.059575
           1.03       0.0412562        0.924875
          1.032       0.0395007        0.871975
          1.034       0.0377683          0.7966
          1.036       0.0363143        0.593625
          1.038       0.0353938        0.263125
           1.04       0.0352618       -0.462125
          1.042       0.0372423         -1.5872
          1.044       0.0416106         -2.4518
          1.046       0.0470495       -2.657775
          1.048       0.0522417         -2.2051
           1.05       0.0558699       -1.511975
          1.052       0.0582896          -1.186
          1.054       0.0606139        -1.09295
          1.056       0.0626614       -0.909225
          1.058       0.0642508       -0.634825
           1.06       0.0652007       -0.357875
          1.062       0.0656823       -0.199625
          1.064       0.0659992       -0.121725
          1.066       0.0661692       -0.052675
          1.068       0.0662099         0.00755
           1.07        0.066139        0.055175
          1.072       0.0659892        0.099975
          1.074       0.0657391           0.166
          1.076       0.0653252        0.263725
          1.078       0.0646842        0.393125
           1.08       0.0637527            0.64
          1.082       0.0621242          1.0129
          1.084       0.0597011         1.31025
          1.086       0.0568832        1.407675
          1.088       0.0540704        1.305125
           1.09       0.0516627        0.975225
          1.092       0.0501695        0.548525
          1.094       0.0494686        0.289225
          1.096       0.0490126         0.30375
          1.098       0.0482536        0.592075
            1.1       0.0466443           1.584
          1.102       0.0419176          3.2296
          1.104       0.0337259        4.379325
          1.106       0.0244003        4.363475
          1.108        0.016272         3.18205
           1.11       0.0116721       1.6195575
          1.112      0.00979377       0.8624675
          1.114      0.00822223         0.72928
          1.116      0.00687665       0.6365075
          1.118       0.0056762         0.58415
           1.12      0.00454005         0.49283
          1.122      0.00370488         0.32005
          1.124      0.00325985        0.200495
          1.126       0.0029029         0.23197
          1.128      0.00233197       0.4144775
           1.13      0.00124499         1.59308
          1.132     -0.00404035       4.0078975
          1.134      -0.0147866       5.9064375
          1.136      -0.0276661          6.1412
          1.138      -0.0393514        4.712175
           1.14      -0.0465148        2.485375
          1.142      -0.0492929          1.0278
          1.144       -0.050626        0.524825
          1.146      -0.0513922        0.460925
          1.148      -0.0524697        0.836125
           1.15      -0.0547367        1.813625
          1.152      -0.0597242         3.04245
          1.154      -0.0669065        3.588075
          1.156      -0.0740765        3.030125
          1.158       -0.079027          1.3686
           1.16      -0.0795509       -0.684575
          1.162      -0.0762887         -1.9445
          1.164      -0.0717729        -2.41365
          1.166      -0.0666341         -2.5674
          1.168      -0.0615033       -2.405775
           1.17       -0.057011       -2.104225
          1.172      -0.0530864       -1.933325
          1.174      -0.0492777         -1.8603
          1.176      -0.0456452         -1.7572
          1.178      -0.0422489       -1.624075
           1.18      -0.0391489       -0.781575
          1.182      -0.0391226         1.02005
          1.184      -0.0432291          2.4572
          1.186      -0.0489514        2.635825
          1.188      -0.0537724        1.555875
           1.19      -0.0551749       -0.618975
          1.192      -0.0512965        -2.85295
          1.194      -0.0437631       -4.001525
          1.196      -0.0352904         -3.7923
          1.198      -0.0285939       -2.225275
            1.2      -0.0263893       -0.285525
          1.202      -0.0274518         0.58425
          1.204      -0.0287263          0.6827
          1.206      -0.0301826        0.766125
          1.208      -0.0317908        0.834525
           1.21      -0.0335207          0.9323
          1.212        -0.03552        1.068575
          1.214       -0.037795         1.14605
          1.216      -0.0401042         1.10275
          1.218       -0.042206          0.9387
           1.22       -0.043859        0.139875
          1.222      -0.0427655         -1.4116
          1.224      -0.0382126       -2.607525
          1.226      -0.0323354        -2.73585
          1.228      -0.0272692         -1.7966
           1.23       -0.025149         -0.4662
          1.232      -0.0254044        0.211875
          1.234      -0.0259965          0.3634
          1.236       -0.026858          0.4813
          1.238      -0.0279217        0.565625
           1.24      -0.0291205        0.708275
          1.242      -0.0307548           0.948
          1.244      -0.0329125         1.11305
          1.246       -0.035207          1.0848
          1.248      -0.0372517          0.8633
           1.25      -0.0386602         -0.0978
          1.252      -0.0368605          -1.878
          1.254      -0.0311482       -3.230425
          1.256      -0.0239388        -3.37515
          1.258      -0.0176476       -2.312175
           1.26      -0.0146901       -0.493275
          1.262      -0.0156745        0.982925
          1.264      -0.0186218        1.597975
          1.266      -0.0220664          1.4802
          1.268      -0.0245426        0.629575
           1.27      -0.0245847       -0.428375
          1.272      -0.0228291       -0.910425
          1.274       -0.020943       -0.955425
          1.276      -0.0190074       -0.959975
          1.278      -0.0171031       -0.924125
           1.28      -0.0153109       -0.832375
          1.282      -0.0137736       -0.715175
          1.284      -0.0124502         -0.6569
          1.286       -0.011146      -0.6960525
          1.288     -0.00966599      -0.8326125
           1.29     -0.00781555      -1.5184925
          1.292     -0.00359202      -2.8891175
          1.294      0.00374092        -4.01768
          1.296       0.0124787       -4.293945
          1.298       0.0209167         -3.7179
            1.3       0.0273503        -2.79105
          1.302       0.0320809       -2.294775
          1.304       0.0365294       -2.147525
          1.306        0.040671        -1.98785
          1.308       0.0444808       -1.815725
           1.31       0.0479339          -1.546
          1.312       0.0506648        -1.17885
          1.314       0.0526493         -0.9275
          1.316       0.0543748       -0.919775
          1.318       0.0563284       -1.155625
           1.32       0.0589973       -1.899425
          1.322       0.0639261       -3.031325
          1.324       0.0711226        -3.71055
          1.326       0.0787683       -3.480625
          1.328       0.0850451         -2.3416
           1.33       0.0881347       -0.972125
          1.332       0.0889336       -0.366275
          1.334       0.0895998       -0.318475
          1.336       0.0902075         -0.3077
          1.338       0.0908306       -0.333925
           1.34       0.0915432       -0.390925
          1.342       0.0923943        -0.44545
          1.344        0.093325         -0.4632
          1.346       0.0942471       -0.436925
          1.348       0.0950727        -0.36665
           1.35       0.0957137        -0.05275
          1.352       0.0952837        0.570175
          1.354        0.093433          1.1011
          1.356       0.0908793         1.27325
          1.358         0.08834        1.086625
           1.36       0.0865328        0.729625
          1.362       0.0854215         0.50765
          1.364       0.0845022          0.4076
          1.366       0.0837911         0.29955
          1.368        0.083304        0.183525
           1.37        0.083057       -0.138625
          1.372       0.0838585         -0.7096
          1.374       0.0858954        -1.09815
          1.376       0.0882511       -1.028425
          1.378       0.0900091       -0.500425
           1.38       0.0902528        0.245475
          1.382       0.0890272        0.756775
          1.384       0.0872257        0.955825
          1.386       0.0852039        0.977025
          1.388       0.0833176         0.82035
           1.39       0.0819225        0.586125
          1.392       0.0809731         0.44605
          1.394       0.0801383          0.4069
          1.396       0.0793455        0.404075
          1.398        0.078522         0.43755
            1.4       0.0775953         0.57105
          1.402       0.0762378          0.8011
          1.404       0.0743909         0.96305
          1.406       0.0723856         0.95955
          1.408       0.0705527        0.790675
           1.41       0.0692229        0.191525
          1.412       0.0697866         -0.8255
          1.414       0.0725249         -1.5797
          1.416       0.0761054       -1.667625
          1.418       0.0791954       -1.089275
           1.42       0.0804625        -0.22595
          1.422       0.0800992          0.3176
          1.424       0.0791921        0.587375
          1.426       0.0777497          0.8528
          1.428       0.0757809          1.1139
           1.43       0.0732941        1.461925
          1.432       0.0699332          1.8824
          1.434       0.0657645        2.125775
          1.436       0.0614301        2.047975
          1.438       0.0575726        1.648975
           1.44       0.0548342        1.114225
          1.442       0.0531157          0.7506
          1.444       0.0518318         0.55495
          1.446       0.0508959         0.40265
          1.448       0.0502212        0.293675
           1.45       0.0497212        0.124825
          1.452       0.0497219       -0.143475
          1.454       0.0502951        -0.31265
          1.456       0.0509725         -0.2477
          1.458       0.0512859        0.051375
           1.46        0.050767         0.53445
          1.462       0.0491481          1.0259
          1.464       0.0466634        1.387625
          1.466       0.0435976        1.606975
          1.468       0.0402355        1.684025
           1.47       0.0368615         1.93765
          1.472       0.0324849        2.516075
          1.474       0.0267972          2.8445
          1.476       0.0211069        2.518725
          1.478       0.0167223         1.53875
           1.48       0.0149519           0.235
          1.482       0.0157823        -0.73735
          1.484       0.0179013        -1.22185
          1.486       0.0206697         -1.3867
          1.488       0.0234481         -1.2318
           1.49       0.0255969        -0.95405
          1.492       0.0272643       -0.831075
          1.494       0.0289212       -0.787075
          1.496       0.0304126       -0.665575
          1.498       0.0315835         -0.4666
            1.5        0.032279          0.0539
          1.502       0.0313679          0.9207
          1.504       0.0285962          1.5609
          1.506       0.0251243        1.620825
          1.508       0.0221129         1.10045
           1.51       0.0207225        0.372075
          1.512       0.0206246          0.0153
          1.514       0.0206613        -0.03105
          1.516       0.0207488       -0.035525
          1.518       0.0208034        0.001875
           1.52       0.0207413        0.086925
          1.522       0.0204557         0.18645
          1.524       0.0199955        0.236325
          1.526       0.0195104          0.2113
          1.528       0.0191503          0.1113
           1.53       0.0190652         -0.1853
          1.532       0.0198915        -0.71455
          1.534       0.0219234       -1.226275
          1.536       0.0247966       -1.555925
          1.538       0.0281471         -1.7035
           1.54       0.0316106       -1.857425
          1.542       0.0355768       -2.173825
          1.544       0.0403059        -2.41555
          1.546        0.045239       -2.377925
          1.548       0.0498176          -2.061
           1.55        0.053483         -1.6069
          1.552       0.0562452       -1.227575
          1.554       0.0583933        -0.88555
          1.556       0.0597874         -0.4736
          1.558       0.0602877        0.008275
           1.56       0.0597543        0.418375
          1.562       0.0586142        0.585325
          1.564        0.057413        0.606325
          1.566       0.0561889          0.6082
          1.568       0.0549802        0.590975
           1.57        0.053825        0.566575
          1.572       0.0527139        0.551975
          1.574       0.0516171        0.542975
          1.576        0.050542        0.530275
          1.578        0.049496          0.5138
           1.58       0.0484868        0.375075
          1.582       0.0479957        0.041575
          1.584       0.0483205        -0.29915
          1.586       0.0491923        -0.50545
          1.588       0.0503423       -0.577375
           1.59       0.0515018       -0.823375
          1.592       0.0536358       -1.427125
          1.594       0.0572103        -1.89295
          1.596       0.0612076           -1.85
          1.598       0.0646103       -1.298275
            1.6       0.0664007       -0.054975
          1.602       0.0648302        1.559825
          1.604       0.0601614         2.60925
          1.606       0.0543932         2.65925
          1.608       0.0495244        1.709775
           1.61       0.0475541        0.434175
          1.612       0.0477877         -0.1679
          1.614       0.0482257       -0.280375
          1.616       0.0489092        -0.41335
          1.618       0.0498791       -0.566825
           1.62       0.0511765         -0.7545
          1.622       0.0528971       -0.934175
          1.624       0.0549132         -1.0084
          1.626       0.0569307        -0.93555
          1.628       0.0586554       -0.715625
           1.63       0.0597932       -0.404675
          1.632       0.0602741         -0.1485
          1.634       0.0603872        -0.02585
          1.636       0.0603775       -0.025775
          1.638       0.0604903         -0.1482
           1.64       0.0609703         -0.3084
          1.642       0.0617239       -0.379475
          1.644       0.0624882       -0.382675
          1.646       0.0632546         -0.3816
          1.648       0.0640146       -0.376225
           1.65       0.0647595       -0.368475
          1.652       0.0654885       -0.362475
          1.654       0.0662094       -0.359525
          1.656       0.0669266        -0.35875
          1.658       0.0676444       -0.360225
           1.66       0.0683675         -0.4104
          1.662        0.069286       -0.521425
          1.664       0.0704532         -0.5954
          1.666       0.0716676         -0.5687
          1.668        0.072728       -0.441325
           1.67       0.0734329         -0.1481
          1.672       0.0733204         0.26565
          1.674       0.0723703         0.56915
          1.676       0.0710438         0.64205
          1.678       0.0698021        0.484325
           1.68       0.0691065        0.227925
          1.682       0.0688904        0.089775
          1.684       0.0687474        0.065325
          1.686       0.0686291         0.06505
          1.688       0.0684872        0.088925
           1.69       0.0682734         0.14555
          1.692        0.067905         0.22095
          1.694       0.0673896          0.2727
          1.696       0.0668142        0.280875
          1.698       0.0662661         0.24545
            1.7       0.0658324        0.111025
          1.702        0.065822       -0.150325
          1.704       0.0664337         -0.4419
          1.706       0.0675896       -0.694525
          1.708       0.0692118        -0.90815
           1.71       0.0712222         -1.3464
          1.712       0.0745974       -2.094625
          1.714       0.0796007       -2.621675
          1.716       0.0850841        -2.57475
          1.718       0.0898997       -1.953925
           1.72       0.0928998        -1.12675
          1.722       0.0944067       -0.680575
          1.724       0.0956221       -0.577625
          1.726       0.0967172       -0.560275
          1.728       0.0978632         -0.6285
           1.73       0.0992312         -0.7622
          1.732        0.100912        -0.89095
          1.734        0.102795        -0.95825
          1.736        0.104745         -0.9585
          1.738        0.106629          -0.892
           1.74        0.108313        -0.47025
          1.742         0.10851         0.38275
          1.744        0.106782         1.05975
          1.746        0.104271         1.16625
          1.748        0.102117          0.7025
           1.75        0.101461        -0.51325
          1.752         0.10417        -2.11025
          1.754        0.109902         -3.0805
          1.756        0.116492        -2.96725
          1.758        0.121771           -1.77
           1.76        0.123572          -0.071
          1.762        0.122055         1.06025
          1.764        0.119331         1.47225
          1.766        0.116166         1.50125
          1.768        0.113326           1.147
           1.77        0.111578          0.5535
          1.772        0.111112          0.0865
          1.774        0.111232         -0.0665
          1.776        0.111378           0.061
          1.778        0.110988         0.46975
           1.78        0.109499         1.01625
          1.782        0.106923         1.41025
          1.784        0.103858          1.5745
          1.786        0.100625         1.57875
          1.788        0.097543         1.42335
           1.79       0.0949316          1.2229
          1.792       0.0926514         1.13725
          1.794       0.0903826        1.119325
          1.796       0.0881741        1.076875
          1.798       0.0860751          1.0099
            1.8       0.0841345        0.938175
          1.802       0.0823224          0.8922
          1.804       0.0805657          0.8684
          1.806       0.0788488        0.852375
          1.808       0.0771562         0.84415
           1.81       0.0754722        0.800925
          1.812       0.0739525        0.707475
          1.814       0.0726423         0.64795
          1.816       0.0713607          0.6789
          1.818       0.0699267          0.8003
           1.82       0.0681595        1.092825
          1.822       0.0655554         1.52745
          1.824       0.0620497         1.85895
          1.826       0.0581196         1.95185
          1.828       0.0542423          1.8061
           1.83       0.0508952          1.5583
          1.832       0.0480091        1.423225
          1.834       0.0452023        1.381725
          1.836       0.0424822          1.3364
          1.838       0.0398567         1.28725
           1.84       0.0373332         1.21945
          1.842       0.0349789          1.1208
          1.844         0.03285          1.0103
          1.846       0.0309377        0.904125
          1.848       0.0292335         0.80225
           1.85       0.0277287          0.5917
          1.852       0.0268667        0.236375
          1.854       0.0267832       -0.035375
          1.856       0.0270082        -0.07215
          1.858       0.0270718        0.126075
           1.86       0.0265039         0.54435
          1.862       0.0248944        0.997025
          1.864       0.0225158         1.24305
          1.866       0.0199222        1.212025
          1.868       0.0176677         0.90395
           1.87       0.0163064          0.4684
          1.872       0.0157941        0.161875
          1.874       0.0156589         -0.0047
          1.876       0.0158129         -0.1273
          1.878       0.0161681       -0.205975
           1.88       0.0166368         -0.4267
          1.882       0.0178749       -0.837625
          1.884       0.0199873         -1.0461
          1.886       0.0220593        -0.79715
          1.888       0.0231759       -0.090775
           1.89       0.0224224         0.69385
          1.892       0.0204005        1.022325
          1.894       0.0183331           1.041
          1.896       0.0162365        1.051425
          1.898       0.0141274        1.053525
            1.9       0.0120224       1.0532325
          1.902      0.00991447       1.0571825
          1.904      0.00779367         1.06066
          1.906      0.00567183         1.05821
          1.908      0.00356083       1.0498175
           1.91      0.00147256      0.86870472
          1.912     8.60111e-05      0.40798825
          1.914    -0.000159393    -0.075701225
          1.916     0.000388816     -0.38562575
          1.918      0.00138311      -0.5217885
           1.92      0.00247597      -0.7112225
          1.922        0.004228      -1.1082075
          1.924       0.0069088       -1.376595
          1.926      0.00973438       -1.252975
          1.928       0.0119207       -0.737355
           1.93       0.0126838         -0.0942
          1.932       0.0122975         0.26675
          1.934       0.0116168        0.392075
          1.936       0.0107292       0.4735675
          1.938      0.00972253       0.5111975
           1.94      0.00868441       0.6426625
          1.942      0.00715188         0.90613
          1.944      0.00505989       1.0147175
          1.946      0.00309301       0.7810275
          1.948      0.00193578        0.205065
           1.95      0.00227275      -0.4697925
          1.952      0.00381495        -0.86178
          1.954      0.00571987      -1.0067075
          1.956      0.00784178      -1.0787575
          1.958       0.0100349       -1.077955
           1.96       0.0121536       -1.086175
          1.962       0.0143796       -1.164625
          1.964       0.0168121       -1.200475
          1.966       0.0191815        -1.10145
          1.968       0.0212179        -0.86755
           1.97       0.0226517        -0.35575
          1.972       0.0226409        0.407875
          1.974       0.0210202         1.02655
          1.976       0.0185347          1.2727
          1.978       0.0159294          1.1463
           1.98       0.0139495         0.85085
          1.982        0.012526          0.7127
          1.984       0.0110987       0.7126575
          1.986      0.00967537        0.708685
          1.988      0.00826396       0.7007525
           1.99      0.00687236         0.69307
          1.992      0.00549168       0.6905175
          1.994      0.00411029         0.68992
          1.996        0.002732       0.6874125
          1.998      0.00136064           0.683
              2               0         0.34016
          2.002               0               0
          2.004               0               0
          2.006               0               0
          2.008               0               0
           2.01               0               0
          2.012               0               0
          2.014               0               0
          2.016               0               0
          2.018               0               0
           2.02               0               0
          2.022               0               0
          2.024               0               0
          2.026               0               0
          2.028               0               0
           2.03               0               0
          2.032               0               0
          2.034               0               0
          2.036               0               0
          2.038               0               0
           2.04               0               0
          2.042               0               0
          2.044               0               0
          2.046               0               0
          2.048               0               0
           2.05               0               0
          2.052               0               0
          2.054               0               0
          2.056               0               0
          2.058               0               0
           2.06               0               0
          2.062               0               0
          2.064               0               0
          2.066               0               0
          2.068               0               0
           2.07               0               0
          2.072               0               0
          2.074               0               0
          2.076               0               0
          2.078               0               0
           2.08               0               0
          2.082               0               0
          2.084               0               0
          2.086               0               0
          2.088               0               0
           2.09               0               0
          2.092               0               0
          2.094               0               0
          2.096               0               0
          2.098               0               0
            2.1               0               0
          2.102               0               0
          2.104               0               0
          2.106               0               0
          2.108               0               0
           2.11               0               0
          2.112               0               0
          2.114               0               0
          2.116               0               0
          2.118               0               0
           2.12               0               0
          2.122               0               0
          2.124               0               0
          2.126               0               0
          2.128               0               0
           2.13               0               0
          2.132               0               0
          2.134               0               0
          2.136               0               0
          2.138               0               0
           2.14               0               0
          2.142               0               0
          2.144               0               0
          2.146               0               0
          2.148               0               0
           2.15               0               0
          2.152               0               0
          2.154               0               0
          2.156               0               0
          2.158               0               0
           2.16               0               0
          2.162               0               0
          2.164               0               0
          2.166               0               0
          2.168               0               0
           2.17               0               0
          2.172               0               0
          2.174               0               0
          2.176               0               0
          2.178               0               0
           2.18               0               0
          2.182               0               0
          2.184               0               0
          2.186               0               0
          2.188               0               0
           2.19               0               0
          2.192               0               0
          2.194               0               0
          2.196               0               0
          2.198               0               0
            2.2               0               0
          2.202               0               0
          2.204               0               0
          2.206               0               0
          2.208               0               0
           2.21               0               0
          2.212               0               0
          2.214               0               0
          2.216               0               0
          2.218               0               0
           2.22               0               0
          2.222               0               0
          2.224               0               0
          2.226               0               0
          2.228               0               0
           2.23               0               0
          2.232               0               0
          2.234               0               0
          2.236               0               0
          2.238               0               0
           2.24               0               0
          2.242               0               0
          2.244               0               0
          2.246               0               0
          2.248               0               0
           2.25               0               0
          2.252               0               0
          2.254               0               0
          2.256               0               0
          2.258               0               0
           2.26               0               0
          2.262               0               0
          2.264               0               0
          2.266               0               0
          2.268               0               0
           2.27               0               0
          2.272               0               0
          2.274               0               0
          2.276               0               0
          2.278               0               0
           2.28               0               0
          2.282               0               0
          2.284               0               0
          2.286               0               0
          2.288               0               0
           2.29               0               0
          2.292               0               0
          2.294               0               0
          2.296               0               0
          2.298               0               0
            2.3               0               0
          2.302               0               0
          2.304               0               0
          2.306               0               0
          2.308               0               0
           2.31               0               0
          2.312               0               0
          2.314               0               0
          2.316               0               0
          2.318               0               0
           2.32               0               0
          2.322               0               0
          2.324               0               0
          2.326               0               0
          2.328               0               0
           2.33               0               0
          2.332               0               0
          2.334               0               0
          2.336               0               0
          2.338               0               0
           2.34               0               0
          2.342               0               0
          2.344               0               0
          2.346               0               0
          2.348               0               0
           2.35               0               0
          2.352               0               0
          2.354               0               0
          2.356               0               0
          2.358               0               0
           2.36               0               0
          2.362               0               0
          2.364               0               0
          2.366               0               0
          2.368               0               0
           2.37               0               0
          2.372               0               0
          2.374               0               0
          2.376               0               0
          2.378               0               0
           2.38               0               0
          2.382               0               0
          2.384               0               0
          2.386               0               0
          2.388               0               0
           2.39               0               0
          2.392               0               0
          2.394               0               0
          2.396               0               0
          2.398               0               0
            2.4               0               0
          2.402               0               0
          2.404               0               0
          2.406               0               0
          2.408               0               0
           2.41               0               0
          2.412               0               0
          2.414               0               0
          2.416               0               0
          2.418               0               0
           2.42               0               0
          2.422               0               0
          2.424               0               0
          2.426               0               0
          2.428               0               0
           2.43               0               0
          2.432               0               0
          2.434               0               0
          2.436               0               0
          2.438               0               0
           2.44               0               0
          2.442               0               0
          2.444               0               0
          2.446               0               0
          2.448               0               0
           2.45               0               0
          2.452               0               0
          2.454               0               0
          2.456               0               0
          2.458               0               0
           2.46               0               0
          2.462               0               0
          2.464               0               0
          2.466               0               0
          2.468               0               0
           2.47               0               0
          2.472               0               0
          2.474               0               0
          2.476               0               0
          2.478               0               0
           2.48               0               0
          2.482               0               0
          2.484               0               0
          2.486               0               0
          2.488               0               0
           2.49               0               0
          2.492               0               0
          2.494               0               0
          2.496               0               0
          2.498               0               0
            2.5               0               0
          2.502               0               0
          2.504               0               0
          2.506               0               0
          2.508               0               0
           2.51               0               0
          2.512               0               0
          2.514               0               0
          2.516               0               0
          2.518               0               0
           2.52               0               0
          2.522               0               0
          2.524               0               0
          2.526               0               0
          2.528               0               0
           2.53               0               0
          2.532               0               0
          2.534               0               0
          2.536               0               0
          2.538               0               0
           2.54               0               0
          2.542               0               0
          2.544               0               0
          2.546               0               0
          2.548               0               0
           2.55               0               0
          2.552               0               0
          2.554               0               0
          2.556               0               0
          2.558               0               0
           2.56               0               0
          2.562               0               0
          2.564               0               0
          2.566               0               0
          2.568               0               0
           2.57               0               0
          2.572               0               0
          2.574               0               0
          2.576               0               0
          2.578               0               0
           2.58               0               0
          2.582               0               0
          2.584               0               0
          2.586               0               0
          2.588               0               0
           2.59               0               0
          2.592               0               0
          2.594               0               0
          2.596               0               0
          2.598               0               0
            2.6               0               0
          2.602               0               0
          2.604               0               0
          2.606               0               0
          2.608               0               0
           2.61               0               0
          2.612               0               0
          2.614               0               0
          2.616               0               0
          2.618               0               0
           2.62               0               0
          2.622               0               0
          2.624               0               0
          2.626               0               0
          2.628               0               0
           2.63               0               0
          2.632               0               0
          2.634               0               0
          2.636               0               0
          2.638               0               0
           2.64               0               0
          2.642               0               0
          2.644               0               0
          2.646               0               0
          2.648               0               0
           2.65               0               0
          2.652               0               0
          2.654               0               0
          2.656               0               0
          2.658               0               0
           2.66               0               0
          2.662               0               0
          2.664               0               0
          2.666               0               0
          2.668               0               0
           2.67               0               0
          2.672               0               0
          2.674               0               0
          2.676               0               0
          2.678               0               0
           2.68               0               0
          2.682               0               0
          2.684               0               0
          2.686               0               0
          2.688               0               0
           2.69               0               0
          2.692               0               0
          2.694               0               0
          2.696               0               0
          2.698               0               0
            2.7               0               0
          2.702               0               0
          2.704               0               0
          2.706               0               0
          2.708               0               0
           2.71               0               0
          2.712               0               0
          2.714               0               0
          2.716               0               0
          2.718               0               0
           2.72               0               0
          2.722               0               0
          2.724               0               0
          2.726               0               0
          2.728               0               0
           2.73               0               0
          2.732               0               0
          2.734               0               0
          2.736               0               0
          2.738               0               0
           2.74               0               0
          2.742               0               0
          2.744               0               0
          2.746               0               0
          2.748               0               0
           2.75               0               0
          2.752               0               0
          2.754               0               0
          2.756               0               0
          2.758               0               0
           2.76               0               0
          2.762               0               0
          2.764               0               0
          2.766               0               0
          2.768               0               0
           2.77               0               0
          2.772               0               0
          2.774               0               0
          2.776               0               0
          2.778               0               0
           2.78               0               0
          2.782               0               0
          2.784               0               0
          2.786               0               0
          2.788               0               0
           2.79               0               0
          2.792               0               0
          2.794               0               0
          2.796               0               0
          2.798               0               0
            2.8               0               0
          2.802               0               0
          2.804               0               0
          2.806               0               0
          2.808               0               0
           2.81               0               0
          2.812               0               0
          2.814               0               0
          2.816               0               0
          2.818               0               0
           2.82               0               0
          2.822               0               0
          2.824               0               0
          2.826               0               0
          2.828               0               0
           2.83               0               0
          2.832               0               0
          2.834               0               0
          2.836               0               0
          2.838               0               0
           2.84               0               0
          2.842               0               0
          2.844               0               0
          2.846               0               0
          2.848               0               0
           2.85               0               0
          2.852               0               0
          2.854               0               0
          2.856               0               0
          2.858               0               0
           2.86               0               0
          2.862               0               0
          2.864               0               0
          2.866               0               0
          2.868               0               0
           2.87               0               0
          2.872               0               0
          2.874               0               0
          2.876               0               0
          2.878               0               0
           2.88               0               0
          2.882               0               0
          2.884               0               0
          2.886               0               0
          2.888               0               0
           2.89               0               0
          2.892               0               0
          2.894               0               0
          2.896               0               0
          2.898               0               0
            2.9               0               0
          2.902               0               0
          2.904               0               0
          2.906               0               0
          2.908               0               0
           2.91               0               0
          2.912               0               0
          2.914               0               0
          2.916               0               0
          2.918               0               0
           2.92               0               0
          2.922               0               0
          2.924               0               0
          2.926               0               0
          2.928               0               0
           2.93               0               0
          2.932               0               0
          2.934               0               0
          2.936               0               0
          2.938               0               0
           2.94               0               0
          2.942               0               0
          2.944               0               0
          2.946               0               0
          2.948               0               0
           2.95               0               0
          2.952               0               0
          2.954               0               0
          2.956               0               0
          2.958               0               0
           2.96               0               0
          2.962               0               0
          2.964               0               0
          2.966               0               0
          2.968               0               0
           2.97               0               0
          2.972               0               0
          2.974               0               0
          2.976               0               0
          2.978               0               0
           2.98               0               0
          2.982               0               0
          2.984               0               0
          2.986               0               0
          2.988               0               0
           2.99               0               0
          2.992               0               0
          2.994               0               0
          2.996               0               0
          2.998               0               0
              3               0               0
