          0.002       20948.461       465927.07
          0.004       20037.322        445661.9
          0.006       19165.813       426278.16
          0.008        18332.21       407737.49
           0.01       17534.863       390003.24
          0.012       16772.197       373040.32
          0.014       16042.702        356815.2
          0.016       15344.936       341295.77
          0.018       14677.519       326451.35
           0.02       14039.131       312252.58
          0.022       13428.508       298671.38
          0.024       12844.445       285680.88
          0.026       12285.785       273255.39
          0.028       11751.423       261370.34
           0.03       11240.304       250002.22
          0.032       10751.415       239128.55
          0.034       10283.789       228727.83
          0.036       9836.5033       218779.47
          0.038       9408.6715       209263.81
           0.04        8999.448       200162.03
          0.042       8608.0234       191456.13
          0.044       8233.6235       183128.88
          0.046       7875.5079       175163.82
          0.048       7532.9682       167545.19
           0.05       7205.3271       160257.93
          0.052       6891.9365       153287.63
          0.054       6592.1766       146620.49
          0.056       6305.4546       140243.33
          0.058       6031.2033       134143.55
           0.06       5768.8804       128309.07
          0.062        5517.967       122728.36
          0.064       5277.9669       117390.38
          0.066       5048.4055       112284.56
          0.068       4828.8287       107400.83
           0.07       4618.8022        102729.5
          0.072       4417.9107       98261.357
          0.074       4225.7568       93987.549
          0.076       4041.9605       89899.627
          0.078       3866.1583       85989.506
           0.08       3698.0024       82249.454
          0.082       3537.1604       78672.072
          0.084       3383.3142       75250.286
          0.086       3236.1593       71977.328
          0.088       3095.4048       68846.725
           0.09       2960.7724       65852.285
          0.092       2831.9957       62988.087
          0.094       2708.8201       60248.465
          0.096       2591.0018           57628
          0.098        2478.308       55121.511
            0.1       2370.5158        52724.04
          0.102       2267.4119       50430.845
          0.104       2168.7924       48237.391
          0.106       2074.4623        46139.34
          0.108       1984.2351       44132.542
           0.11       1897.9322       42213.029
          0.112       1815.3829       40377.003
          0.114       1736.4241       38620.834
          0.116       1660.8996       36941.048
          0.118         1588.66       35334.323
           0.12       1519.5623       33797.482
          0.122         1453.47       32327.484
          0.124       1390.2524       30921.423
          0.126       1329.7843       29576.518
          0.128       1271.9463       28290.108
           0.13       1216.6239        27059.65
          0.132       1163.7077        25882.71
          0.134       1113.0931       24756.959
          0.136       1064.6799       23680.173
          0.138       1018.3724       22650.221
           0.14       974.07899       21665.065
          0.142       931.71211       20722.759
          0.144       891.18795       19821.437
          0.146       852.42636       18959.318
          0.148       815.35068       18134.695
           0.15       779.88758        17345.94
          0.152       745.96692        16591.49
          0.154       713.52162       15869.855
          0.156        682.4875       15179.607
          0.158       652.80319       14519.381
           0.16       624.40998       13887.871
          0.162       597.25171       13283.828
          0.164       571.27467       12706.057
          0.166       546.42748       12153.416
          0.168         522.661       11624.812
           0.17       499.92823       11119.199
          0.172       478.18421       10635.577
          0.174       457.38593        10172.99
          0.176       437.49225       9730.5232
          0.178       418.46383       9307.3009
           0.18       400.26304       8902.4865
          0.182       382.85389       8515.2791
          0.184       366.20193       8144.9131
          0.186       350.27423       7790.6559
          0.188        335.0393       7451.8068
           0.19       320.46701       7127.6957
          0.192       306.52852       6817.6817
          0.194       293.19628       6521.1514
          0.196       280.44392       6237.5186
          0.198       268.24621       5966.2221
            0.2       256.57903       5706.7255
          0.202        245.4193       5458.5155
          0.204       234.74497       5221.1012
          0.206        224.5349       4994.0131
          0.208       214.76891       4776.8021
           0.21       205.42769       4569.0385
          0.212       196.49276       4370.3114
          0.214       187.94645       4180.2278
          0.216       179.77185       3998.4117
          0.218        171.9528       3824.5036
           0.22       164.47383       3658.1596
          0.222       157.32016       3499.0505
          0.224       150.47763       3346.8618
          0.226       143.93271       3201.2924
          0.228       137.67246       3062.0544
           0.23        131.6845       2928.8725
          0.232       125.95697       2801.4833
          0.234       120.47856       2679.6348
          0.236       115.23843        2563.086
          0.238       110.22622       2451.6064
           0.24       105.43201       2344.9755
          0.242       100.84632       2242.9824
          0.244       96.460078       2145.4255
          0.246       92.264615       2052.1117
          0.248       88.251631       1962.8566
           0.25       84.413189       1877.4835
          0.252       80.741697       1795.8237
          0.254       77.229894       1717.7156
          0.256       73.870834       1643.0048
          0.258       70.657875       1571.5435
           0.26        67.58466       1503.1903
          0.262       64.645113       1437.8101
          0.264        61.83342       1375.2736
          0.266       59.144019        1315.457
          0.268       56.571592       1258.2421
           0.27       54.111051       1203.5158
          0.272       51.757529       1151.1697
          0.274       49.506372       1101.1004
          0.276       47.353127       1053.2088
          0.278       45.293536       1007.4003
           0.28       43.323526        963.5841
          0.282         41.4392       995.33152
          0.284         39.3422        1025.325
          0.286         37.3379           968.5
          0.288         35.4682         890.625
           0.29         33.7754         810.675
          0.292         32.2255         761.525
          0.294         30.7293         745.125
          0.296          29.245         749.525
          0.298         27.7312          774.65
            0.3         26.1464          842.35
          0.302         24.3618         941.575
          0.304         22.3801        1001.125
          0.306         20.3573           982.7
          0.308         18.4493           886.3
           0.31         16.8121         741.425
          0.312         15.4836           607.9
          0.314         14.3805           501.6
          0.316         13.4772           408.1
          0.318         12.7481         327.425
           0.32         12.1675         273.575
          0.322         11.6538          255.95
          0.324         11.1437           253.7
          0.326          10.639         250.575
          0.328         10.1414        246.5725
           0.33         9.65271          244.64
          0.332         9.16284        246.1225
          0.334         8.66822        245.5725
          0.336         8.18055         239.165
          0.338         7.71156        226.8975
           0.34         7.27296        206.3275
          0.342         6.88625         179.575
          0.344         6.55466        155.9575
          0.346         6.26242        140.2275
          0.348         5.99375          132.38
           0.35          5.7329         130.535
          0.352         5.47161         130.035
          0.354         5.21276        128.5975
          0.356         4.95722         126.715
          0.358          4.7059        124.3875
           0.36         4.45967         123.495
          0.362         4.21192        124.1525
          0.364         3.96306        121.8275
          0.366         3.72461         113.745
          0.368         3.50808          99.915
           0.37         3.32495           85.38
          0.372         3.16656           77.47
          0.374         3.01507         74.5875
          0.376         2.86821           72.84
          0.378         2.72371           72.22
           0.38         2.57933          72.825
          0.382         2.43241           73.83
          0.384         2.28401           73.75
          0.386         2.13741          72.035
          0.388         1.99587         68.6825
           0.39         1.86268         63.7775
          0.392         1.74076         58.5375
          0.394         1.62853           54.56
          0.396         1.52252          52.325
          0.398         1.41923         51.8325
            0.4         1.31519           52.36
          0.402         1.20979            52.5
          0.404         1.10519           51.95
          0.406         1.00199         51.0875
          0.408         0.90084          49.909
           0.41        0.802354           47.86
          0.412          0.7094         44.4605
          0.414        0.624512         40.3965
          0.416        0.547814        36.26975
          0.418        0.479433        32.07975
           0.42        0.419495         28.6625
          0.422        0.364783         26.9045
          0.424        0.311877          26.045
          0.426        0.260603        25.27325
          0.428        0.210784           24.59
           0.43        0.162243        24.12975
          0.432        0.114265         23.9057
          0.434       0.0666202       23.599375
          0.436       0.0198675       23.014125
          0.438      -0.0254363       22.150325
           0.44      -0.0687338       20.933425
          0.442        -0.10917        19.36905
          0.444        -0.14621        17.65225
          0.446       -0.179779        15.89825
          0.448       -0.209803        14.10675
           0.45       -0.236206          12.463
          0.452       -0.259655        11.33675
          0.454       -0.281553        10.82025
          0.456       -0.302936         10.8215
          0.458       -0.324839           11.34
           0.46       -0.348296          12.201
          0.462       -0.373643        12.91025
          0.464       -0.399937        13.16325
          0.466       -0.426296         12.9755
          0.468       -0.451839         12.3475
           0.47       -0.475686        11.51275
          0.472        -0.49789          10.886
          0.474        -0.51923         10.5035
          0.476       -0.539904        10.22025
          0.478       -0.560111        10.03675
           0.48       -0.580051          9.8875
          0.482       -0.599661         9.68825
          0.484       -0.618804         9.47675
          0.486       -0.637568            9.31
          0.488       -0.656044         9.18775
           0.49       -0.674319         8.94475
          0.492       -0.691823         8.37425
          0.494       -0.707816         7.57775
          0.496       -0.722134         6.69975
          0.498       -0.734615         5.74075
            0.5       -0.745097          4.5285
          0.502       -0.752729         2.97275
          0.504       -0.756988           1.368
          0.506       -0.758201         -0.0735
          0.508       -0.756694          -1.352
           0.51       -0.752793        -2.29525
          0.512       -0.747513          -2.778
          0.514       -0.741681        -3.04375
          0.516       -0.735338        -3.28775
          0.518        -0.72853           -3.51
           0.52       -0.721298        -3.50675
          0.522       -0.714503        -3.30975
          0.524       -0.708059         -3.4765
          0.526       -0.700597        -4.32775
          0.528       -0.690748          -5.864
           0.53       -0.677141        -7.65575
          0.532       -0.660125          -8.908
          0.534       -0.641509        -9.50275
          0.536       -0.622114        -9.68575
          0.538       -0.602766          -9.457
           0.54       -0.584286          -9.076
          0.542       -0.566462        -8.91875
          0.544       -0.548611        -8.90175
          0.546       -0.530855        -8.82375
          0.548       -0.513316          -8.685
           0.55       -0.496115        -8.50025
          0.552       -0.479315          -8.301
          0.554       -0.462911        -8.09925
          0.556       -0.446918         -7.8895
          0.558       -0.431353         -7.6715
           0.56       -0.416232         -7.4485
          0.562       -0.401559        -7.26125
          0.564       -0.387187        -7.16425
          0.566       -0.372902         -7.1735
          0.568       -0.358493          -7.289
           0.57       -0.343746        -7.44975
          0.572       -0.328694        -7.54775
          0.574       -0.313555         -7.5765
          0.576       -0.298388        -7.57475
          0.578       -0.283256          -7.542
           0.58        -0.26822        -7.48475
          0.582       -0.253317        -7.42425
          0.584       -0.238523         -7.3775
          0.586       -0.223807        -7.34675
          0.588       -0.209136        -7.33225
           0.59       -0.194478         -7.2275
          0.592       -0.180226        -6.97875
          0.594       -0.166563         -6.7715
          0.596        -0.15314         -6.7385
          0.598       -0.139609        -6.87975
            0.6       -0.125621        -7.51675
          0.602       -0.109542       -8.631975
          0.604      -0.0910931       -9.393675
          0.606      -0.0719673       -9.309275
          0.608       -0.053856        -8.37915
           0.61      -0.0384507        -7.12545
          0.612      -0.0253542        -6.37695
          0.614      -0.0129429      -6.0714275
          0.616     -0.00106849       -5.840025
          0.618       0.0104172      -5.6827225
           0.62       0.0216624        -5.57635
          0.622       0.0327226       -5.475925
          0.624       0.0435661       -5.371975
          0.626       0.0542105         -5.2768
          0.628       0.0646733         -5.1904
           0.63       0.0749721        -4.99035
          0.632       0.0846347        -4.54985
          0.634       0.0931715       -3.984575
          0.636        0.100573       -3.414875
          0.638        0.106831        -2.84075
           0.64        0.111936         -1.7005
          0.642        0.113633         0.15275
          0.644        0.111325         1.53775
          0.646        0.107482          1.6875
          0.648        0.104575         0.60125
           0.65        0.105077         -1.2215
          0.652        0.109461         -2.6465
          0.654        0.115663        -3.22175
          0.656        0.122348        -3.12975
          0.658        0.128182        -2.37025
           0.66        0.131829        -1.37675
          0.662        0.133689        -0.79925
          0.664        0.135026        -0.52725
          0.666        0.135798          -0.234
          0.668        0.135962            0.08
           0.67        0.135478         0.40475
          0.672        0.134343         0.71125
          0.674        0.132633         0.97925
          0.676        0.130426         1.20825
          0.678          0.1278         1.39825
           0.68        0.124833         1.90925
          0.682        0.120163            2.87
          0.684        0.113353         3.57425
          0.686        0.105866        3.546775
          0.688       0.0991659        2.787025
           0.69       0.0947179         1.09295
          0.692       0.0947941        -1.03005
          0.694       0.0988381       -2.318975
          0.696         0.10407       -2.218225
          0.698        0.107711        -0.72775
            0.7        0.106981          1.1625
          0.702        0.103061         1.98745
          0.704       0.0990312         2.02535
          0.706       0.0949596         2.02895
          0.708       0.0909154        1.998125
           0.71       0.0869671          1.9424
          0.712       0.0831458        1.892025
          0.714        0.079399        1.869025
          0.716       0.0756697        1.874425
          0.718       0.0719013        1.908225
           0.72       0.0680368         2.46975
          0.722       0.0620223          3.7558
          0.724       0.0530136        4.813225
          0.726       0.0427694          4.9914
          0.728        0.033048         4.29035
           0.73        0.025608        2.765725
          0.732       0.0219851        1.087875
          0.734       0.0212565        0.122975
          0.736       0.0214932          0.1226
          0.738       0.0207661        1.086725
           0.74       0.0171463       2.6940825
          0.742      0.00998977       4.0800487
          0.744     0.000826105         4.75073
          0.746     -0.00901315       4.7556512
          0.748      -0.0181965       4.0948375
           0.75      -0.0253925         3.21985
          0.752      -0.0310759        2.723725
          0.754      -0.0362874          2.3672
          0.756      -0.0405447        1.769425
          0.758      -0.0433651        0.930375
           0.76      -0.0442662         0.04915
          0.762      -0.0435617       -0.519725
          0.764      -0.0421873        -0.74195
          0.766      -0.0405939       -0.738825
          0.768       -0.039232       -0.510375
           0.77      -0.0385524       -0.220375
          0.772      -0.0383505         -0.0974
          0.774      -0.0381628       -0.074675
          0.776      -0.0380518       -0.020725
          0.778      -0.0380799        0.064475
           0.78      -0.0383097          0.2013
          0.782      -0.0388851          0.3597
          0.784      -0.0397485         0.44365
          0.786      -0.0406597          0.4075
          0.788      -0.0413785        0.251275
           0.79      -0.0416648         0.04475
          0.792      -0.0415575         -0.0877
          0.794       -0.041314       -0.133775
          0.796      -0.0410224         -0.1358
          0.798      -0.0407708       -0.093825
            0.8      -0.0406471       -0.035975
          0.802      -0.0406269          -0.006
          0.804      -0.0406231        0.000775
          0.806        -0.04063        0.004625
          0.808      -0.0406416         0.00555
           0.81      -0.0406522        0.155675
          0.812      -0.0412643         0.46455
          0.814      -0.0425104        0.566475
          0.816      -0.0435302          0.2382
          0.818      -0.0434632       -0.520325
           0.82      -0.0414489       -1.401325
          0.822      -0.0378579       -1.917825
          0.824      -0.0337776       -2.108875
          0.826      -0.0294224         -2.1927
          0.828      -0.0250068         -2.1693
           0.83      -0.0207452       -2.094475
          0.832      -0.0166289         -2.0583
          0.834       -0.012512        -2.05652
          0.836     -0.00840282        -2.05057
          0.838     -0.00430972       -2.040434
           0.84    -0.000241084       -1.901535
          0.842      0.00329642       -1.546326
          0.844      0.00594422      -1.1549275
          0.846      0.00791613        -0.87042
          0.848       0.0094259      -0.6927925
           0.85       0.0106873        -0.54925
          0.852       0.0116229       -0.369425
          0.854        0.012165       -0.229875
          0.856       0.0125424         -0.2047
          0.858       0.0129838       -0.293875
           0.86       0.0137179       -0.601075
          0.862       0.0153881       -1.054925
          0.864       0.0179376        -1.28935
          0.866       0.0205455        -1.11325
          0.868       0.0223906       -0.526575
           0.87       0.0226518        0.253975
          0.872       0.0213747        0.814125
          0.874       0.0193953        1.074075
          0.876       0.0170784        1.151725
          0.878       0.0147884        1.047125
           0.88       0.0128899        0.797125
          0.882       0.0115999        0.564575
          0.884       0.0106316       0.5015825
          0.886      0.00959357       0.6342775
          0.888      0.00809449        0.962645
           0.89      0.00574299       1.3192325
          0.892      0.00281756       1.4695785
          0.894    -0.000135324         1.48065
          0.896     -0.00310504        1.486409
          0.898     -0.00608096        1.486855
            0.9     -0.00905246        1.489985
          0.902      -0.0120409        1.500435
          0.904      -0.0150542        1.505225
          0.906      -0.0180618        1.494775
          0.908      -0.0210333         1.46905
           0.91       -0.023938          1.2019
          0.912      -0.0258409           0.587
          0.914       -0.026286        0.030025
          0.916       -0.025961        -0.18305
          0.918      -0.0255538        -0.05225
           0.92       -0.025752          0.2373
          0.922       -0.026503          0.3817
          0.924      -0.0272788        0.387875
          0.926      -0.0280545        0.381575
          0.928      -0.0288051        0.362825
           0.93      -0.0295058        0.334925
          0.932      -0.0301448         0.30925
          0.934      -0.0307428        0.294775
          0.936      -0.0313239        0.292275
          0.938      -0.0319119         0.30175
           0.94      -0.0325309          0.3507
          0.942      -0.0333147        0.439925
          0.944      -0.0342906          0.5019
          0.946      -0.0353223         0.49575
          0.948      -0.0362736        0.421475
           0.95      -0.0370082        0.289475
          0.952      -0.0374315         0.13865
          0.954      -0.0375628        0.001575
          0.956      -0.0374378        -0.11775
          0.958      -0.0370918        -0.21935
           0.96      -0.0365604       -0.296925
          0.962      -0.0359041        -0.34395
          0.964      -0.0351846       -0.366325
          0.966      -0.0344388        -0.37025
          0.968      -0.0337036       -0.355675
           0.97      -0.0330161        -0.32715
          0.972       -0.032395         -0.2967
          0.974      -0.0318293       -0.271125
          0.976      -0.0313105         -0.2497
          0.978      -0.0308305         -0.2324
           0.98      -0.0303809         -0.1644
          0.982      -0.0301729          0.0158
          0.984      -0.0304441        0.263425
          0.986      -0.0312266           0.527
          0.988      -0.0325521        0.806475
           0.99      -0.0344525        1.143225
          0.992       -0.037125           1.512
          0.994      -0.0405005        1.771625
          0.996      -0.0442115        1.847525
          0.998      -0.0478906        1.739775
              1      -0.0511706        1.563725
          1.002      -0.0541455        1.455525
          1.004      -0.0569927        1.330975
          1.006      -0.0594694         1.08505
          1.008      -0.0613329        0.717775
           1.01      -0.0623405        0.052775
          1.012       -0.061544       -0.872625
          1.014        -0.05885        -1.56145
          1.016      -0.0552982       -1.730475
          1.018      -0.0519281       -1.379725
           1.02      -0.0497793       -0.831125
          1.022      -0.0486036         -0.5536
          1.024      -0.0475649       -0.445775
          1.026      -0.0468205       -0.259225
          1.028       -0.046528          0.0061
           1.03      -0.0468449         0.37305
          1.032      -0.0480202         0.75865
          1.034      -0.0498795        0.981075
          1.036      -0.0519445          0.9643
          1.038      -0.0537367         0.70835
           1.04      -0.0547779         0.34615
          1.042      -0.0551213        0.115325
          1.044      -0.0552392         0.04015
          1.046      -0.0552819        0.040125
          1.048      -0.0553997        0.115275
           1.05       -0.055743          0.2742
          1.052      -0.0564965        0.454475
          1.054      -0.0575609        0.540925
          1.056      -0.0586602         0.48935
          1.058      -0.0595183          0.2997
           1.06       -0.059859         0.02425
          1.062      -0.0596153       -0.209175
          1.064      -0.0590223        -0.33965
          1.066      -0.0582567         -0.3817
          1.068      -0.0574955        -0.33535
           1.07      -0.0569153       -0.243975
          1.072      -0.0565196       -0.175175
          1.074      -0.0562146         -0.1219
          1.076       -0.056032         -0.0528
          1.078      -0.0560034         0.03205
           1.08      -0.0561602         0.34475
          1.082      -0.0573824         0.95585
          1.084      -0.0599836          1.4411
          1.086      -0.0631468        1.517825
          1.088      -0.0660549         1.18595
           1.09      -0.0678906        0.593575
          1.092      -0.0684292        0.102075
          1.094      -0.0682989       -0.116775
          1.096      -0.0679621       -0.104475
          1.098       -0.067881        0.139025
            1.1      -0.0685182        0.539825
          1.102      -0.0700403        0.888125
          1.104      -0.0720707           1.054
          1.106      -0.0742563        1.043375
          1.108      -0.0762442        0.856275
           1.11      -0.0776814          0.5923
          1.112      -0.0786134         0.40345
          1.114      -0.0792952          0.2687
          1.116      -0.0796882        0.114625
          1.118      -0.0797537        -0.05885
           1.12      -0.0794528        -0.29605
          1.122      -0.0785695       -0.570325
          1.124      -0.0771715       -0.731025
          1.126      -0.0756454         -0.6984
          1.128      -0.0743779       -0.472425
           1.13      -0.0737557         -0.1915
          1.132      -0.0736119        -0.05785
          1.134      -0.0735243        -0.02875
          1.136      -0.0734969         0.00225
          1.138      -0.0735333        0.035175
           1.14      -0.0736376        0.074525
          1.142      -0.0738314          0.1136
          1.144       -0.074092        0.131475
          1.146      -0.0743573         0.11825
          1.148       -0.074565         0.07385
           1.15      -0.0746527       -0.002925
          1.152      -0.0745533       -0.088275
          1.154      -0.0742996       -0.143325
          1.156        -0.07398       -0.154175
          1.158      -0.0736829        -0.12085
           1.16      -0.0734966       -0.061425
          1.162      -0.0734372       -0.011925
          1.164      -0.0734489        0.018825
          1.166      -0.0735125            0.04
          1.168      -0.0736089          0.0516
           1.17      -0.0737189         0.11345
          1.172      -0.0740627        0.251425
          1.174      -0.0747246        0.354525
          1.176      -0.0754808        0.345825
          1.178      -0.0761079        0.225325
           1.18      -0.0763821         -0.0238
          1.182      -0.0760127       -0.345825
          1.184      -0.0749988         -0.6154
          1.186      -0.0735511       -0.779525
          1.188      -0.0718807       -0.838175
           1.19      -0.0701984       -0.939375
          1.192      -0.0681232        -1.19325
          1.194      -0.0654254          -1.395
          1.196      -0.0625432        -1.37775
          1.198      -0.0599144        -1.14155
            1.2       -0.057977         -0.4923
          1.202      -0.0579452         0.47945
          1.204      -0.0598948        1.152675
          1.206      -0.0625559           1.191
          1.208      -0.0646588         0.59445
           1.21      -0.0649337        -0.34145
          1.212       -0.063293        -1.01375
          1.214      -0.0608787       -1.256975
          1.216      -0.0582651       -1.213075
          1.218      -0.0560264       -0.882025
           1.22       -0.054737       -0.463425
          1.222      -0.0541727       -0.261875
          1.224      -0.0536895       -0.235075
          1.226      -0.0532324       -0.235825
          1.228      -0.0527462       -0.264125
           1.23      -0.0521759        -0.32485
          1.232      -0.0514468         -0.3967
          1.234      -0.0505891       -0.435375
          1.236      -0.0497053         -0.4228
          1.238      -0.0488979          -0.359
           1.24      -0.0482693         -0.0704
          1.242      -0.0486163        0.469675
          1.244       -0.050148         0.86735
          1.246      -0.0520857        0.875625
          1.248      -0.0536505          0.4945
           1.25      -0.0540637        -0.00735
          1.252      -0.0536211       -0.228325
          1.254      -0.0531504       -0.237775
          1.256        -0.05267       -0.237975
          1.258      -0.0521985        -0.22885
           1.26      -0.0517546        -0.21555
          1.262      -0.0513363         -0.2072
          1.264      -0.0509258       -0.204625
          1.266      -0.0505178       -0.204675
          1.268      -0.0501071         -0.2074
           1.27      -0.0496882         -0.2438
          1.272      -0.0491319       -0.333475
          1.274      -0.0483543       -0.428475
          1.276       -0.047418       -0.492125
          1.278      -0.0463858       -0.524425
           1.28      -0.0453203          -0.765
          1.282      -0.0433258          -1.316
          1.284      -0.0400563       -1.731925
          1.286      -0.0363981       -1.704625
          1.288      -0.0332378       -1.234025
           1.29       -0.031462        -0.38575
          1.292      -0.0316948         0.48215
          1.294      -0.0333906         0.99635
          1.296      -0.0356802        1.076025
          1.298      -0.0376947        0.721275
            1.3      -0.0385653        0.114025
          1.302      -0.0381508         -0.3482
          1.304      -0.0371725       -0.523975
          1.306      -0.0360549       -0.487475
          1.308      -0.0352226       -0.238725
           1.31         -0.0351         0.19015
          1.312      -0.0359832         0.61985
          1.314      -0.0375794         0.86165
          1.316      -0.0394298         0.87405
          1.318      -0.0410756           0.657
           1.32      -0.0420578        0.235675
          1.322      -0.0420183       -0.210125
          1.324      -0.0412173         -0.4737
          1.326      -0.0401235       -0.502875
          1.328      -0.0392058       -0.297625
           1.33       -0.038933        0.245925
          1.332      -0.0401895          0.9802
          1.334      -0.0428538        1.424125
          1.336       -0.045886        1.348125
          1.338      -0.0482463          0.7522
           1.34      -0.0488948        -0.19975
          1.342      -0.0474473        -1.03655
          1.344      -0.0447486       -1.461325
          1.346       -0.041602         -1.4845
          1.348      -0.0388106       -1.106025
           1.35      -0.0371779       -0.552675
          1.352      -0.0365999       -0.223025
          1.354      -0.0362858       -0.147825
          1.356      -0.0360086        -0.18615
          1.358      -0.0355412       -0.338025
           1.36      -0.0346565       -0.513775
          1.362      -0.0334861        -0.59145
          1.364      -0.0322907       -0.612375
          1.366      -0.0310366        -0.65005
          1.368      -0.0296905       -0.704475
           1.37      -0.0282187       -0.763475
          1.372      -0.0266366       -0.803575
          1.374      -0.0250044       -0.820275
          1.376      -0.0233555         -0.8203
          1.378      -0.0217232        -0.80365
           1.38      -0.0201409         -0.7735
          1.382      -0.0186292       -0.740125
          1.384      -0.0171804        -0.71095
          1.386      -0.0157854       -0.686275
          1.388      -0.0144353       -0.666125
           1.39      -0.0131209         -0.5831
          1.392      -0.0121029         -0.4103
          1.394      -0.0114797          -0.276
          1.396      -0.0109989         -0.2678
          1.398      -0.0104085       -0.385675
            1.4      -0.0094562      -0.6167125
          1.402     -0.00794165       -0.864655
          1.404     -0.00599758      -1.0175825
          1.406     -0.00387132        -1.04684
          1.408     -0.00181022     -0.95242878
           1.41    -6.16049e-05      -0.7042775
          1.412      0.00100689     -0.39651372
          1.414      0.00152445      -0.2455175
          1.416      0.00198896      -0.3434625
          1.418       0.0028983      -0.6903475
           1.42      0.00475035       -1.102255
          1.422      0.00730732      -1.3040575
          1.424      0.00996658       -1.342845
          1.426       0.0126787        -1.35698
          1.428       0.0153945         -1.3464
           1.43       0.0180643       -1.323975
          1.432       0.0206904        -1.30835
          1.434       0.0232977       -1.295225
          1.436       0.0258713        -1.27465
          1.438       0.0283963       -1.246625
           1.44       0.0308578        -0.82115
          1.442       0.0316809        0.171125
          1.444       0.0301733          1.0092
          1.446       0.0276441          1.1927
          1.448       0.0254025        0.721675
           1.45       0.0247574       -0.158125
          1.452        0.026035       -0.861975
          1.454       0.0282053       -1.127075
          1.456       0.0305433        -1.02965
          1.458       0.0323239        -0.56975
           1.46       0.0328223        -0.02355
          1.462       0.0324181         0.21395
          1.464       0.0319665        0.240775
          1.466        0.031455        0.273825
          1.468       0.0308712        0.313025
           1.47       0.0302029         0.34605
          1.472        0.029487        0.358525
          1.474       0.0287688        0.359825
          1.476       0.0280477        0.361375
          1.478       0.0273233        0.363175
           1.48        0.026595        0.382775
          1.482       0.0257922        0.422825
          1.484       0.0249037        0.443625
          1.486       0.0240177          0.4202
          1.488       0.0232229        0.352475
           1.49       0.0226078          0.1637
          1.492       0.0225681        -0.15465
          1.494       0.0232264       -0.423275
          1.496       0.0242612        -0.53115
          1.498        0.025351       -0.478275
            1.5       0.0261743        -0.32625
          1.502        0.026656       -0.206875
          1.504       0.0270018       -0.163825
          1.506       0.0273113       -0.170575
          1.508       0.0276841         -0.2271
           1.51       0.0282197        -0.52385
          1.512       0.0297795       -1.095875
          1.514       0.0326032       -1.519525
          1.516       0.0358576       -1.526625
          1.518       0.0387097       -1.117175
           1.52       0.0403263         -0.5162
          1.522       0.0407745       -0.129125
          1.524       0.0408428       -0.001475
          1.526       0.0407804         0.00165
          1.528       0.0408362       -0.119725
           1.53       0.0412593       -0.295425
          1.532       0.0420179          -0.403
          1.534       0.0428713        -0.43425
          1.536       0.0437549         -0.4333
          1.538       0.0446045       -0.400175
           1.54       0.0453556       -0.336625
          1.542        0.045951         -0.2547
          1.544       0.0463744         -0.1678
          1.546       0.0466222       -0.079175
          1.548       0.0466911        0.011125
           1.55       0.0465777         0.27845
          1.552       0.0455773          0.7757
          1.554       0.0434749         1.14385
          1.556       0.0410019         1.14635
          1.558       0.0388895        0.783175
           1.56       0.0378692        0.281725
          1.562       0.0377626       -0.000275
          1.564       0.0378703         -0.0947
          1.566       0.0381414        -0.16365
          1.568       0.0385249        -0.20715
           1.57         0.03897         -0.2762
          1.572       0.0396297       -0.397725
          1.574       0.0405609         -0.4847
          1.576       0.0415685        -0.47415
          1.578       0.0424575       -0.366125
           1.58        0.043033        0.112175
          1.582       0.0420088        0.978875
          1.584       0.0391175        1.579325
          1.586       0.0356915         1.51345
          1.588       0.0330637          0.7812
           1.59       0.0325667       -0.134875
          1.592       0.0336032       -0.526825
          1.594        0.034674       -0.539025
          1.596       0.0357593       -0.541325
          1.598       0.0368393        -0.53375
            1.6       0.0378943         -0.5234
          1.602       0.0389329         -0.5191
          1.604       0.0399707       -0.516025
          1.606        0.040997       -0.507775
          1.608       0.0420018       -0.494375
           1.61       0.0429745       -0.249025
          1.612       0.0429979         0.32205
          1.614       0.0416863        0.792775
          1.616       0.0398268          0.8699
          1.618       0.0382067         0.55345
           1.62        0.037613          0.0823
          1.622       0.0378775           -0.17
          1.624        0.038293       -0.240275
          1.626       0.0388386       -0.300075
          1.628       0.0394933       -0.349425
           1.63       0.0402363       -0.425725
          1.632       0.0411962       -0.540725
          1.634       0.0423992         -0.6184
          1.636       0.0436698       -0.608325
          1.638       0.0448325       -0.510525
           1.64       0.0457119        -0.19945
          1.642       0.0456303         0.30875
          1.644       0.0444769         0.67595
          1.646       0.0429265        0.705775
          1.648       0.0416538         0.39815
           1.65       0.0413339       -0.138325
          1.652       0.0422071       -0.603375
          1.654       0.0437474       -0.818175
          1.656       0.0454798       -0.795475
          1.658       0.0469293       -0.535275
           1.66       0.0476209         -0.1743
          1.662       0.0476265        0.047875
          1.664       0.0474294          0.1138
          1.666       0.0471713        0.108825
          1.668       0.0469941        0.032875
           1.67       0.0470398       -0.088225
          1.672        0.047347        -0.18945
          1.674       0.0477976       -0.237775
          1.676       0.0482981        -0.23935
          1.678        0.048755        -0.19415
           1.68       0.0490747       -0.048375
          1.682       0.0489485        0.183625
          1.684       0.0483402        0.346025
          1.686       0.0475644        0.351075
          1.688       0.0469359          0.1987
           1.69       0.0467696        -0.18415
          1.692       0.0476725       -0.698475
          1.694       0.0495635         -1.0131
          1.696       0.0517249         -0.9689
          1.698       0.0534391        -0.56585
            1.7       0.0539883        -0.06465
          1.702       0.0536977         0.15165
          1.704       0.0533817          0.1604
          1.706       0.0530561        0.161175
          1.708        0.052737         0.15395
           1.71       0.0524403         0.14415
          1.712       0.0521604        0.139275
          1.714       0.0518832        0.137175
          1.716       0.0516117         0.13355
          1.718        0.051349         0.12835
           1.72       0.0510983           0.043
          1.722        0.051177        -0.15385
          1.724       0.0517137        -0.31275
          1.726        0.052428         -0.3315
          1.728       0.0530397        -0.21015
           1.73       0.0532686        -0.01015
          1.732       0.0530803          0.1592
          1.734       0.0526318        0.287725
          1.736       0.0519294          0.4131
          1.738       0.0509794        0.535325
           1.74       0.0497881        0.663325
          1.742       0.0483261          0.7843
          1.744       0.0466509          0.8565
          1.746       0.0449001            0.86
          1.748       0.0432109         0.79485
           1.75       0.0417207        0.717975
          1.752        0.040339         0.68555
          1.754       0.0389785        0.639275
          1.756       0.0377819          0.5217
          1.758       0.0368917        0.332875
           1.76       0.0364504        0.141725
          1.762       0.0363248          0.0465
          1.764       0.0362644          0.0221
          1.766       0.0362364        0.014175
          1.768       0.0362077          0.0228
           1.77       0.0361452        0.037925
          1.772        0.036056         0.04625
          1.774       0.0359602        0.052925
          1.776       0.0358443        0.066375
          1.778       0.0356947        0.086625
           1.78       0.0354978        0.239925
          1.782        0.034735        0.577225
          1.784       0.0331889         0.85935
          1.786       0.0312976        0.922425
          1.788       0.0294992          0.7664
           1.79        0.028232        0.515025
          1.792       0.0274391        0.366675
          1.794       0.0267653        0.309425
          1.796       0.0262014         0.25685
          1.798       0.0257379         0.20895
            1.8       0.0253656         0.12755
          1.802       0.0252277        0.001875
          1.804       0.0253581        -0.08895
          1.806       0.0255835       -0.093125
          1.808       0.0257306        -0.01065
           1.81       0.0256261        0.249925
          1.812       0.0247309         0.65145
          1.814       0.0230203          0.9094
          1.816       0.0210933         0.86795
          1.818       0.0195485         0.52715
           1.82       0.0189847          0.0758
          1.822       0.0192453       -0.186725
          1.824       0.0197316       -0.283625
          1.826       0.0203798       -0.348625
          1.828       0.0211261        -0.38175
           1.83       0.0219068         -0.4391
          1.832       0.0228825         -0.5498
          1.834        0.024106       -0.617175
          1.836       0.0253512       -0.571475
          1.838       0.0263919         -0.4127
           1.84        0.027002       -0.046525
          1.842        0.026578          0.4837
          1.844       0.0250672         0.87695
          1.846       0.0230702          0.9699
          1.848       0.0211876          0.7626
           1.85       0.0200198        0.436925
          1.852       0.0194399          0.2684
          1.854       0.0189462         0.21565
          1.856       0.0185773          0.1436
          1.858       0.0183718         0.05225
           1.86       0.0183683       -0.098425
          1.862       0.0187655         -0.2913
          1.864       0.0195335       -0.400525
          1.866       0.0203676         -0.3574
          1.868       0.0209631       -0.161975
           1.87       0.0210155         0.07795
          1.872       0.0206513          0.2011
          1.874       0.0202111        0.235175
          1.876       0.0197106         0.26135
          1.878       0.0191657          0.2796
           1.88       0.0185922         0.30045
          1.882       0.0179639        0.329025
          1.884       0.0172761        0.346625
          1.886       0.0165774            0.34
          1.888       0.0159161         0.30915
           1.89       0.0153408        0.239475
          1.892       0.0149582        0.129575
          1.894       0.0148225        0.013575
          1.896       0.0149039       -0.087525
          1.898       0.0151726       -0.173675
            1.9       0.0155986       -0.262075
          1.902       0.0162209         -0.3559
          1.904       0.0170222       -0.416975
          1.906       0.0178888         -0.4211
          1.908       0.0187066         -0.3683
           1.91        0.019362         -0.2929
          1.912       0.0198782         -0.2436
          1.914       0.0203364       -0.207575
          1.916       0.0207085         -0.1576
          1.918       0.0209668       -0.093725
           1.92       0.0210834       -0.002375
          1.922       0.0209763          0.1051
          1.924        0.020663          0.1778
          1.926       0.0202651         0.18975
          1.928        0.019904        0.140975
           1.93       0.0197012        0.042975
          1.932       0.0197321         -0.0551
          1.934       0.0199216       -0.108175
          1.936       0.0201648         -0.1089
          1.938       0.0203572         -0.0573
           1.94        0.020394        0.040275
          1.942       0.0201961          0.1544
          1.944       0.0197764        0.256775
          1.946        0.019169        0.342175
          1.948       0.0184077          0.4106
           1.95       0.0175266          0.5446
          1.952       0.0162293         0.77095
          1.954       0.0144428          0.9232
          1.956       0.0125365        0.890825
          1.958       0.0108795       0.6738325
           1.96      0.00984117       0.3934925
          1.962      0.00930553       0.2361025
          1.964      0.00889676        0.177815
          1.966      0.00859427        0.129815
          1.968       0.0083775       0.0921025
           1.97      0.00822586        0.050495
          1.972      0.00817552       0.0014925
          1.974      0.00821989      -0.0246825
          1.976      0.00827425       -0.008505
          1.978      0.00825391       0.0500225
           1.98      0.00807416       0.1374875
          1.982      0.00770396       0.2222925
          1.984      0.00718499       0.2905825
          1.986      0.00654163         0.34669
          1.988      0.00579823       0.3906125
           1.99      0.00497918         0.42265
          1.992      0.00410763       0.4488325
          1.994      0.00318385       0.4774225
          1.996      0.00219794       0.5109725
          1.998      0.00113996        0.549485
              2               0         0.28499
          2.002               0               0
          2.004               0               0
          2.006               0               0
          2.008               0               0
           2.01               0               0
          2.012               0               0
          2.014               0               0
          2.016               0               0
          2.018               0               0
           2.02               0               0
          2.022               0               0
          2.024               0               0
          2.026               0               0
          2.028               0               0
           2.03               0               0
          2.032               0               0
          2.034               0               0
          2.036               0               0
          2.038               0               0
           2.04               0               0
          2.042               0               0
          2.044               0               0
          2.046               0               0
          2.048               0               0
           2.05               0               0
          2.052               0               0
          2.054               0               0
          2.056               0               0
          2.058               0               0
           2.06               0               0
          2.062               0               0
          2.064               0               0
          2.066               0               0
          2.068               0               0
           2.07               0               0
          2.072               0               0
          2.074               0               0
          2.076               0               0
          2.078               0               0
           2.08               0               0
          2.082               0               0
          2.084               0               0
          2.086               0               0
          2.088               0               0
           2.09               0               0
          2.092               0               0
          2.094               0               0
          2.096               0               0
          2.098               0               0
            2.1               0               0
          2.102               0               0
          2.104               0               0
          2.106               0               0
          2.108               0               0
           2.11               0               0
          2.112               0               0
          2.114               0               0
          2.116               0               0
          2.118               0               0
           2.12               0               0
          2.122               0               0
          2.124               0               0
          2.126               0               0
          2.128               0               0
           2.13               0               0
          2.132               0               0
          2.134               0               0
          2.136               0               0
          2.138               0               0
           2.14               0               0
          2.142               0               0
          2.144               0               0
          2.146               0               0
          2.148               0               0
           2.15               0               0
          2.152               0               0
          2.154               0               0
          2.156               0               0
          2.158               0               0
           2.16               0               0
          2.162               0               0
          2.164               0               0
          2.166               0               0
          2.168               0               0
           2.17               0               0
          2.172               0               0
          2.174               0               0
          2.176               0               0
          2.178               0               0
           2.18               0               0
          2.182               0               0
          2.184               0               0
          2.186               0               0
          2.188               0               0
           2.19               0               0
          2.192               0               0
          2.194               0               0
          2.196               0               0
          2.198               0               0
            2.2               0               0
          2.202               0               0
          2.204               0               0
          2.206               0               0
          2.208               0               0
           2.21               0               0
          2.212               0               0
          2.214               0               0
          2.216               0               0
          2.218               0               0
           2.22               0               0
          2.222               0               0
          2.224               0               0
          2.226               0               0
          2.228               0               0
           2.23               0               0
          2.232               0               0
          2.234               0               0
          2.236               0               0
          2.238               0               0
           2.24               0               0
          2.242               0               0
          2.244               0               0
          2.246               0               0
          2.248               0               0
           2.25               0               0
          2.252               0               0
          2.254               0               0
          2.256               0               0
          2.258               0               0
           2.26               0               0
          2.262               0               0
          2.264               0               0
          2.266               0               0
          2.268               0               0
           2.27               0               0
          2.272               0               0
          2.274               0               0
          2.276               0               0
          2.278               0               0
           2.28               0               0
          2.282               0               0
          2.284               0               0
          2.286               0               0
          2.288               0               0
           2.29               0               0
          2.292               0               0
          2.294               0               0
          2.296               0               0
          2.298               0               0
            2.3               0               0
          2.302               0               0
          2.304               0               0
          2.306               0               0
          2.308               0               0
           2.31               0               0
          2.312               0               0
          2.314               0               0
          2.316               0               0
          2.318               0               0
           2.32               0               0
          2.322               0               0
          2.324               0               0
          2.326               0               0
          2.328               0               0
           2.33               0               0
          2.332               0               0
          2.334               0               0
          2.336               0               0
          2.338               0               0
           2.34               0               0
          2.342               0               0
          2.344               0               0
          2.346               0               0
          2.348               0               0
           2.35               0               0
          2.352               0               0
          2.354               0               0
          2.356               0               0
          2.358               0               0
           2.36               0               0
          2.362               0               0
          2.364               0               0
          2.366               0               0
          2.368               0               0
           2.37               0               0
          2.372               0               0
          2.374               0               0
          2.376               0               0
          2.378               0               0
           2.38               0               0
          2.382               0               0
          2.384               0               0
          2.386               0               0
          2.388               0               0
           2.39               0               0
          2.392               0               0
          2.394               0               0
          2.396               0               0
          2.398               0               0
            2.4               0               0
          2.402               0               0
          2.404               0               0
          2.406               0               0
          2.408               0               0
           2.41               0               0
          2.412               0               0
          2.414               0               0
          2.416               0               0
          2.418               0               0
           2.42               0               0
          2.422               0               0
          2.424               0               0
          2.426               0               0
          2.428               0               0
           2.43               0               0
          2.432               0               0
          2.434               0               0
          2.436               0               0
          2.438               0               0
           2.44               0               0
          2.442               0               0
          2.444               0               0
          2.446               0               0
          2.448               0               0
           2.45               0               0
          2.452               0               0
          2.454               0               0
          2.456               0               0
          2.458               0               0
           2.46               0               0
          2.462               0               0
          2.464               0               0
          2.466               0               0
          2.468               0               0
           2.47               0               0
          2.472               0               0
          2.474               0               0
          2.476               0               0
          2.478               0               0
           2.48               0               0
          2.482               0               0
          2.484               0               0
          2.486               0               0
          2.488               0               0
           2.49               0               0
          2.492               0               0
          2.494               0               0
          2.496               0               0
          2.498               0               0
            2.5               0               0
          2.502               0               0
          2.504               0               0
          2.506               0               0
          2.508               0               0
           2.51               0               0
          2.512               0               0
          2.514               0               0
          2.516               0               0
          2.518               0               0
           2.52               0               0
          2.522               0               0
          2.524               0               0
          2.526               0               0
          2.528               0               0
           2.53               0               0
          2.532               0               0
          2.534               0               0
          2.536               0               0
          2.538               0               0
           2.54               0               0
          2.542               0               0
          2.544               0               0
          2.546               0               0
          2.548               0               0
           2.55               0               0
          2.552               0               0
          2.554               0               0
          2.556               0               0
          2.558               0               0
           2.56               0               0
          2.562               0               0
          2.564               0               0
          2.566               0               0
          2.568               0               0
           2.57               0               0
          2.572               0               0
          2.574               0               0
          2.576               0               0
          2.578               0               0
           2.58               0               0
          2.582               0               0
          2.584               0               0
          2.586               0               0
          2.588               0               0
           2.59               0               0
          2.592               0               0
          2.594               0               0
          2.596               0               0
          2.598               0               0
            2.6               0               0
          2.602               0               0
          2.604               0               0
          2.606               0               0
          2.608               0               0
           2.61               0               0
          2.612               0               0
          2.614               0               0
          2.616               0               0
          2.618               0               0
           2.62               0               0
          2.622               0               0
          2.624               0               0
          2.626               0               0
          2.628               0               0
           2.63               0               0
          2.632               0               0
          2.634               0               0
          2.636               0               0
          2.638               0               0
           2.64               0               0
          2.642               0               0
          2.644               0               0
          2.646               0               0
          2.648               0               0
           2.65               0               0
          2.652               0               0
          2.654               0               0
          2.656               0               0
          2.658               0               0
           2.66               0               0
          2.662               0               0
          2.664               0               0
          2.666               0               0
          2.668               0               0
           2.67               0               0
          2.672               0               0
          2.674               0               0
          2.676               0               0
          2.678               0               0
           2.68               0               0
          2.682               0               0
          2.684               0               0
          2.686               0               0
          2.688               0               0
           2.69               0               0
          2.692               0               0
          2.694               0               0
          2.696               0               0
          2.698               0               0
            2.7               0               0
          2.702               0               0
          2.704               0               0
          2.706               0               0
          2.708               0               0
           2.71               0               0
          2.712               0               0
          2.714               0               0
          2.716               0               0
          2.718               0               0
           2.72               0               0
          2.722               0               0
          2.724               0               0
          2.726               0               0
          2.728               0               0
           2.73               0               0
          2.732               0               0
          2.734               0               0
          2.736               0               0
          2.738               0               0
           2.74               0               0
          2.742               0               0
          2.744               0               0
          2.746               0               0
          2.748               0               0
           2.75               0               0
          2.752               0               0
          2.754               0               0
          2.756               0               0
          2.758               0               0
           2.76               0               0
          2.762               0               0
          2.764               0               0
          2.766               0               0
          2.768               0               0
           2.77               0               0
          2.772               0               0
          2.774               0               0
          2.776               0               0
          2.778               0               0
           2.78               0               0
          2.782               0               0
          2.784               0               0
          2.786               0               0
          2.788               0               0
           2.79               0               0
          2.792               0               0
          2.794               0               0
          2.796               0               0
          2.798               0               0
            2.8               0               0
          2.802               0               0
          2.804               0               0
          2.806               0               0
          2.808               0               0
           2.81               0               0
          2.812               0               0
          2.814               0               0
          2.816               0               0
          2.818               0               0
           2.82               0               0
          2.822               0               0
          2.824               0               0
          2.826               0               0
          2.828               0               0
           2.83               0               0
          2.832               0               0
          2.834               0               0
          2.836               0               0
          2.838               0               0
           2.84               0               0
          2.842               0               0
          2.844               0               0
          2.846               0               0
          2.848               0               0
           2.85               0               0
          2.852               0               0
          2.854               0               0
          2.856               0               0
          2.858               0               0
           2.86               0               0
          2.862               0               0
          2.864               0               0
          2.866               0               0
          2.868               0               0
           2.87               0               0
          2.872               0               0
          2.874               0               0
          2.876               0               0
          2.878               0               0
           2.88               0               0
          2.882               0               0
          2.884               0               0
          2.886               0               0
          2.888               0               0
           2.89               0               0
          2.892               0               0
          2.894               0               0
          2.896               0               0
          2.898               0               0
            2.9               0               0
          2.902               0               0
          2.904               0               0
          2.906               0               0
          2.908               0               0
           2.91               0               0
          2.912               0               0
          2.914               0               0
          2.916               0               0
          2.918               0               0
           2.92               0               0
          2.922               0               0
          2.924               0               0
          2.926               0               0
          2.928               0               0
           2.93               0               0
          2.932               0               0
          2.934               0               0
          2.936               0               0
          2.938               0               0
           2.94               0               0
          2.942               0               0
          2.944               0               0
          2.946               0               0
          2.948               0               0
           2.95               0               0
          2.952               0               0
          2.954               0               0
          2.956               0               0
          2.958               0               0
           2.96               0               0
          2.962               0               0
          2.964               0               0
          2.966               0               0
          2.968               0               0
           2.97               0               0
          2.972               0               0
          2.974               0               0
          2.976               0               0
          2.978               0               0
           2.98               0               0
          2.982               0               0
          2.984               0               0
          2.986               0               0
          2.988               0               0
           2.99               0               0
          2.992               0               0
          2.994               0               0
          2.996               0               0
          2.998               0               0
              3               0               0
          3.002               0               0
          3.004               0               0
          3.006               0               0
          3.008               0               0
           3.01               0               0
          3.012               0               0
          3.014               0               0
          3.016               0               0
          3.018               0               0
           3.02               0               0
          3.022               0               0
          3.024               0               0
          3.026               0               0
          3.028               0               0
           3.03               0               0
          3.032               0               0
          3.034               0               0
          3.036               0               0
          3.038               0               0
           3.04               0               0
          3.042               0               0
          3.044               0               0
          3.046               0               0
          3.048               0               0
           3.05               0               0
          3.052               0               0
          3.054               0               0
          3.056               0               0
          3.058               0               0
           3.06               0               0
          3.062               0               0
          3.064               0               0
          3.066               0               0
          3.068               0               0
           3.07               0               0
          3.072               0               0
          3.074               0               0
          3.076               0               0
          3.078               0               0
           3.08               0               0
          3.082               0               0
          3.084               0               0
          3.086               0               0
          3.088               0               0
           3.09               0               0
          3.092               0               0
          3.094               0               0
          3.096               0               0
          3.098               0               0
            3.1               0               0
          3.102               0               0
          3.104               0               0
          3.106               0               0
          3.108               0               0
           3.11               0               0
          3.112               0               0
          3.114               0               0
          3.116               0               0
          3.118               0               0
           3.12               0               0
          3.122               0               0
          3.124               0               0
          3.126               0               0
          3.128               0               0
           3.13               0               0
          3.132               0               0
          3.134               0               0
          3.136               0               0
          3.138               0               0
           3.14               0               0
          3.142               0               0
          3.144               0               0
          3.146               0               0
          3.148               0               0
           3.15               0               0
          3.152               0               0
          3.154               0               0
          3.156               0               0
          3.158               0               0
           3.16               0               0
          3.162               0               0
          3.164               0               0
          3.166               0               0
          3.168               0               0
           3.17               0               0
          3.172               0               0
          3.174               0               0
          3.176               0               0
          3.178               0               0
           3.18               0               0
          3.182               0               0
          3.184               0               0
          3.186               0               0
          3.188               0               0
           3.19               0               0
          3.192               0               0
          3.194               0               0
          3.196               0               0
          3.198               0               0
            3.2               0               0
          3.202               0               0
          3.204               0               0
          3.206               0               0
          3.208               0               0
           3.21               0               0
          3.212               0               0
          3.214               0               0
          3.216               0               0
          3.218               0               0
           3.22               0               0
          3.222               0               0
          3.224               0               0
          3.226               0               0
          3.228               0               0
           3.23               0               0
          3.232               0               0
          3.234               0               0
          3.236               0               0
          3.238               0               0
           3.24               0               0
          3.242               0               0
          3.244               0               0
          3.246               0               0
          3.248               0               0
           3.25               0               0
          3.252               0               0
          3.254               0               0
          3.256               0               0
          3.258               0               0
           3.26               0               0
          3.262               0               0
          3.264               0               0
          3.266               0               0
          3.268               0               0
           3.27               0               0
          3.272               0               0
          3.274               0               0
          3.276               0               0
          3.278               0               0
           3.28               0               0
          3.282               0               0
          3.284               0               0
          3.286               0               0
          3.288               0               0
           3.29               0               0
          3.292               0               0
          3.294               0               0
          3.296               0               0
          3.298               0               0
            3.3               0               0
          3.302               0               0
          3.304               0               0
          3.306               0               0
          3.308               0               0
           3.31               0               0
          3.312               0               0
          3.314               0               0
          3.316               0               0
          3.318               0               0
           3.32               0               0
          3.322               0               0
          3.324               0               0
          3.326               0               0
          3.328               0               0
           3.33               0               0
          3.332               0               0
          3.334               0               0
          3.336               0               0
          3.338               0               0
           3.34               0               0
          3.342               0               0
          3.344               0               0
          3.346               0               0
          3.348               0               0
           3.35               0               0
          3.352               0               0
          3.354               0               0
          3.356               0               0
          3.358               0               0
           3.36               0               0
          3.362               0               0
          3.364               0               0
          3.366               0               0
          3.368               0               0
           3.37               0               0
          3.372               0               0
          3.374               0               0
          3.376               0               0
          3.378               0               0
           3.38               0               0
          3.382               0               0
          3.384               0               0
          3.386               0               0
          3.388               0               0
           3.39               0               0
          3.392               0               0
          3.394               0               0
          3.396               0               0
          3.398               0               0
            3.4               0               0
          3.402               0               0
          3.404               0               0
          3.406               0               0
          3.408               0               0
           3.41               0               0
          3.412               0               0
          3.414               0               0
          3.416               0               0
          3.418               0               0
           3.42               0               0
          3.422               0               0
          3.424               0               0
          3.426               0               0
          3.428               0               0
           3.43               0               0
          3.432               0               0
          3.434               0               0
          3.436               0               0
          3.438               0               0
           3.44               0               0
          3.442               0               0
          3.444               0               0
          3.446               0               0
          3.448               0               0
           3.45               0               0
          3.452               0               0
          3.454               0               0
          3.456               0               0
          3.458               0               0
           3.46               0               0
          3.462               0               0
          3.464               0               0
          3.466               0               0
          3.468               0               0
           3.47               0               0
          3.472               0               0
          3.474               0               0
          3.476               0               0
          3.478               0               0
           3.48               0               0
          3.482               0               0
          3.484               0               0
          3.486               0               0
          3.488               0               0
           3.49               0               0
          3.492               0               0
          3.494               0               0
          3.496               0               0
          3.498               0               0
            3.5               0               0
