          0.002       636219.92        18346717
          0.004       600583.74        17319074
          0.006       566943.62        16348992
          0.008       535187.77        15433246
           0.01       505210.64        14568794
          0.012       476912.59        13752761
          0.014       450199.59        12982436
          0.016       424982.85        12255259
          0.018       401178.55        11568813
           0.02       378707.59        10920817
          0.022       357495.29        10309116
          0.024       337471.13         9731678
          0.026       318568.57       9186583.7
          0.028        300724.8       8672021.5
           0.03       283880.49         8186281
          0.032       267979.67       7727748.1
          0.034        252969.5       7294898.6
          0.036       238800.08       6886294.1
          0.038       225424.32       6500576.5
           0.04       212797.77       6136463.8
          0.042       200878.46         5792746
          0.044       189626.79       5468280.6
          0.046       179005.34       5161989.3
          0.048       168978.83         4872854
           0.05       159513.93         4599914
          0.052       150579.17       4342261.9
          0.054       142144.88       4099041.6
          0.056       134183.01       3869444.5
          0.058        126667.1       3652707.8
           0.06       119572.18         3448111
          0.062       112874.66       3254974.2
          0.064       106552.28       3072655.4
          0.066       100584.03       2900548.7
          0.068       94950.085       2738082.1
           0.07       89631.706       2584715.6
          0.072       84611.222       2439939.6
          0.074       79871.948       2303272.8
          0.076       75398.131       2174261.1
          0.078       71174.903       2052475.6
           0.08       67188.229       1937511.5
          0.082       63424.857       1828986.9
          0.084       59872.281       1726541.1
          0.086       56518.693       1629833.4
          0.088       53352.947       1538542.6
           0.09       50364.523       1452365.2
          0.092       47543.487       1371014.8
          0.094       44880.463         1294221
          0.096       42366.603       1221728.6
          0.098       39993.549       1153296.7
            0.1       37753.416       1088697.8
          0.102       35638.758       1027717.3
          0.104       33642.547       970152.42
          0.106       31758.148       915811.89
          0.108       29979.299        864515.1
           0.11       28300.088       816091.56
          0.112       26714.933       770380.34
          0.114       25218.566       727229.52
          0.116       23806.015       686495.67
          0.118       22472.584       648043.43
           0.12       21213.841       611744.98
          0.122       20025.604        577479.7
          0.124       18903.922        545133.7
          0.126       17845.069       514599.47
          0.128       16845.524       485775.54
           0.13       15901.967        458566.1
          0.132        15011.26       432880.73
          0.134       14170.444       408634.06
          0.136       13376.724        385745.5
          0.138       12627.462       364138.98
           0.14       11920.168       343742.69
          0.142       11252.491       324488.85
          0.144       10622.212       306313.46
          0.146       10027.237       289156.12
          0.148       9465.5879       272959.81
           0.15       8935.3979       257670.68
          0.152       8434.9052       243237.94
          0.154       7962.4462       229613.61
          0.156       7516.4508        216752.4
          0.158       7095.4366       204611.59
           0.16       6698.0044       193150.81
          0.162       6322.8333       182331.98
          0.164       5968.6765       172119.13
          0.166       5634.3568       162478.33
          0.168       5318.7632       153377.54
           0.17       5020.8467        144786.5
          0.172       4739.6172       136676.66
          0.174         4474.14       129021.08
          0.176       4223.5328       121794.31
          0.178       3986.9628       114972.32
           0.18       3763.6436       108532.45
          0.182        3552.833       102453.29
          0.184       3353.8304       96714.637
          0.186       3165.9745       91297.422
          0.188       2988.6407       86183.637
           0.19       2821.2399       81356.288
          0.192       2663.2156        76799.33
          0.194       2514.0426       72497.618
          0.196       2373.2251       68436.855
          0.198       2240.2952       64603.545
            0.2       2114.8109       60984.947
          0.202       1996.3554       57569.036
          0.204       1884.5348       54344.459
          0.206       1778.9775       51300.497
          0.208       1679.3328       48427.035
           0.21       1585.2694       45714.522
          0.212       1496.4747       43153.944
          0.214       1412.6536       40736.789
          0.216       1333.5276       38455.025
          0.218       1258.8335       36301.068
           0.22       1188.3233        34267.76
          0.222       1121.7625       32348.341
          0.224       1058.9299       30536.434
          0.226       999.61675       28826.017
          0.228       943.62585       27211.403
           0.23       890.77114       25687.228
          0.232       840.87694       24248.426
          0.234       793.77743       22890.214
          0.236       749.31608       21608.079
          0.238       707.34512       20397.759
           0.24       667.72504       19255.233
          0.242       630.32419       18176.702
          0.244       595.01824       17158.582
          0.246       561.68986       16197.489
          0.248       530.22828       15290.229
           0.25       500.52894       14433.787
          0.252       472.49313       13625.317
          0.254       446.02768       12862.131
          0.256       421.04461       12141.692
          0.258       397.46091       11461.607
           0.26       375.19818       10819.616
          0.262       354.18244       10213.583
          0.264       334.34385       9641.4964
          0.266       315.61646       9101.4534
          0.268       297.93803       8591.6595
           0.27       281.24982       8110.4203
          0.272       265.49635       7656.1365
          0.274       250.62527       7227.2982
          0.276       236.58716       6822.4801
          0.278       223.33535       6440.3369
           0.28       210.82581       6079.5984
          0.282       199.01696       5739.0657
          0.284       187.86955       5417.6071
          0.286       177.34653       5114.1541
          0.288       167.41293       4827.6982
           0.29       158.03574       4557.2874
          0.292       149.18378        4302.023
          0.294       140.82765       4061.0565
          0.296       132.93956       3833.5871
          0.298        125.4933       3618.8588
            0.3       118.46412        3416.158
          0.302       111.82867       3224.8109
          0.304       105.56488       3044.1816
          0.306       99.651941       2873.6698
          0.308         94.0702       2712.7088
           0.31       88.801106       2560.7636
          0.312       83.827146       2417.3291
          0.314       79.131789       2281.9288
          0.316       74.699431       2154.1126
          0.318       70.515339       2033.4556
           0.32       66.565608        1919.557
          0.322       62.837111       1812.0381
          0.324       59.317456       1710.5415
          0.326       55.994945         1614.73
          0.328       52.858536       1524.2852
           0.33       49.897804       1438.9064
          0.332        47.10291       1358.3098
          0.334       44.464565       1282.2277
          0.336       41.973999       1210.4071
          0.338       39.622936       1142.6093
           0.34       37.403562       1078.6091
          0.342         35.3085       1193.5155
          0.344         32.6295          1284.8
          0.346         30.1693        1141.425
          0.348         28.0638           930.1
           0.35         26.4489           732.9
          0.352         25.1322          652.35
          0.354         23.8395          637.05
          0.356          22.584           615.2
          0.358         21.3787         586.825
           0.36         20.2367         566.025
          0.362         19.1146           562.6
          0.364         17.9863         555.775
          0.366         16.8915         529.225
          0.368         15.8694             483
           0.37         14.9595         425.575
          0.372         14.1671         374.875
          0.374           13.46         336.275
          0.376          12.822         305.925
          0.378         12.2363         283.825
           0.38         11.6867         271.225
          0.382         11.1514         264.925
          0.384          10.627         256.875
          0.386         10.1239        243.6075
          0.388         9.65257          225.06
           0.39         9.22366        206.2225
          0.392         8.82768        192.7375
          0.394         8.45271         180.545
          0.396          8.1055        164.9725
          0.398         7.79282        146.0225
            0.4         7.52141          128.82
          0.402         7.27754        119.5275
          0.404          7.0433          114.58
          0.406         6.81922          109.37
          0.408         6.60582        103.8975
           0.41         6.40363        100.7625
          0.412         6.20277        100.8325
          0.414          6.0003         98.9075
          0.416         5.80714         91.5225
          0.418         5.63421         78.6775
           0.42         5.49243         65.9975
          0.422         5.37022           60.95
          0.424         5.24863          60.665
          0.426         5.12756         60.4375
          0.428         5.00688         60.2675
           0.43         4.88649          60.235
          0.432         4.76594         60.3375
          0.434         4.64514           60.36
          0.436          4.5245           60.18
          0.438         4.40442         59.7975
           0.44         4.28531         59.2325
          0.442         4.16749          58.655
          0.444         4.05069         58.2625
          0.446         3.93444          58.105
          0.448         3.81827          58.185
           0.45          3.7017           58.47
          0.452         3.58439           58.79
          0.454         3.46654           58.97
          0.456         3.34851          58.975
          0.458         3.23064         58.8075
           0.46         3.11328         57.8575
          0.462         2.99921           55.69
          0.464         2.89052         53.1825
          0.466         2.78648          51.035
          0.468         2.68638         49.2425
           0.47         2.58951         47.8025
          0.472         2.49517         46.4925
          0.474         2.40354         44.9875
          0.476         2.31522          43.185
          0.478          2.2308          41.085
           0.48         2.15088           39.31
          0.482         2.07356          38.595
          0.484          1.9965           38.47
          0.486         1.91968         38.3675
          0.488         1.84303           38.29
           0.49         1.76652         38.2925
          0.492         1.68986         38.3475
          0.494         1.61313         38.2675
          0.496         1.53679         37.9575
          0.498          1.4613          37.415
            0.5         1.38713           35.82
          0.502         1.31802         32.8475
          0.504         1.25574          30.065
          0.506         1.19776         28.5425
          0.508         1.14157         28.2775
           0.51         1.08465         29.1525
          0.512         1.02496         30.0995
          0.514        0.964252         29.8185
          0.516        0.905686        27.96025
          0.518        0.852411          24.526
           0.52        0.807582        20.94825
          0.522        0.768618         19.2415
          0.524        0.730616        18.84425
          0.526        0.693241          18.614
          0.528         0.65616        18.55075
           0.53        0.619038        18.59325
          0.532        0.581787          18.618
          0.534        0.544566         18.5935
          0.536        0.507413         18.5505
          0.538        0.470364        18.48925
           0.54        0.433456        18.28975
          0.542        0.397205         17.7285
          0.544        0.362542           16.77
          0.546        0.330125        15.48225
          0.548        0.300613         13.8655
           0.55        0.274663        12.30775
          0.552        0.251382          11.349
          0.554        0.229267         10.8305
          0.556         0.20806         10.4405
          0.558        0.187505        10.17875
           0.56        0.167345          9.9665
          0.562        0.147639           9.753
          0.564        0.128333         9.65975
          0.566           0.109        9.779375
          0.568       0.0892155         10.1119
           0.57       0.0685524        10.54005
          0.572       0.0470553        10.84275
          0.574       0.0251814        10.98283
          0.576      0.00312398         11.0263
          0.578      -0.0189238       10.973145
           0.58      -0.0407686          10.865
          0.582      -0.0623838       10.765325
          0.584      -0.0838299         10.6653
          0.586       -0.105045       10.534275
          0.588       -0.125967          10.372
           0.59       -0.146533           9.862
          0.592       -0.165415         8.80975
          0.594       -0.181772         7.71475
          0.596       -0.196274         6.95475
          0.598       -0.209591         6.52975
            0.6       -0.222393         6.28025
          0.602       -0.234712         5.93275
          0.604       -0.246124         5.47425
          0.606       -0.256609         5.00575
          0.608       -0.266147         4.52725
           0.61       -0.274718         4.03625
          0.612       -0.282292         3.49325
          0.614       -0.288691          2.8455
          0.616       -0.293674          2.0775
          0.618       -0.297001         1.18925
           0.62       -0.298431           0.355
          0.622       -0.298421        -0.22125
          0.624       -0.297546         -0.6675
          0.626       -0.295751         -1.1415
          0.628        -0.29298          -1.644
           0.63       -0.289175           -2.05
          0.632        -0.28478         -2.2355
          0.634       -0.280233          -2.327
          0.636       -0.275472         -2.4495
          0.638       -0.270435         -2.6025
           0.64       -0.265062        -2.76925
          0.642       -0.259358         -2.9145
          0.644       -0.253404        -3.02675
          0.646       -0.247251        -3.11325
          0.648       -0.240951        -3.17425
           0.65       -0.234554          -3.228
          0.652       -0.228039        -3.37075
          0.654       -0.221071        -3.70325
          0.656       -0.213226        -4.24675
          0.658       -0.204084          -5.001
           0.66       -0.193222        -6.05025
          0.662       -0.179883        -7.21775
          0.664       -0.164351        -8.03075
          0.666        -0.14776        -8.27675
          0.668       -0.131244        -7.95525
           0.67       -0.115939          -7.502
          0.672       -0.101236        -7.39595
          0.674      -0.0863552         -7.2641
          0.676      -0.0721796         -6.6912
          0.678      -0.0595904       -5.677575
           0.68      -0.0494693       -4.497625
          0.682      -0.0415999       -3.663375
          0.684      -0.0348158       -3.256625
          0.686      -0.0285734         -3.1216
          0.688      -0.0223294       -3.258325
           0.69      -0.0155401        -3.52088
          0.692     -0.00824588      -3.6786255
          0.694    -0.000825598        -3.75052
          0.696       0.0067562      -3.8401495
          0.698        0.014535         -3.9475
            0.7       0.0225462        -4.74135
          0.702       0.0335004        -6.42105
          0.704       0.0482304       -7.613775
          0.706       0.0639555        -7.41615
          0.708        0.077895       -5.828125
           0.71        0.087268         -3.7913
          0.712       0.0930602       -2.759875
          0.714       0.0983075        -2.56095
          0.716        0.103304       -2.509375
          0.718        0.108345        -2.60475
           0.72        0.113723        -2.80425
          0.722        0.119562         -2.9845
          0.724        0.125661        -3.06675
          0.726        0.131829          -3.053
          0.728        0.137873        -2.94325
           0.73        0.143602         -1.8795
          0.732        0.145391          0.3685
          0.734        0.142128               2
          0.736        0.137391          1.8415
          0.738        0.134762        -0.10675
           0.74        0.137818          -2.712
          0.742         0.14561        -4.14625
          0.744        0.154403        -4.49725
          0.746        0.163599        -4.54925
          0.748          0.1726        -4.30275
           0.75         0.18081         -3.9585
          0.752        0.188434        -3.79825
          0.754        0.196003        -3.74375
          0.756        0.203409         -3.6345
          0.758        0.210541        -3.47075
           0.76        0.217292        -3.19225
          0.762         0.22331          -2.764
          0.764        0.228348        -2.28425
          0.766        0.232447          -1.826
          0.768        0.235652          -1.389
           0.77        0.238003        -0.96925
          0.772        0.239529        -0.57025
          0.774        0.240284         -0.2035
          0.776        0.240343           0.125
          0.778        0.239784          0.4145
           0.78        0.238685          0.7835
          0.782         0.23665           1.245
          0.784        0.233705          1.5235
          0.786        0.230556           1.449
          0.788        0.227909          1.0215
           0.79         0.22647          0.3825
          0.792        0.226379        -0.13875
          0.794        0.227025         -0.4005
          0.796        0.227981        -0.44925
          0.798        0.228822          -0.285
            0.8        0.229121         0.00575
          0.802        0.228799            0.26
          0.804        0.228081          0.4505
          0.806        0.226997         0.62525
          0.808         0.22558           0.784
           0.81        0.223861         1.41175
          0.812        0.219933           2.657
          0.814        0.213233          3.5335
          0.816        0.205799         3.38925
          0.818        0.199676         2.22375
           0.82        0.196904          0.5825
          0.822        0.197346        -0.53275
          0.824        0.199035        -0.98025
          0.826        0.201267        -1.07625
          0.828         0.20334          -0.821
           0.83        0.204551        -0.41175
          0.832        0.204987         -0.1555
          0.834        0.205173        -0.01725
          0.836        0.205056         0.14625
          0.838        0.204588         0.33475
           0.84        0.203717         0.98875
          0.842        0.200633         2.24475
          0.844        0.194738          3.2085
          0.846        0.187799         3.28925
          0.848        0.181581         2.48675
           0.85        0.177852         0.85225
          0.852        0.178172          -0.926
          0.854        0.181556        -1.94375
          0.856        0.185947        -1.93325
          0.858        0.189289        -0.89475
           0.86        0.189526           0.737
          0.862        0.186341         1.99525
          0.864        0.181545         2.51625
          0.866        0.176276          2.4685
          0.868        0.171671         1.85175
           0.87        0.168869            1.04
          0.872        0.167511         0.58425
          0.874        0.166532         0.37475
          0.876        0.166012           0.126
          0.878        0.166028        -0.16175
           0.88        0.166659         -0.6345
          0.882        0.168566         -1.2525
          0.884        0.171669        -1.59275
          0.886        0.174937        -1.41675
          0.888        0.177336        -0.72425
           0.89        0.177834          0.1085
          0.892        0.176902           0.515
          0.894        0.175774         0.58475
          0.896        0.174563           0.599
          0.898        0.173378          0.5575
            0.9        0.172333          0.4765
          0.902        0.171472           0.406
          0.904        0.170709         0.37775
          0.906        0.169961          0.3915
          0.908        0.169143         0.44775
           0.91         0.16817         0.76325
          0.912         0.16609         1.38725
          0.914        0.162621          1.8525
          0.916         0.15868         1.85875
          0.918        0.155186          1.4055
           0.92        0.153058         0.80175
          0.922        0.151979           0.513
          0.924        0.151006         0.46475
          0.926         0.15012          0.4255
          0.928        0.149304         0.39575
           0.93        0.148537         0.35475
          0.932        0.147885           0.296
          0.934        0.147353          0.2635
          0.936        0.146831         0.28575
          0.938         0.14621           0.363
           0.94        0.145379         0.57125
          0.942        0.143925         0.90925
          0.944        0.141742         1.18625
          0.946         0.13918         1.28775
          0.948        0.136591          1.2135
           0.95        0.134326          1.0165
          0.952        0.132525           0.816
          0.954        0.131062         0.65875
          0.956         0.12989          0.5245
          0.958        0.128964          0.4135
           0.96        0.128236        -0.28075
          0.962        0.130087        -1.79075
          0.964        0.135399        -2.94625
          0.966        0.141872          -2.953
          0.968        0.147211          -1.811
           0.97        0.149116         0.14875
          0.972        0.146616            1.91
          0.974        0.141476         2.77825
          0.976        0.135503          2.7425
          0.978        0.130506         1.80275
           0.98        0.128292         0.59075
          0.982        0.128143         0.05075
          0.984        0.128089            0.02
          0.986        0.128063          0.0225
          0.988        0.127999         0.05875
           0.99        0.127828         0.09125
          0.992        0.127634         0.08925
          0.994        0.127471          0.1025
          0.996        0.127224           0.173
          0.998        0.126779          0.3005
              1        0.126022          0.6815
          1.002        0.124053         1.36125
          1.004        0.120577         1.91575
          1.006         0.11639           2.072
          1.008        0.112289         1.83025
           1.01        0.109069         1.42025
          1.012        0.106608         1.20525
          1.014        0.104248          1.1575
          1.016        0.101978        1.114725
          1.018       0.0997891        1.076975
           1.02       0.0976701         0.97595
          1.022       0.0958853         0.78595
          1.024       0.0945263        0.640125
          1.026       0.0933248        0.628475
          1.028       0.0920124        0.750975
           1.03       0.0903209        1.283975
          1.032       0.0868765          2.2437
          1.034       0.0813461          2.9635
          1.036       0.0750225          3.0369
          1.038       0.0691985        2.463875
           1.04        0.065167         1.34985
          1.042       0.0637991          0.2186
          1.044       0.0642926       -0.407675
          1.046       0.0654298         -0.4252
          1.048       0.0659934           0.166
           1.05       0.0647658           1.131
          1.052       0.0614694         1.91845
          1.054        0.057092         2.28875
          1.056       0.0523144          2.3187
          1.058       0.0478172        2.008375
           1.06       0.0442809        1.294525
          1.062       0.0426391        0.429075
          1.064       0.0425646        -0.05205
          1.066       0.0428473         0.07185
          1.068       0.0422772        0.800775
           1.07       0.0396442         2.01555
          1.072        0.034215        3.199025
          1.074       0.0268481        3.873625
          1.076       0.0187205        3.959725
          1.078       0.0110092        3.457255
           1.08      0.00489148       2.7386472
          1.082     5.46112e-05       2.3511175
          1.084     -0.00451299       2.1843378
          1.086     -0.00868274       1.9532775
          1.088      -0.0123261         1.65789
           1.09      -0.0153143        1.219825
          1.092      -0.0172054        0.702825
          1.094      -0.0181256        0.398375
          1.096      -0.0187989        0.455975
          1.098      -0.0199495         0.87565
            1.1      -0.0223015         1.47065
          1.102      -0.0258321         1.88435
          1.104      -0.0298389         2.04865
          1.106      -0.0340267         2.06525
          1.108      -0.0380999        1.934125
           1.11      -0.0417632        1.745225
          1.112      -0.0450808         1.62345
          1.114       -0.048257          1.5315
          1.116      -0.0512068        1.397025
          1.118      -0.0538451        1.220075
           1.12      -0.0560871         0.99625
          1.122      -0.0578301        0.729925
          1.124      -0.0590068          0.4385
          1.126      -0.0595841        0.130675
          1.128      -0.0595295       -0.193525
           1.13        -0.05881       -0.466075
          1.132      -0.0576652         -0.6015
          1.134       -0.056404       -0.641825
          1.136      -0.0550979         -0.6465
          1.138       -0.053818         -0.6155
           1.14      -0.0526359         -0.5788
          1.142      -0.0515028       -0.566375
          1.144      -0.0503704        -0.54785
          1.146      -0.0493114        -0.49305
          1.148      -0.0483982        -0.40205
           1.15      -0.0477032          -0.206
          1.152      -0.0475742          0.1097
          1.154       -0.048142          0.3948
          1.156      -0.0491534        0.553375
          1.158      -0.0503555          0.5855
           1.16      -0.0514954          0.6551
          1.162      -0.0529759        0.879575
          1.164      -0.0550137        1.025075
          1.166      -0.0570762         0.90425
          1.168      -0.0586307        0.517125
           1.17      -0.0591447         -0.0869
          1.172      -0.0582831       -0.680425
          1.174       -0.056423       -1.045775
          1.176         -0.0541         -1.1434
          1.178      -0.0518494        -0.97335
           1.18      -0.0502066       -0.706025
          1.182      -0.0490253        -0.59115
          1.184       -0.047842         -0.5772
          1.186      -0.0467165        -0.53335
          1.188      -0.0457086       -0.459625
           1.19       -0.044878       -0.373175
          1.192      -0.0442159       -0.308275
          1.194      -0.0436449       -0.273375
          1.196      -0.0431224       -0.259725
          1.198       -0.042606       -0.267375
            1.2      -0.0420529        -0.34455
          1.202      -0.0412278       -0.487925
          1.204      -0.0401012       -0.571975
          1.206      -0.0389399       -0.522575
          1.208      -0.0380109        -0.33975
           1.21      -0.0375809         0.54525
          1.212      -0.0401919          2.3182
          1.214      -0.0468537        3.835575
          1.216      -0.0555342        4.336975
          1.218      -0.0642016         3.82245
           1.22       -0.070824        2.864575
          1.222      -0.0756599          2.3443
          1.224      -0.0802012         2.15155
          1.226      -0.0842661        1.867925
          1.228      -0.0876729          1.4934
           1.23      -0.0902397          0.8466
          1.232      -0.0910593       -0.044125
          1.234      -0.0900632        -0.68295
          1.236      -0.0883275       -0.783675
          1.238      -0.0869285         -0.3462
           1.24      -0.0869427          0.6737
          1.242      -0.0896233         1.86495
          1.244      -0.0944025          2.5003
          1.246      -0.0996245        2.307875
          1.248       -0.103634        1.287375
           1.25       -0.104774         -0.1875
          1.252       -0.102884       -1.310425
          1.254      -0.0995323       -1.805925
          1.256      -0.0956603        -1.83065
          1.258      -0.0922097       -1.384475
           1.26      -0.0901224       -0.761175
          1.262       -0.089165       -0.437125
          1.264      -0.0883739        -0.39255
          1.266      -0.0875948         -0.4251
          1.268      -0.0866735       -0.534775
           1.27      -0.0854557        -0.65925
          1.272      -0.0840365         -0.7139
          1.274      -0.0826001         -0.7275
          1.276      -0.0811265         -0.7512
          1.278      -0.0795953          -0.785
           1.28      -0.0779865        -0.83565
          1.282      -0.0762527        -0.89455
          1.284      -0.0744083        -0.93155
          1.286      -0.0725265       -0.932075
          1.288        -0.07068        -0.89615
           1.29      -0.0689419       -0.804725
          1.292      -0.0674611        -0.67615
          1.294      -0.0662373        -0.58545
          1.296      -0.0651193       -0.570325
          1.298       -0.063956         -0.6308
            1.3      -0.0625961       -0.754475
          1.302      -0.0609381         -0.8956
          1.304      -0.0590137        -1.01665
          1.306      -0.0568715       -1.113425
          1.308        -0.05456         -1.1859
           1.31      -0.0521279        -1.34775
          1.312       -0.049169          -1.647
          1.314      -0.0455399         -1.8713
          1.316      -0.0416838          -1.874
          1.318      -0.0380439       -1.655125
           1.32      -0.0350633        -1.30995
          1.322      -0.0328041       -1.013125
          1.324      -0.0310108       -0.788525
          1.326        -0.02965        -0.58055
          1.328      -0.0286886         -0.3892
           1.33      -0.0280932       -0.180375
          1.332      -0.0279671        0.043225
          1.334      -0.0282661          0.1921
          1.336      -0.0287355        0.213675
          1.338      -0.0291208        0.107925
           1.34      -0.0291672       -0.091975
          1.342      -0.0287529        -0.30405
          1.344       -0.027951        -0.48825
          1.346      -0.0267999       -0.653375
          1.348      -0.0253375       -0.799475
           1.35       -0.023602        -1.28835
          1.352      -0.0201841         -2.2335
          1.354       -0.014668       -2.900615
          1.356     -0.00858164       -2.803705
          1.358     -0.00345318      -1.9427458
           1.36    -0.000810657      -0.7494375
          1.362     -0.00045543      0.01281625
          1.364    -0.000861922         0.27809
          1.366     -0.00156779        0.312197
          1.368     -0.00211071        0.115135
           1.37     -0.00202833      -0.2112725
          1.372     -0.00126562      -0.4483515
          1.374    -0.000234924     -0.52267625
          1.376     0.000825085      -0.4776585
          1.378      0.00167571     -0.31329625
           1.38      0.00207827      -0.0623975
          1.382       0.0019253       0.1857875
          1.384      0.00133512      0.37940225
          1.386     0.000407691      0.52303375
          1.388    -0.000757015      0.61668025
           1.39     -0.00205903      0.83136625
          1.392     -0.00408248         1.22604
          1.394     -0.00696319       1.4615625
          1.396     -0.00992873       1.3108775
          1.398      -0.0122067       0.7739925
            1.4      -0.0130247         0.12065
          1.402      -0.0126893         -0.2294
          1.404      -0.0121071       -0.320925
          1.406      -0.0114056        -0.34875
          1.408      -0.0107121       -0.312875
           1.41      -0.0101541        -0.24555
          1.412      -0.0097299       -0.200865
          1.414     -0.00935064       -0.179125
          1.416      -0.0090134      -0.1588675
          1.418     -0.00871517       -0.140105
           1.42     -0.00845298        0.177005
          1.422     -0.00942319        0.901905
          1.424      -0.0120606       1.4491275
          1.426      -0.0152197          1.4237
          1.428      -0.0177554        0.825625
           1.43      -0.0185222        -0.29625
          1.432      -0.0165704       -1.491125
          1.434      -0.0125577       -2.205325
          1.436      -0.0077491      -2.2869475
          1.438     -0.00340991      -1.7359368
           1.44    -0.000805353     -0.98018025
          1.442     0.000510811     -0.62708575
          1.444      0.00170299     -0.51810225
          1.446      0.00258322      -0.3151425
          1.448      0.00296356      -0.0182075
           1.45      0.00265605       0.2752275
          1.452      0.00186265      0.42393675
          1.454     0.000960303      0.45978778
          1.456     2.34989e-05      0.45839075
          1.458     -0.00087326      0.41974223
           1.46     -0.00165547        0.332085
          1.462      -0.0022016       0.2276525
          1.464     -0.00256608        0.184205
          1.466     -0.00293842        0.235505
          1.468      -0.0035081         0.38155
           1.47     -0.00446462       0.6114275
          1.472     -0.00595381       0.8473275
          1.474     -0.00785393         0.99981
          1.476     -0.00995305       1.0463175
          1.478      -0.0120392       0.9868875
           1.48      -0.0139006          0.8983
          1.482      -0.0156324          0.8742
          1.484      -0.0173974        0.863025
          1.486      -0.0190845         0.79635
          1.488      -0.0205828         0.67425
           1.49      -0.0217815        0.545675
          1.492      -0.0227655        0.480825
          1.494      -0.0237048        0.462725
          1.496      -0.0246164           0.453
          1.498      -0.0255168        0.451675
            1.5      -0.0264231        0.454425
          1.502      -0.0273345        0.453275
          1.504      -0.0282362        0.447175
          1.506      -0.0291232        0.438675
          1.508      -0.0299909          0.4278
           1.51      -0.0308344          0.2646
          1.512      -0.0310493       -0.121025
          1.514      -0.0303503        -0.45965
          1.516      -0.0292107       -0.561575
          1.518       -0.028104        -0.42675
           1.52      -0.0275037        -0.06535
          1.522      -0.0278426          0.3434
          1.524      -0.0288773          0.5559
          1.526      -0.0300662        0.497625
          1.528      -0.0308678        0.168625
           1.53      -0.0307407       -0.296825
          1.532      -0.0296805       -0.666975
          1.534      -0.0280728        -0.93015
          1.536      -0.0259599         -1.1721
          1.538      -0.0233844        -1.39275
           1.54      -0.0203889       -1.556175
          1.542      -0.0171597         -1.6281
          1.544      -0.0138765       -1.646925
          1.546       -0.010572      -1.6493525
          1.548     -0.00727909        -1.63541
           1.55     -0.00403036      -1.6120203
          1.552    -0.000831009        -1.58864
          1.554       0.0023242      -1.5622848
          1.556      0.00541813      -1.5273625
          1.558      0.00843365      -1.4838675
           1.56       0.0113536      -1.1462125
          1.562       0.0130185       -0.393575
          1.564       0.0129279        0.241325
          1.566       0.0120532        0.390525
          1.568       0.0113658         0.05395
           1.57       0.0118374         -0.6605
          1.572       0.0140078       -1.348575
          1.574       0.0172317       -1.673575
          1.576       0.0207021        -1.59515
          1.578       0.0236123       -1.113325
           1.58       0.0251554         -0.4808
          1.582       0.0255355       -0.090775
          1.584       0.0255185        0.098675
          1.586       0.0251408        0.270025
          1.588       0.0244384        0.423325
           1.59       0.0234475          0.5879
          1.592       0.0220868          0.7584
          1.594       0.0204139         0.85335
          1.596       0.0186734           0.826
          1.598       0.0171099          0.6763
            1.6       0.0159682        0.375575
          1.602       0.0156076        0.018725
          1.604       0.0158933       -0.180175
          1.606       0.0163283       -0.130575
          1.608       0.0164156        0.167475
           1.61       0.0156584        0.538325
          1.612       0.0142623        0.716925
          1.614       0.0127907         0.74475
          1.616       0.0112833         0.75271
          1.618      0.00977986       0.7408525
           1.62      0.00831989         0.71775
          1.622      0.00690886       0.6973125
          1.624      0.00553064         0.67908
          1.626      0.00419254       0.6572025
          1.628      0.00290183       0.6316825
           1.63      0.00166581       0.2154975
          1.632      0.00203984       -0.730895
          1.634      0.00458939      -1.4492725
          1.636      0.00783693      -1.4288775
          1.638       0.0103049      -0.6697425
           1.64       0.0105159         0.30588
          1.642      0.00908138        0.727875
          1.644       0.0076044       0.7467125
          1.646      0.00609453       0.7607625
          1.648      0.00456135       0.7700225
           1.65      0.00301444         0.78266
          1.652      0.00143071      0.80203575
          1.654    -0.000193703       0.8127725
          1.656     -0.00182038      0.80429425
          1.658     -0.00341088       0.7766025
           1.66     -0.00492679       0.4914925
          1.662     -0.00537685        -0.14528
          1.664     -0.00434567       -0.679555
          1.666     -0.00265863        -0.80114
          1.668     -0.00114111     -0.51003375
           1.67    -0.000618495     -0.03613025
          1.672    -0.000996589      0.24909375
          1.674     -0.00161487      0.36315525
          1.676     -0.00244921        0.465155
          1.678     -0.00347549       0.5550975
           1.68      -0.0046696        0.741875
          1.682     -0.00644299        1.051295
          1.684     -0.00887478       1.2498525
          1.686      -0.0114424         1.18708
          1.688      -0.0136231        0.863025
           1.69      -0.0148945        0.319275
          1.692      -0.0149002        -0.22715
          1.694      -0.0139859         -0.5545
          1.696      -0.0126822         -0.6166
          1.698      -0.0115195       -0.413525
            1.7      -0.0110281       -0.101575
          1.702      -0.0111132        0.081125
          1.704      -0.0113526          0.1682
          1.706       -0.011786          0.2751
          1.708       -0.012453         0.40185
           1.71      -0.0133934          0.6596
          1.712      -0.0150914        1.050175
          1.714      -0.0175941        1.298625
          1.716      -0.0202859         1.23925
          1.718      -0.0225511        0.872025
           1.72       -0.023774          0.4052
          1.722      -0.0241719        0.153675
          1.724      -0.0243887          0.0694
          1.726      -0.0244495        -0.00245
          1.728      -0.0243789       -0.061925
           1.73      -0.0242018       -0.119725
          1.732         -0.0239       -0.176325
          1.734      -0.0234965       -0.205475
          1.736      -0.0230781         -0.1912
          1.738      -0.0227317       -0.133525
           1.74       -0.022544        -0.03165
          1.742      -0.0226051         0.08855
          1.744      -0.0228982          0.1861
          1.746      -0.0233495         0.24675
          1.748      -0.0238852         0.27055
           1.75      -0.0244317         0.36595
          1.752       -0.025349         0.58645
          1.754      -0.0267775         0.74125
          1.756       -0.028314        0.694425
          1.758      -0.0295552        0.445975
           1.76      -0.0300979        -0.05705
          1.762       -0.029327       -0.682725
          1.764       -0.027367         -1.1007
          1.766      -0.0249242       -1.165525
          1.768      -0.0227049       -0.877225
           1.77      -0.0214153       -0.466475
          1.772       -0.020839       -0.279125
          1.774      -0.0202988        -0.25725
          1.776        -0.01981         -0.2277
          1.778       -0.019388        -0.19045
           1.78      -0.0190482       -0.153425
          1.782      -0.0187743       -0.126475
          1.784      -0.0185423        -0.10475
          1.786      -0.0183553         -0.0814
          1.788      -0.0182167         -0.0564
           1.79      -0.0181297        0.033425
          1.792      -0.0183504          0.2129
          1.794      -0.0189813         0.36145
          1.796      -0.0197962         0.39685
          1.798      -0.0205687         0.31905
            1.8      -0.0210724         0.04615
          1.802      -0.0207533        -0.37395
          1.804      -0.0195766        -0.66475
          1.806      -0.0180943         -0.6795
          1.808      -0.0168586        -0.41815
           1.81      -0.0164217          0.2056
          1.812       -0.017681         1.01435
          1.814      -0.0204791          1.5263
          1.816      -0.0237862        1.523325
          1.818      -0.0265724        1.005425
           1.82      -0.0278079        0.220775
          1.822      -0.0274555         -0.3358
          1.824      -0.0264647       -0.542325
          1.826      -0.0252862         -0.5236
          1.828      -0.0243703         -0.2797
           1.83      -0.0241674         0.03555
          1.832      -0.0245125        0.193975
          1.834      -0.0249433         0.23805
          1.836      -0.0254647        0.284575
          1.838      -0.0260816        0.333525
           1.84      -0.0267988         0.42875
          1.842      -0.0277966          0.5763
          1.844       -0.029104         0.67575
          1.846      -0.0304996          0.6645
          1.848       -0.031762        0.542525
           1.85      -0.0326697        0.178125
          1.852      -0.0324745        -0.38925
          1.854      -0.0311127       -0.771325
          1.856      -0.0293892         -0.7509
          1.858      -0.0281091        -0.32795
           1.86      -0.0280774        0.230325
          1.862      -0.0290304        0.509125
          1.864      -0.0301139          0.5542
          1.866      -0.0312472        0.559025
          1.868        -0.03235          0.5236
           1.87      -0.0333416        0.476275
          1.872      -0.0342551          0.4538
          1.874      -0.0351568        0.440025
          1.876      -0.0360152        0.410575
          1.878      -0.0367991          0.3655
           1.88      -0.0374772        0.277725
          1.882        -0.03791        0.125325
          1.884      -0.0379785         -0.0571
          1.886      -0.0376816       -0.240025
          1.888      -0.0370184        -0.42345
           1.89      -0.0359878       -0.564425
          1.892      -0.0347607       -0.619375
          1.894      -0.0335103         -0.6302
          1.896      -0.0322399       -0.639475
          1.898      -0.0309524       -0.647225
            1.9       -0.029651         -0.6403
          1.902      -0.0283912         -0.6192
          1.904      -0.0271742        -0.61755
          1.906       -0.025921       -0.655425
          1.908      -0.0245525       -0.732775
           1.91      -0.0229899       -0.834825
          1.912      -0.0212132       -0.923325
          1.914      -0.0192966       -0.977625
          1.916      -0.0173027        -1.00065
          1.918       -0.015294        -0.99245
           1.92      -0.0133329       -0.976025
          1.922      -0.0113899       -0.976685
          1.924     -0.00942616        -0.97478
          1.926     -0.00749078      -0.9483725
          1.928     -0.00563267        -0.89751
           1.93     -0.00390074        -0.75316
          1.932     -0.00262003       -0.498885
          1.934      -0.0019052         -0.2826
          1.936     -0.00148963       -0.199615
          1.938     -0.00110674     -0.24992825
           1.94    -0.000489917     -0.37040325
          1.942     0.000374873     -0.44523175
          1.944      0.00129101     -0.45855175
          1.946      0.00220908       -0.447165
          1.948      0.00307967      -0.4110775
           1.95      0.00385339      -0.3445775
          1.952      0.00445798      -0.2645125
          1.954      0.00491144      -0.2104325
          1.956      0.00529971      -0.1993325
          1.958      0.00570877      -0.2312075
           1.96      0.00622454       -0.290645
          1.962      0.00687135        -0.34316
          1.964      0.00759718       -0.375555
          1.966      0.00837357        -0.39371
          1.968      0.00917202      -0.3976175
           1.97      0.00996404        -0.46182
          1.972       0.0110193        -0.61899
          1.974         0.01244        -0.73185
          1.976       0.0139467         -0.7049
          1.978       0.0152596       -0.538175
           1.98       0.0160994        0.004125
          1.982       0.0152431        0.928925
          1.984       0.0123837       1.6568625
          1.986      0.00861565       1.8375625
          1.988      0.00503345       1.4710375
           1.99       0.0027315        0.874725
          1.992      0.00153455      0.53591875
          1.994     0.000587825       0.3920308
          1.996    -3.35732e-05      0.21059325
          1.998    -0.000254548      -0.0083933
              2               0       -0.063637
          2.002               0               0
          2.004               0               0
          2.006               0               0
          2.008               0               0
           2.01               0               0
          2.012               0               0
          2.014               0               0
          2.016               0               0
          2.018               0               0
           2.02               0               0
          2.022               0               0
          2.024               0               0
          2.026               0               0
          2.028               0               0
           2.03               0               0
          2.032               0               0
          2.034               0               0
          2.036               0               0
          2.038               0               0
           2.04               0               0
          2.042               0               0
          2.044               0               0
          2.046               0               0
          2.048               0               0
           2.05               0               0
          2.052               0               0
          2.054               0               0
          2.056               0               0
          2.058               0               0
           2.06               0               0
          2.062               0               0
          2.064               0               0
          2.066               0               0
          2.068               0               0
           2.07               0               0
          2.072               0               0
          2.074               0               0
          2.076               0               0
          2.078               0               0
           2.08               0               0
          2.082               0               0
          2.084               0               0
          2.086               0               0
          2.088               0               0
           2.09               0               0
          2.092               0               0
          2.094               0               0
          2.096               0               0
          2.098               0               0
            2.1               0               0
          2.102               0               0
          2.104               0               0
          2.106               0               0
          2.108               0               0
           2.11               0               0
          2.112               0               0
          2.114               0               0
          2.116               0               0
          2.118               0               0
           2.12               0               0
          2.122               0               0
          2.124               0               0
          2.126               0               0
          2.128               0               0
           2.13               0               0
          2.132               0               0
          2.134               0               0
          2.136               0               0
          2.138               0               0
           2.14               0               0
          2.142               0               0
          2.144               0               0
          2.146               0               0
          2.148               0               0
           2.15               0               0
          2.152               0               0
          2.154               0               0
          2.156               0               0
          2.158               0               0
           2.16               0               0
          2.162               0               0
          2.164               0               0
          2.166               0               0
          2.168               0               0
           2.17               0               0
          2.172               0               0
          2.174               0               0
          2.176               0               0
          2.178               0               0
           2.18               0               0
          2.182               0               0
          2.184               0               0
          2.186               0               0
          2.188               0               0
           2.19               0               0
          2.192               0               0
          2.194               0               0
          2.196               0               0
          2.198               0               0
            2.2               0               0
          2.202               0               0
          2.204               0               0
          2.206               0               0
          2.208               0               0
           2.21               0               0
          2.212               0               0
          2.214               0               0
          2.216               0               0
          2.218               0               0
           2.22               0               0
          2.222               0               0
          2.224               0               0
          2.226               0               0
          2.228               0               0
           2.23               0               0
          2.232               0               0
          2.234               0               0
          2.236               0               0
          2.238               0               0
           2.24               0               0
          2.242               0               0
          2.244               0               0
          2.246               0               0
          2.248               0               0
           2.25               0               0
          2.252               0               0
          2.254               0               0
          2.256               0               0
          2.258               0               0
           2.26               0               0
          2.262               0               0
          2.264               0               0
          2.266               0               0
          2.268               0               0
           2.27               0               0
          2.272               0               0
          2.274               0               0
          2.276               0               0
          2.278               0               0
           2.28               0               0
          2.282               0               0
          2.284               0               0
          2.286               0               0
          2.288               0               0
           2.29               0               0
          2.292               0               0
          2.294               0               0
          2.296               0               0
          2.298               0               0
            2.3               0               0
          2.302               0               0
          2.304               0               0
          2.306               0               0
          2.308               0               0
           2.31               0               0
          2.312               0               0
          2.314               0               0
          2.316               0               0
          2.318               0               0
           2.32               0               0
          2.322               0               0
          2.324               0               0
          2.326               0               0
          2.328               0               0
           2.33               0               0
          2.332               0               0
          2.334               0               0
          2.336               0               0
          2.338               0               0
           2.34               0               0
          2.342               0               0
          2.344               0               0
          2.346               0               0
          2.348               0               0
           2.35               0               0
          2.352               0               0
          2.354               0               0
          2.356               0               0
          2.358               0               0
           2.36               0               0
          2.362               0               0
          2.364               0               0
          2.366               0               0
          2.368               0               0
           2.37               0               0
          2.372               0               0
          2.374               0               0
          2.376               0               0
          2.378               0               0
           2.38               0               0
          2.382               0               0
          2.384               0               0
          2.386               0               0
          2.388               0               0
           2.39               0               0
          2.392               0               0
          2.394               0               0
          2.396               0               0
          2.398               0               0
            2.4               0               0
          2.402               0               0
          2.404               0               0
          2.406               0               0
          2.408               0               0
           2.41               0               0
          2.412               0               0
          2.414               0               0
          2.416               0               0
          2.418               0               0
           2.42               0               0
          2.422               0               0
          2.424               0               0
          2.426               0               0
          2.428               0               0
           2.43               0               0
          2.432               0               0
          2.434               0               0
          2.436               0               0
          2.438               0               0
           2.44               0               0
          2.442               0               0
          2.444               0               0
          2.446               0               0
          2.448               0               0
           2.45               0               0
          2.452               0               0
          2.454               0               0
          2.456               0               0
          2.458               0               0
           2.46               0               0
          2.462               0               0
          2.464               0               0
          2.466               0               0
          2.468               0               0
           2.47               0               0
          2.472               0               0
          2.474               0               0
          2.476               0               0
          2.478               0               0
           2.48               0               0
          2.482               0               0
          2.484               0               0
          2.486               0               0
          2.488               0               0
           2.49               0               0
          2.492               0               0
          2.494               0               0
          2.496               0               0
          2.498               0               0
            2.5               0               0
          2.502               0               0
          2.504               0               0
          2.506               0               0
          2.508               0               0
           2.51               0               0
          2.512               0               0
          2.514               0               0
          2.516               0               0
          2.518               0               0
           2.52               0               0
          2.522               0               0
          2.524               0               0
          2.526               0               0
          2.528               0               0
           2.53               0               0
          2.532               0               0
          2.534               0               0
          2.536               0               0
          2.538               0               0
           2.54               0               0
          2.542               0               0
          2.544               0               0
          2.546               0               0
          2.548               0               0
           2.55               0               0
          2.552               0               0
          2.554               0               0
          2.556               0               0
          2.558               0               0
           2.56               0               0
          2.562               0               0
          2.564               0               0
          2.566               0               0
          2.568               0               0
           2.57               0               0
          2.572               0               0
          2.574               0               0
          2.576               0               0
          2.578               0               0
           2.58               0               0
          2.582               0               0
          2.584               0               0
          2.586               0               0
          2.588               0               0
           2.59               0               0
          2.592               0               0
          2.594               0               0
          2.596               0               0
          2.598               0               0
            2.6               0               0
          2.602               0               0
          2.604               0               0
          2.606               0               0
          2.608               0               0
           2.61               0               0
          2.612               0               0
          2.614               0               0
          2.616               0               0
          2.618               0               0
           2.62               0               0
          2.622               0               0
          2.624               0               0
          2.626               0               0
          2.628               0               0
           2.63               0               0
          2.632               0               0
          2.634               0               0
          2.636               0               0
          2.638               0               0
           2.64               0               0
          2.642               0               0
          2.644               0               0
          2.646               0               0
          2.648               0               0
           2.65               0               0
          2.652               0               0
          2.654               0               0
          2.656               0               0
          2.658               0               0
           2.66               0               0
          2.662               0               0
          2.664               0               0
          2.666               0               0
          2.668               0               0
           2.67               0               0
          2.672               0               0
          2.674               0               0
          2.676               0               0
          2.678               0               0
           2.68               0               0
          2.682               0               0
          2.684               0               0
          2.686               0               0
          2.688               0               0
           2.69               0               0
          2.692               0               0
          2.694               0               0
          2.696               0               0
          2.698               0               0
            2.7               0               0
          2.702               0               0
          2.704               0               0
          2.706               0               0
          2.708               0               0
           2.71               0               0
          2.712               0               0
          2.714               0               0
          2.716               0               0
          2.718               0               0
           2.72               0               0
          2.722               0               0
          2.724               0               0
          2.726               0               0
          2.728               0               0
           2.73               0               0
          2.732               0               0
          2.734               0               0
          2.736               0               0
          2.738               0               0
           2.74               0               0
          2.742               0               0
          2.744               0               0
          2.746               0               0
          2.748               0               0
           2.75               0               0
          2.752               0               0
          2.754               0               0
          2.756               0               0
          2.758               0               0
           2.76               0               0
          2.762               0               0
          2.764               0               0
          2.766               0               0
          2.768               0               0
           2.77               0               0
          2.772               0               0
          2.774               0               0
          2.776               0               0
          2.778               0               0
           2.78               0               0
          2.782               0               0
          2.784               0               0
          2.786               0               0
          2.788               0               0
           2.79               0               0
          2.792               0               0
          2.794               0               0
          2.796               0               0
          2.798               0               0
            2.8               0               0
          2.802               0               0
          2.804               0               0
          2.806               0               0
          2.808               0               0
           2.81               0               0
          2.812               0               0
          2.814               0               0
          2.816               0               0
          2.818               0               0
           2.82               0               0
          2.822               0               0
          2.824               0               0
          2.826               0               0
          2.828               0               0
           2.83               0               0
          2.832               0               0
          2.834               0               0
          2.836               0               0
          2.838               0               0
           2.84               0               0
          2.842               0               0
          2.844               0               0
          2.846               0               0
          2.848               0               0
           2.85               0               0
          2.852               0               0
          2.854               0               0
          2.856               0               0
          2.858               0               0
           2.86               0               0
          2.862               0               0
          2.864               0               0
          2.866               0               0
          2.868               0               0
           2.87               0               0
          2.872               0               0
          2.874               0               0
          2.876               0               0
          2.878               0               0
           2.88               0               0
          2.882               0               0
          2.884               0               0
          2.886               0               0
          2.888               0               0
           2.89               0               0
          2.892               0               0
          2.894               0               0
          2.896               0               0
          2.898               0               0
            2.9               0               0
          2.902               0               0
          2.904               0               0
          2.906               0               0
          2.908               0               0
           2.91               0               0
          2.912               0               0
          2.914               0               0
          2.916               0               0
          2.918               0               0
           2.92               0               0
          2.922               0               0
          2.924               0               0
          2.926               0               0
          2.928               0               0
           2.93               0               0
          2.932               0               0
          2.934               0               0
          2.936               0               0
          2.938               0               0
           2.94               0               0
          2.942               0               0
          2.944               0               0
          2.946               0               0
          2.948               0               0
           2.95               0               0
          2.952               0               0
          2.954               0               0
          2.956               0               0
          2.958               0               0
           2.96               0               0
          2.962               0               0
          2.964               0               0
          2.966               0               0
          2.968               0               0
           2.97               0               0
          2.972               0               0
          2.974               0               0
          2.976               0               0
          2.978               0               0
           2.98               0               0
          2.982               0               0
          2.984               0               0
          2.986               0               0
          2.988               0               0
           2.99               0               0
          2.992               0               0
          2.994               0               0
          2.996               0               0
          2.998               0               0
              3               0               0
          3.002               0               0
          3.004               0               0
          3.006               0               0
          3.008               0               0
           3.01               0               0
          3.012               0               0
          3.014               0               0
          3.016               0               0
          3.018               0               0
           3.02               0               0
          3.022               0               0
          3.024               0               0
          3.026               0               0
          3.028               0               0
           3.03               0               0
          3.032               0               0
          3.034               0               0
          3.036               0               0
          3.038               0               0
           3.04               0               0
          3.042               0               0
          3.044               0               0
          3.046               0               0
          3.048               0               0
           3.05               0               0
          3.052               0               0
          3.054               0               0
          3.056               0               0
          3.058               0               0
           3.06               0               0
          3.062               0               0
          3.064               0               0
          3.066               0               0
          3.068               0               0
           3.07               0               0
          3.072               0               0
          3.074               0               0
          3.076               0               0
          3.078               0               0
           3.08               0               0
          3.082               0               0
          3.084               0               0
          3.086               0               0
          3.088               0               0
           3.09               0               0
          3.092               0               0
          3.094               0               0
          3.096               0               0
          3.098               0               0
            3.1               0               0
          3.102               0               0
          3.104               0               0
          3.106               0               0
          3.108               0               0
           3.11               0               0
          3.112               0               0
          3.114               0               0
          3.116               0               0
          3.118               0               0
           3.12               0               0
          3.122               0               0
          3.124               0               0
          3.126               0               0
          3.128               0               0
           3.13               0               0
          3.132               0               0
          3.134               0               0
          3.136               0               0
          3.138               0               0
           3.14               0               0
          3.142               0               0
          3.144               0               0
          3.146               0               0
          3.148               0               0
           3.15               0               0
          3.152               0               0
          3.154               0               0
          3.156               0               0
          3.158               0               0
           3.16               0               0
          3.162               0               0
          3.164               0               0
          3.166               0               0
          3.168               0               0
           3.17               0               0
          3.172               0               0
          3.174               0               0
          3.176               0               0
          3.178               0               0
           3.18               0               0
          3.182               0               0
          3.184               0               0
          3.186               0               0
          3.188               0               0
           3.19               0               0
          3.192               0               0
          3.194               0               0
          3.196               0               0
          3.198               0               0
            3.2               0               0
          3.202               0               0
          3.204               0               0
          3.206               0               0
          3.208               0               0
           3.21               0               0
          3.212               0               0
          3.214               0               0
          3.216               0               0
          3.218               0               0
           3.22               0               0
          3.222               0               0
          3.224               0               0
          3.226               0               0
          3.228               0               0
           3.23               0               0
          3.232               0               0
          3.234               0               0
          3.236               0               0
          3.238               0               0
           3.24               0               0
          3.242               0               0
          3.244               0               0
          3.246               0               0
          3.248               0               0
           3.25               0               0
          3.252               0               0
          3.254               0               0
          3.256               0               0
          3.258               0               0
           3.26               0               0
          3.262               0               0
          3.264               0               0
          3.266               0               0
          3.268               0               0
           3.27               0               0
          3.272               0               0
          3.274               0               0
          3.276               0               0
          3.278               0               0
           3.28               0               0
          3.282               0               0
          3.284               0               0
          3.286               0               0
          3.288               0               0
           3.29               0               0
          3.292               0               0
          3.294               0               0
          3.296               0               0
          3.298               0               0
            3.3               0               0
          3.302               0               0
          3.304               0               0
          3.306               0               0
          3.308               0               0
           3.31               0               0
          3.312               0               0
          3.314               0               0
          3.316               0               0
          3.318               0               0
           3.32               0               0
          3.322               0               0
          3.324               0               0
          3.326               0               0
          3.328               0               0
           3.33               0               0
          3.332               0               0
          3.334               0               0
          3.336               0               0
          3.338               0               0
           3.34               0               0
          3.342               0               0
          3.344               0               0
          3.346               0               0
          3.348               0               0
           3.35               0               0
          3.352               0               0
          3.354               0               0
          3.356               0               0
          3.358               0               0
           3.36               0               0
          3.362               0               0
          3.364               0               0
          3.366               0               0
          3.368               0               0
           3.37               0               0
          3.372               0               0
          3.374               0               0
          3.376               0               0
          3.378               0               0
           3.38               0               0
          3.382               0               0
          3.384               0               0
          3.386               0               0
          3.388               0               0
           3.39               0               0
          3.392               0               0
          3.394               0               0
          3.396               0               0
          3.398               0               0
            3.4               0               0
          3.402               0               0
          3.404               0               0
          3.406               0               0
          3.408               0               0
           3.41               0               0
          3.412               0               0
          3.414               0               0
          3.416               0               0
          3.418               0               0
           3.42               0               0
          3.422               0               0
          3.424               0               0
          3.426               0               0
          3.428               0               0
           3.43               0               0
          3.432               0               0
          3.434               0               0
          3.436               0               0
          3.438               0               0
           3.44               0               0
          3.442               0               0
          3.444               0               0
          3.446               0               0
          3.448               0               0
           3.45               0               0
          3.452               0               0
          3.454               0               0
          3.456               0               0
          3.458               0               0
           3.46               0               0
          3.462               0               0
          3.464               0               0
          3.466               0               0
          3.468               0               0
           3.47               0               0
          3.472               0               0
          3.474               0               0
          3.476               0               0
          3.478               0               0
           3.48               0               0
          3.482               0               0
          3.484               0               0
          3.486               0               0
          3.488               0               0
           3.49               0               0
          3.492               0               0
          3.494               0               0
          3.496               0               0
          3.498               0               0
            3.5               0               0
