          0.002        576303.7        18970854
          0.004       539609.61        17762952
          0.006       505251.89        16631959
          0.008       473081.78        15572978
           0.01       442959.98        14581424
          0.012       414756.08        13653004
          0.014       388347.96        12783698
          0.016       363621.29        11969741
          0.018          340469        11207611
           0.02       318790.84        10494006
          0.022       298492.97       9825837.4
          0.024        279487.5       9200212.2
          0.026       261692.12       8614421.5
          0.028       245029.81       8065928.8
           0.03       229428.41       7552359.5
          0.032       214820.37       7071489.9
          0.034       201142.45         6621238
          0.036       188335.42       6199654.2
          0.038       176343.83       5804913.3
           0.04       165115.77       5435306.1
          0.042       154602.61       5089232.3
          0.044       144758.84       4765193.6
          0.046       135541.83       4461786.8
          0.048       126911.69       4177698.5
           0.05       118831.04       3911698.4
          0.052        111264.9       3662634.9
          0.054        104180.5       3429429.7
          0.056       97547.177       3211072.9
          0.058       91336.208       3006619.3
           0.06         85520.7       2815183.5
          0.062       80075.474       2635936.7
          0.064       74976.953       2468102.8
          0.066       70203.063       2310955.2
          0.068       65733.132       2163813.3
           0.07       61547.809       2026040.2
          0.072       57628.972       1897039.3
          0.074       53959.652       1776252.1
          0.076       50523.963       1663155.6
          0.078        47307.03       1557260.1
           0.08       44294.923       1458107.1
          0.082       41474.601       1365267.3
          0.084       38833.854       1278338.8
          0.086       36361.246       1196945.1
          0.088       34046.073       1120733.9
           0.09       31878.311       1049375.1
          0.092       29848.573        982559.9
          0.094       27948.071        919998.9
          0.096       26168.577       861421.24
          0.098       24502.386       806573.31
            0.1       22942.284       755217.63
          0.102       21481.516       707131.83
          0.104       20113.757       662107.73
          0.106       18833.085       619950.38
          0.108       17633.955       580477.24
           0.11       16511.176       543517.42
          0.112       15459.886       508910.88
          0.114       14475.532        476507.8
          0.116       13553.854       446167.86
          0.118       12690.861       417759.71
           0.12       11882.816       391160.34
          0.122        11126.22        366254.6
          0.124       10417.797       342934.64
          0.126        9754.481        321099.5
          0.128       9133.3992       300654.63
           0.13       8551.8625       281511.52
          0.132       8007.3531       263587.28
          0.134       7497.5134       246804.29
          0.136       7020.1359       231089.91
          0.138       6573.1537       216376.08
           0.14       6154.6316       202599.11
          0.142       5762.7573       189699.33
          0.144       5395.8342        177620.9
          0.146       5052.2737       166311.52
          0.148       4730.5882       155722.23
           0.15       4429.3848       145807.17
          0.152       4147.3595       136523.42
          0.154       3883.2911       127830.77
          0.156       3636.0364        119691.6
          0.158       3404.5247       112070.67
           0.16       3187.7537       104934.97
          0.162       2984.7849       98253.606
          0.164       2794.7393       91997.657
          0.166       2616.7942       86140.034
          0.168       2450.1792       80655.374
           0.17       2294.1727        75519.93
          0.172       2148.0995       70711.467
          0.174       2011.3269       66209.166
          0.176       1883.2628       61993.533
          0.178       1763.3527       58046.316
           0.18       1651.0775       54350.423
          0.182        1545.951       50889.853
          0.184       1447.5181       47649.623
          0.186       1355.3525       44615.703
          0.188       1269.0553       41774.957
           0.19       1188.2527       39115.085
          0.192        1112.595       36624.571
          0.194       1041.7544       34292.632
          0.196       975.42443       32109.171
          0.198       913.31775       30064.734
            0.2       855.16549       28150.469
          0.202       800.71588       26358.088
          0.204       749.73314       24679.831
          0.206       701.99655        23108.43
          0.208       657.29942       21637.083
           0.21       615.44822       20259.419
          0.212       576.26175       18969.473
          0.214       539.57033       17761.659
          0.216       505.21511       16630.748
          0.218       473.04734       15571.845
           0.22       442.92773       14580.363
          0.222       414.72588        13652.01
          0.224       388.31969       12782.767
          0.226       363.59482        11968.87
          0.228       340.44421       11206.795
           0.23       318.76764       10493.242
          0.232       298.47124       9825.1221
          0.234       279.46715       9199.5425
          0.236       261.67307       8613.7943
          0.238       245.01197       8065.3417
           0.24       229.41171       7551.8097
          0.242       214.80473       7070.9751
          0.244       201.12781        6620.756
          0.246       188.32171       6199.2029
          0.248       176.33099       5804.4907
           0.25       165.10375       5434.9104
          0.252       154.59135       5088.8619
          0.254        144.7483       4764.8467
          0.256       135.53197        4461.462
          0.258       126.90245       4177.3943
           0.26       118.82239       3911.4136
          0.262        111.2568       3662.3683
          0.264       104.17292         3429.18
          0.266       97.540076       3210.8392
          0.268       91.329559       3006.4004
           0.27       85.514474       2814.9786
          0.272       80.069645       2635.7448
          0.274       74.971495       2467.9232
          0.276       70.197952       2310.7869
          0.278       65.728347       2163.6558
           0.28       61.543329       2025.8927
          0.282       57.624776       1896.9012
          0.284       53.955724       1776.1228
          0.286       50.520285       1663.0345
          0.288       47.303586       1557.1467
           0.29       44.291698       1458.0009
          0.292       41.471582       1365.1679
          0.294       38.831027       1278.2457
          0.296       36.358599       1196.8579
          0.298       34.043595       1120.6523
            0.3        31.87599       1049.2987
          0.302         29.8464       1138.3226
          0.304         27.3227         1210.45
          0.306         25.0046         1081.95
          0.308         22.9949          902.15
           0.31          21.396         741.575
          0.312         20.0286          674.55
          0.314         18.6978         636.575
          0.316         17.4823         559.175
          0.318         16.4611           442.3
           0.32         15.7131         331.275
          0.322          15.136           285.9
          0.324         14.5695         282.525
          0.326         14.0059         283.075
          0.328         13.4372           287.6
           0.33         12.8555           294.9
          0.332         12.2576           301.1
          0.334         11.6511         303.275
          0.336         11.0445         301.175
          0.338         10.4464        294.7375
           0.34         9.86555          277.09
          0.342         9.33804          243.98
          0.344         8.88963          206.18
          0.346         8.51332        171.8775
          0.348         8.20212        141.0775
           0.35         7.94901        119.1125
          0.352         7.72567        110.1375
          0.354         7.50846        107.0625
          0.356         7.29742        103.9675
          0.358         7.09259         100.855
           0.36           6.894           99.37
          0.362         6.69511        100.0275
          0.364         6.49389          99.495
          0.366         6.29713           95.56
          0.368         6.11165         88.2175
           0.37         5.94426         78.9675
          0.372         5.79578         70.9825
          0.374         5.66033         65.2925
          0.376         5.53461         61.2425
          0.378         5.41536         58.8275
           0.38          5.2993         57.2325
          0.382         5.18643           55.59
          0.384         5.07694         54.6575
          0.386          4.9678          55.235
          0.388           4.856         57.3175
           0.39         4.73853         60.5975
          0.392         4.61361         63.6775
          0.394         4.48382         65.2325
          0.396         4.35268         65.0325
          0.398         4.22369         63.0725
            0.4         4.10039          60.515
          0.402         3.98163          59.085
          0.404         3.86405          58.445
          0.406         3.74785         57.7125
          0.408          3.6332         56.8925
           0.41         3.52028         56.1175
          0.412         3.40873         55.5625
          0.414         3.29803           55.15
          0.416         3.18813         54.7575
          0.418           3.079           54.39
           0.42         2.97057         54.0225
          0.422         2.86291         53.5175
          0.424          2.7565         52.7525
          0.426          2.6519            51.7
          0.428          2.5497         50.3575
           0.43         2.45047           48.72
          0.432         2.35482          47.005
          0.434         2.26245         45.5625
          0.436         2.17257           44.52
          0.438         2.08437         43.8725
           0.44         1.99708          43.505
          0.442         1.91035           43.13
          0.444         1.82456         42.6025
          0.446         1.73994         41.9575
          0.448         1.65673         41.1925
           0.45         1.57517         40.2275
          0.452         1.49582         39.0225
          0.454         1.41908           37.72
          0.456         1.34494         36.4225
          0.458         1.27339         35.1325
           0.46         1.20441          34.015
          0.462         1.13733         33.1625
          0.464         1.07176          32.295
          0.466         1.00815        31.20125
          0.468        0.946955        29.88075
           0.47        0.888627         28.7135
          0.472        0.832101        28.17025
          0.474        0.775946         28.0105
          0.476        0.720059        27.90175
          0.478        0.664339         27.8435
           0.48        0.608685        27.85175
          0.482        0.552932          27.853
          0.484        0.497273        27.69675
          0.486        0.442145        27.32225
          0.488        0.387984        26.72975
           0.49        0.335226         24.8175
          0.492        0.288714        21.01025
          0.494        0.251185          17.198
          0.496        0.219922          14.745
          0.498        0.192205          13.651
            0.5        0.165318        13.56275
          0.502        0.137954         13.5905
          0.504        0.110956        13.28215
          0.506       0.0848254       12.722225
          0.508       0.0600671       11.910425
           0.51       0.0371837        11.05555
          0.512       0.0158449       10.477275
          0.514      -0.0047254         10.1343
          0.516      -0.0246923        9.873875
          0.518      -0.0442209         9.69605
           0.52      -0.0634765         9.92835
          0.522      -0.0839343       10.419125
          0.524       -0.105153       10.121675
          0.526       -0.124421          8.4695
          0.528       -0.139031         5.46225
           0.53        -0.14627         2.38275
          0.532       -0.148562           1.002
          0.534       -0.150278         0.76575
          0.536       -0.151625          0.6335
          0.538       -0.152812           0.606
           0.54       -0.154049         0.64075
          0.542       -0.155375         0.65875
          0.544       -0.156684           0.648
          0.546       -0.157967           0.633
          0.548       -0.159216         0.61375
           0.55       -0.160422         0.59225
          0.552       -0.161585          0.3915
          0.554       -0.161988        -0.25925
          0.556       -0.160548         -1.4525
          0.558       -0.156178        -3.18825
           0.56       -0.147795         -5.0095
          0.562        -0.13614            -6.2
          0.564       -0.122995        -6.82575
          0.566       -0.108837       -7.212625
          0.568      -0.0941445       -7.360775
           0.57      -0.0793939        -7.44735
          0.572      -0.0643551         -7.6447
          0.574      -0.0488151         -7.7693
          0.576      -0.0332779       -7.641975
          0.578      -0.0182472        -7.26274
           0.58     -0.00422694        -6.49615
          0.582       0.0077374        -5.47571
          0.584       0.0176759        -4.74015
          0.586        0.026698        -4.55935
          0.588       0.0359133       -4.933275
           0.59       0.0464311         -5.6963
          0.592       0.0586985        -6.37445
          0.594       0.0719289       -6.670725
          0.596       0.0853814         -6.5966
          0.598       0.0983153        -6.15215
            0.6         0.10999       -5.489425
          0.602        0.120273         -4.9045
          0.604        0.129608         -4.4605
          0.606        0.138115         -4.0765
          0.608        0.145914        -3.75275
           0.61        0.153126         -3.3985
          0.612        0.159508        -2.98425
          0.614        0.165063        -2.69225
          0.616        0.170277        -2.64375
          0.618        0.175638          -2.839
           0.62        0.181633        -3.53725
          0.622        0.189787          -4.612
          0.624        0.200081        -5.22475
          0.626        0.210686          -4.924
          0.628        0.219777           -3.71
           0.63        0.225526        -1.92425
          0.632        0.227474          -0.424
          0.634        0.227222          0.3615
          0.636        0.226028          0.5175
          0.638        0.225152         0.04375
           0.64        0.225853        -0.66875
          0.642        0.227827         -1.0095
          0.644        0.229891           -1.04
          0.646        0.231987        -1.04125
          0.648        0.234056        -1.01325
           0.65         0.23604         -1.0885
          0.652         0.23841         -1.2725
          0.654         0.24113          -1.243
          0.656        0.243382          -0.804
          0.658        0.244346          0.0445
           0.66        0.243204         1.32525
          0.662        0.239045           2.722
          0.664        0.232316          3.7035
          0.666        0.224231         4.07875
          0.668        0.216001         3.84775
           0.67         0.20884           3.341
          0.672        0.202637          3.0955
          0.674        0.196458         3.08775
          0.676        0.190286           3.089
          0.678        0.184102         3.09925
           0.68        0.177889          3.1555
          0.682         0.17148         3.26625
          0.684        0.164824           3.351
          0.686        0.158076         3.35875
          0.688        0.151389          3.2895
           0.69        0.144918         2.53025
          0.692        0.141268         0.89325
          0.694        0.141345        -0.37125
          0.696        0.142753          -0.438
          0.698        0.143097         0.69325
            0.7         0.13998          2.4065
          0.702        0.133471         3.61825
          0.704        0.125507           4.243
          0.706        0.116499          4.6625
          0.708        0.106857        4.877475
           0.71       0.0969891         5.35265
          0.712       0.0854464        6.311625
          0.714       0.0717426        6.928175
          0.716       0.0577337          6.6166
          0.718       0.0452762        5.376875
           0.72       0.0362262         2.99045
          0.722       0.0333144         0.06745
          0.724       0.0359564        -1.93035
          0.726       0.0410358       -2.369975
          0.728       0.0454363        -1.25135
           0.73       0.0460412          0.4887
          0.732       0.0434815         1.40685
          0.734       0.0404138        1.680225
          0.736       0.0367606        1.992375
          0.738       0.0324443          2.3433
           0.74       0.0273874        3.199675
          0.742       0.0196456        4.586895
          0.744      0.00903982        5.376395
          0.746     -0.00185998        4.880905
          0.748      -0.0104838         3.10038
           0.75      -0.0142615          0.9509
          0.752      -0.0142874        -0.18905
          0.754      -0.0135053        -0.54185
          0.756        -0.01212       -0.792275
          0.758      -0.0103362       -0.940305
           0.76     -0.00835878        -0.99056
          0.762     -0.00637396      -0.9951175
          0.764     -0.00437831       -1.020505
          0.766     -0.00229194      -1.0858413
          0.768     -3.4945e-05       -1.191125
           0.77      0.00247256      -1.4565263
          0.772      0.00579116       -1.891735
          0.774       0.0100395       -2.210885
          0.776       0.0146347        -2.23855
          0.778       0.0189937        -1.97475
           0.78       0.0225337       -1.545675
          0.782       0.0251764       -1.166575
          0.784          0.0272          -0.845
          0.786       0.0285564       -0.499275
          0.788       0.0291971       -0.129325
           0.79       0.0290737         0.24035
          0.792       0.0282357        0.546275
          0.794       0.0268886          0.7544
          0.796       0.0252181        0.869625
          0.798       0.0234101        0.891925
            0.8       0.0216504         1.02185
          0.802       0.0193227        1.389125
          0.804       0.0160939        1.686975
          0.806       0.0125748       1.6794275
          0.808      0.00937619       1.3665125
           0.81      0.00710875      -1.2933775
          0.812       0.0145497      -6.8270625
          0.814        0.034417       -10.92075
          0.816       0.0582327      -10.775375
          0.818       0.0775185       -6.390925
           0.82       0.0837964       -0.804575
          0.822       0.0807368        1.532475
          0.824       0.0776665        1.536025
          0.826       0.0745927        1.536125
          0.828        0.071522        1.532775
           0.83       0.0684616        1.528475
          0.832       0.0654081          1.5268
          0.834       0.0623544        1.526675
          0.836       0.0593014        1.526125
          0.838       0.0562499        1.525175
           0.84       0.0532007          1.4547
          0.842       0.0504311        1.255475
          0.844       0.0481788          1.0113
          0.846       0.0463859          0.7961
          0.848       0.0449944          0.6099
           0.85       0.0439463          0.1366
          0.852        0.044448         -0.7473
          0.854       0.0469355       -1.436675
          0.856       0.0501947       -1.519075
          0.858       0.0530118         -0.9946
           0.86       0.0541731       -0.075725
          0.862       0.0533147           0.705
          0.864       0.0513531          1.0802
          0.866       0.0489939        1.102475
          0.868       0.0469432          0.7718
           0.87       0.0459067          0.1115
          0.872       0.0464972        -0.59405
          0.874       0.0482829        -0.97635
          0.876       0.0504026       -0.928075
          0.878       0.0519952       -0.449275
           0.88       0.0521997        0.389125
          0.882       0.0504387         1.23605
          0.884       0.0472555          1.7423
          0.886       0.0434695        1.838825
          0.888       0.0399002        1.525625
           0.89        0.037367        0.835675
          0.892       0.0365575        0.076175
          0.894       0.0370623         -0.3744
          0.896       0.0380551         -0.4119
          0.898       0.0387099       -0.036325
            0.9       0.0382004        1.199925
          0.902       0.0339102        3.128425
          0.904       0.0256867          4.3778
          0.906        0.016399       4.1925875
          0.908      0.00891635         2.57275
           0.91        0.006108       0.1526775
          0.912      0.00830564       -1.697725
          0.914       0.0128989       -2.509565
          0.916       0.0183439       -2.549475
          0.918       0.0230968        -1.81745
           0.92       0.0256137       -0.842475
          0.922       0.0264667        -0.40665
          0.924       0.0272403         -0.3605
          0.926       0.0279087       -0.301525
          0.928       0.0284464        -0.22975
           0.93       0.0288277       -0.107375
          0.932       0.0288759        0.061425
          0.934        0.028582        0.175875
          0.936       0.0281724        0.177075
          0.938       0.0278737        0.065075
           0.94       0.0279121       -0.688325
          0.942        0.030627        -2.16585
          0.944       0.0365755        -3.17085
          0.946       0.0433104       -2.952375
          0.948        0.048385        -1.51045
           0.95       0.0493522          0.3342
          0.952       0.0470482          1.2982
          0.954       0.0441594         1.50845
          0.956       0.0410144        1.554425
          0.958       0.0379417         1.43615
           0.96       0.0352698        1.252375
          0.962       0.0329322        1.152425
          0.964       0.0306601         1.11335
          0.966       0.0284788        1.061625
          0.968       0.0264136          0.9973
           0.97       0.0244896          0.5859
          0.972         0.02407         -0.2919
          0.974       0.0256572        -0.97885
          0.976       0.0279854       -1.032925
          0.978       0.0297889         -0.4541
           0.98       0.0298018          0.8438
          0.982       0.0264137        2.405325
          0.984       0.0201805        3.331925
          0.986        0.013086        3.266605
          0.988      0.00711408        2.209385
           0.99      0.00424846       0.8472975
          0.992      0.00372489       0.1940475
          0.994      0.00347227       0.0526975
          0.996       0.0035141         -0.1004
          0.998      0.00387387      -0.2652475
              1      0.00457509      -0.3967475
          1.002      0.00546086        -0.45325
          1.004      0.00638809      -0.4850425
          1.006      0.00740103       -0.538965
          1.008      0.00854395       -0.615015
           1.01      0.00986109      -0.8049375
          1.012       0.0117637      -1.1105025
          1.014       0.0143031        -1.30495
          1.016       0.0169835       -1.251525
          1.018       0.0193092       -0.950275
           1.02       0.0207846         -0.5035
          1.022       0.0213232       -0.142775
          1.024       0.0213557        0.040375
          1.026       0.0211617         0.08375
          1.028       0.0210207       -0.012725
           1.03       0.0212126         -0.2011
          1.032       0.0218251         -0.3629
          1.034       0.0226642        -0.44035
          1.036       0.0235865        -0.44615
          1.038       0.0244488       -0.380275
           1.04       0.0251076         -0.1042
          1.042       0.0248656          0.3893
          1.044       0.0235504          0.7649
          1.046        0.021806          0.8185
          1.048       0.0202764        0.550075
           1.05       0.0196057       -0.235825
          1.052       0.0212197       -1.370375
          1.054       0.0250872         -2.1119
          1.056       0.0296673       -2.082975
          1.058       0.0334191       -1.283575
           1.06       0.0348016       -0.012525
          1.062       0.0334692         1.02085
          1.064       0.0307182         1.49975
          1.066       0.0274702        1.517775
          1.068       0.0246471          1.0749
           1.07       0.0231706          0.5087
          1.072       0.0226123        0.262275
          1.074       0.0221215          0.1563
          1.076       0.0219871         -0.0941
          1.078       0.0224979        -0.48885
           1.08       0.0239425       -0.868725
          1.082       0.0259728        -1.02335
          1.084       0.0280359         -1.0353
          1.086        0.030114         -1.0384
          1.088       0.0321895         -1.0326
           1.09       0.0342444       -1.021925
          1.092       0.0362772         -1.0125
          1.094       0.0382944        -1.00325
          1.096       0.0402902        -0.99115
          1.098        0.042259       -0.976225
            1.1       0.0441951        -0.43685
          1.102       0.0440064        0.831275
          1.104         0.04087          1.8307
          1.106       0.0366836        1.881225
          1.108       0.0333451        0.982775
           1.11       0.0327525        -0.23105
          1.112       0.0342693       -0.803525
          1.114       0.0359666        -0.88365
          1.116       0.0378039       -0.943425
          1.118       0.0397403        -0.98285
           1.12       0.0417353       -1.033225
          1.122       0.0438732       -1.112225
          1.124       0.0461842        -1.16825
          1.126       0.0485462       -1.163275
          1.128       0.0508373        -1.09725
           1.13       0.0529352         -0.4925
          1.132       0.0528073          0.7909
          1.134       0.0497716         1.76865
          1.136       0.0457327        1.794075
          1.138       0.0425953          0.8672
           1.14       0.0422639        -0.67625
          1.142       0.0453003         -1.9838
          1.144       0.0501991       -2.615975
          1.146       0.0557642       -2.650075
          1.148       0.0607994       -2.086025
           1.15       0.0641083       -1.249375
          1.152       0.0657969       -0.719175
          1.154        0.066985        -0.55005
          1.156       0.0679971       -0.543125
          1.158       0.0691575        -0.69845
           1.16       0.0707909       -1.091525
          1.162       0.0735236       -1.622475
          1.164       0.0772808        -1.95285
          1.166        0.081335         -1.9195
          1.168       0.0849588       -1.522425
           1.17       0.0874247       -0.431075
          1.172       0.0866831         1.20195
          1.174       0.0826169          2.3215
          1.176       0.0773971        2.355525
          1.178       0.0731948        1.303925
           1.18       0.0721814         -0.2346
          1.182       0.0741332       -1.197675
          1.184       0.0769721        -1.48845
          1.186        0.080087        -1.47365
          1.188       0.0828667         -1.1533
           1.19       0.0847002       -0.774875
          1.192       0.0859662       -0.639875
          1.194       0.0872597        -0.58195
          1.196        0.088294       -0.380675
          1.198       0.0887824         -0.0361
            1.2       0.0884384        0.308525
          1.202       0.0875483         0.45775
          1.204       0.0866074        0.476475
          1.206       0.0856424          0.4819
          1.208       0.0846798        0.474075
           1.21       0.0837461        0.457525
          1.212       0.0828497         0.44165
          1.214       0.0819795        0.429025
          1.216       0.0811336        0.417425
          1.218       0.0803098        0.406875
           1.22       0.0795061       -0.050625
          1.222       0.0805123       -1.137075
          1.224       0.0840544        -2.00555
          1.226       0.0885345          -2.075
          1.228       0.0923544       -1.345475
           1.23       0.0939164        0.083225
          1.232       0.0920215        1.557275
          1.234       0.0876873        2.345325
          1.236       0.0826402        2.270175
          1.238       0.0786066        1.331825
           1.24       0.0773129        0.157475
          1.242       0.0779767         -0.3378
          1.244       0.0786641       -0.349275
          1.246       0.0793738         -0.3601
          1.248       0.0801045         -0.3703
           1.25        0.080855         -0.3838
          1.252       0.0816397       -0.400375
          1.254       0.0824565       -0.409975
          1.256       0.0832796       -0.406575
          1.258       0.0840828       -0.390175
           1.26       0.0848403          0.0055
          1.262       0.0840608         0.90775
          1.264       0.0812093        1.591675
          1.266       0.0776941        1.571425
          1.268       0.0749236         0.84705
           1.27       0.0743059         -0.1406
          1.272        0.075486       -0.677675
          1.274       0.0770166       -0.795475
          1.276       0.0786679       -0.798325
          1.278       0.0802099       -0.686225
           1.28       0.0814128        -0.53895
          1.282       0.0823657       -0.475125
          1.284       0.0833133       -0.473375
          1.286       0.0842592       -0.473425
          1.288        0.085207       -0.475325
           1.29       0.0861605       -0.480475
          1.292       0.0871289       -0.489275
          1.294       0.0881176         -0.4989
          1.296       0.0891245       -0.507475
          1.298       0.0901475       -0.514975
            1.3       0.0911844        -0.87835
          1.302       0.0936609        -1.73435
          1.304       0.0981218       -2.395775
          1.306        0.103244         -2.3953
          1.308        0.107703          -1.733
           1.31        0.110176          -0.803
          1.312        0.110915        -0.23425
          1.314        0.111113           0.015
          1.316        0.110855         0.22175
          1.318        0.110226           0.386
           1.32        0.109311          0.5445
          1.322        0.108048          0.7085
          1.324        0.106477           0.803
          1.326        0.104836           0.777
          1.328        0.103369          0.6305
           1.33        0.102314          0.3295
          1.332        0.102051         -0.0495
          1.334        0.102512          -0.304
          1.336        0.103267          -0.343
          1.338        0.103884         -0.1665
           1.34        0.103933         0.30875
          1.342        0.102649         0.93925
          1.344        0.100176          1.3008
          1.346       0.0974458        1.196475
          1.348       0.0953901         0.62645
           1.35         0.09494       -0.176125
          1.352       0.0960946       -0.750975
          1.354       0.0979439        -0.99035
          1.356        0.100056       -1.013525
          1.358        0.101998        -0.82075
           1.36        0.103339         -0.5635
          1.362        0.104252        -0.45625
          1.364        0.105164          -0.442
          1.366         0.10602        -0.40125
          1.368        0.106769          -0.334
           1.37        0.107356        -0.27025
          1.372         0.10785        -0.24325
          1.374        0.108329        -0.22675
          1.376        0.108757          -0.192
          1.378        0.109097          -0.139
           1.38        0.109313        -0.08775
          1.382        0.109448          -0.065
          1.384        0.109573        -0.06025
          1.386        0.109689        -0.05675
          1.388          0.1098          -0.055
           1.39        0.109909         -0.0545
          1.392        0.110018          -0.053
          1.394        0.110121          -0.048
          1.396         0.11021         -0.0395
          1.398        0.110279         -0.0275
            1.4         0.11032          0.0375
          1.402        0.110129         0.18175
          1.404        0.109593          0.3235
          1.406        0.108835         0.40275
          1.408        0.107982           0.419
           1.41        0.107159           0.433
          1.412         0.10625           0.504
          1.414        0.105143         0.57175
          1.416        0.103963          0.5765
          1.418        0.102837           0.518
           1.42        0.101891         0.27825
          1.422        0.101724         -0.1425
          1.424        0.102461        -0.44775
          1.426        0.103515        -0.45975
          1.428          0.1043         -0.1785
           1.43        0.104229           0.346
          1.432        0.102916           0.866
          1.434        0.100765        1.135025
          1.436       0.0983759          1.1044
          1.438       0.0963474        0.774025
           1.44       0.0952798          0.3599
          1.442       0.0949078         0.18045
          1.444        0.094558         0.17265
          1.446       0.0942172          0.1714
          1.448       0.0938724        0.176725
           1.45       0.0935103        0.186325
          1.452       0.0931271          0.1953
          1.454       0.0927291        0.202075
          1.456       0.0923188        0.207575
          1.458       0.0918988         0.21175
           1.46       0.0914718        0.497275
          1.462       0.0899097         1.17485
          1.464       0.0867724        1.703825
          1.466       0.0830944          1.7156
          1.468         0.07991        1.210225
           1.47       0.0782535        0.152125
          1.472       0.0793015        -1.08905
          1.474       0.0826097       -1.869875
          1.476        0.086781       -1.952175
          1.478       0.0904184       -1.335925
           1.48       0.0921247         -0.3496
          1.482       0.0918168        0.351975
          1.484       0.0907168        0.607725
          1.486       0.0893859        0.582875
          1.488       0.0883853         0.27735
           1.49       0.0882765       -0.294775
          1.492       0.0895644         -0.8835
          1.494       0.0918105       -1.149025
          1.496       0.0941605       -0.987375
          1.498         0.09576         -0.3985
            1.5       0.0957545         0.28285
          1.502       0.0946286        0.574875
          1.504        0.093455          0.5918
          1.506       0.0922614          0.5949
          1.508       0.0910754        0.584175
           1.51       0.0899247          0.5617
          1.512       0.0888286         0.54005
          1.514       0.0877645          0.5328
          1.516       0.0866974        0.542975
          1.518       0.0855926        0.570525
           1.52       0.0844153             0.7
          1.522       0.0827926        0.973325
          1.524        0.080522        1.242225
          1.526       0.0778237        1.401025
          1.528       0.0749179        1.449725
           1.53       0.0720248          1.4699
          1.532       0.0690383          1.5523
          1.534       0.0658156          1.6291
          1.536       0.0625219         1.62325
          1.538       0.0593226          1.5348
           1.54       0.0563827        1.310025
          1.542       0.0540825          0.9904
          1.544       0.0524211        0.772575
          1.546       0.0509922          0.7579
          1.548       0.0493895         0.94635
           1.55       0.0472068        1.292375
          1.552         0.04422         1.62955
          1.554       0.0406886        1.822025
          1.556       0.0369319         1.85485
          1.558       0.0332692          1.7281
           1.56       0.0300195        1.533075
          1.562       0.0271369         1.38345
          1.564       0.0244857         1.22155
          1.566       0.0222507        0.967225
          1.568       0.0206168        0.620425
           1.57        0.019769        0.169625
          1.572       0.0199383       -0.284325
          1.574       0.0209063       -0.561175
          1.576        0.022183         -0.5931
          1.578       0.0232787       -0.380075
           1.58       0.0237033        -0.06545
          1.582       0.0235405        0.109925
          1.584       0.0232636        0.143275
          1.586       0.0229674          0.1292
          1.588       0.0227468          0.0677
           1.59       0.0226966       -0.037025
          1.592       0.0228949         -0.1396
          1.594        0.023255         -0.1825
          1.596       0.0236249       -0.149325
          1.598       0.0238523        -0.04005
            1.6       0.0237851         0.09075
          1.602       0.0234893         0.15925
          1.604       0.0231481         0.17605
          1.606       0.0227851         0.18105
          1.608       0.0224239          0.1743
           1.61       0.0220879        0.158475
          1.612         0.02179         0.14255
          1.614       0.0215177          0.1333
          1.616       0.0212568         0.13115
          1.618       0.0209931        0.136075
           1.62       0.0207125        0.278325
          1.622       0.0198798        0.596975
          1.624       0.0183246         0.82505
          1.626       0.0165796        0.786725
          1.628       0.0151777        0.482025
           1.63       0.0146515       -0.102075
          1.632        0.015586       -0.771225
          1.634       0.0177364         -1.2012
          1.636       0.0203908        -1.27525
          1.638       0.0228374       -0.993375
           1.64       0.0243643        -0.56025
          1.642       0.0250784       -0.317025
          1.644       0.0256324       -0.263775
          1.646       0.0261335         -0.2641
          1.648       0.0266888       -0.317975
           1.65       0.0274054       -0.452725
          1.652       0.0284997       -0.632625
          1.654       0.0299359       -0.735875
          1.656       0.0314432       -0.703725
          1.658       0.0327508       -0.536175
           1.66       0.0335879         -0.1467
          1.662       0.0333376          0.3991
          1.664       0.0319915          0.7865
          1.666       0.0301916          0.8529
          1.668       0.0285799          0.5983
           1.67       0.0277984          0.2155
          1.672       0.0277179         0.00015
          1.674       0.0277978       -0.086125
          1.676       0.0280624       -0.184625
          1.678       0.0285363         -0.2954
           1.68        0.029244         -0.4678
          1.682       0.0304075       -0.689825
          1.684       0.0320033       -0.820025
          1.686       0.0336876         -0.7784
          1.688       0.0351169        -0.56495
           1.69       0.0359474         -0.2833
          1.692       0.0362501        -0.10145
          1.694       0.0363532        -0.01235
          1.696       0.0362995         0.05545
          1.698       0.0361314           0.102
            1.7       0.0358915        0.140975
          1.702       0.0355675          0.1894
          1.704       0.0351339         0.23855
          1.706       0.0346133        0.276375
          1.708       0.0340284        0.302875
           1.71       0.0334018        0.477175
          1.712       0.0321197         0.85825
          1.714       0.0299688        1.136925
          1.716        0.027572         1.10415
          1.718       0.0255522         0.75985
           1.72       0.0245326        0.031375
          1.722       0.0254267       -0.869825
          1.724       0.0280119       -1.445175
          1.726       0.0312074           -1.48
          1.728       0.0339319       -0.974275
           1.73       0.0351045        -0.29665
          1.732       0.0351185         0.00045
          1.734       0.0351027          0.0101
          1.736       0.0350781          0.0091
          1.738       0.0350663         -0.0026
           1.74       0.0350885       -0.021925
          1.742        0.035154        -0.03875
          1.744       0.0352435       -0.045375
          1.746       0.0353355       -0.041225
          1.748       0.0354084       -0.026275
           1.75       0.0354406        0.101175
          1.752       0.0350037        0.377175
          1.754       0.0339319        0.601475
          1.756       0.0325978         0.63945
          1.758       0.0313741          0.4911
           1.76       0.0306334          0.2126
          1.762       0.0305237         -0.0363
          1.764       0.0307786         -0.1563
          1.766       0.0311489       -0.151725
          1.768       0.0313855       -0.022575
           1.77       0.0312392        0.147975
          1.772       0.0307936         0.24555
          1.774        0.030257          0.3066
          1.776       0.0295672        0.398775
          1.778       0.0286619         0.52205
           1.78        0.027479          0.6397
          1.782       0.0261031         0.69985
          1.784       0.0246796        0.716425
          1.786       0.0232374        0.718675
          1.788       0.0218049        0.706575
           1.79       0.0204111        0.685975
          1.792        0.019061          0.6685
          1.794       0.0177371        0.656775
          1.796       0.0164339        0.647725
          1.798       0.0151462        0.641325
            1.8       0.0138686         0.59765
          1.802       0.0127556         0.47945
          1.804       0.0119508        0.330775
          1.806       0.0114325           0.193
          1.808       0.0111788        0.066125
           1.81        0.011168       -0.222825
          1.812       0.0120701         -0.7315
          1.814        0.014094       -1.114125
          1.816       0.0165266       -1.140175
          1.818       0.0186547        -0.80965
           1.82       0.0197652         -0.2979
          1.822       0.0198463         0.05885
          1.824       0.0195298         0.19465
          1.826       0.0190677         0.20445
          1.828        0.018712        0.088325
           1.83       0.0187144       -0.171225
          1.832       0.0193969       -0.469525
          1.834       0.0205925       -0.605825
          1.836       0.0218202       -0.501625
          1.838        0.022599       -0.156975
           1.84       0.0224481        0.265125
          1.842       0.0215385        0.509575
          1.844       0.0204098        0.601225
          1.846       0.0191336         0.65705
          1.848       0.0177816          0.6771
           1.85       0.0164252        0.700675
          1.852       0.0149789         0.75805
          1.854        0.013393        0.796375
          1.856       0.0117934         0.77175
          1.858        0.010306         0.68417
           1.86      0.00905672       0.4087975
          1.862      0.00867081        -0.06771
          1.864      0.00932756      -0.4532475
          1.866       0.0104838       -0.567185
          1.868       0.0115963       -0.409525
           1.87       0.0121219       -0.042125
          1.872       0.0117648        0.311875
          1.874       0.0108744         0.47247
          1.876      0.00987492       0.4208725
          1.878      0.00919091        0.157045
           1.88      0.00924674      -0.3040975
          1.882       0.0104073        -0.78774
          1.884       0.0123977       -1.068925
          1.886        0.014683         -1.0826
          1.888       0.0167281       -0.828675
           1.89       0.0179977       -0.467525
          1.892       0.0185982       -0.265275
          1.894       0.0190588         -0.2202
          1.896        0.019479         -0.2249
          1.898       0.0199584         -0.2794
            1.9       0.0205966       -0.372125
          1.902       0.0214469       -0.458875
          1.904       0.0224321        -0.50235
          1.906       0.0234563       -0.497875
          1.908       0.0244236         -0.4454
           1.91       0.0252379       -0.334475
          1.912       0.0257615         -0.1801
          1.914       0.0259583       -0.030775
          1.916       0.0258846        0.090325
          1.918        0.025597        0.183225
           1.92       0.0251517        0.367025
          1.922       0.0241289        0.682775
          1.924       0.0224206        0.894475
          1.926        0.020551         0.84405
          1.928       0.0190444          0.5315
           1.93        0.018425        0.133825
          1.932       0.0185091        -0.07745
          1.934       0.0187348       -0.137625
          1.936       0.0190596        -0.17645
          1.938       0.0194406       -0.193875
           1.94       0.0198351       -0.224475
          1.942       0.0203385       -0.289475
          1.944        0.020993       -0.334575
          1.946       0.0216768       -0.318675
          1.948       0.0222677       -0.241725
           1.95       0.0226437          0.1266
          1.952       0.0217613          0.8374
          1.954       0.0192941        1.391475
          1.956       0.0161954        1.468875
          1.958       0.0134186        1.069525
           1.96       0.0119173        0.459925
          1.962       0.0115789          0.0979
          1.964       0.0115257        0.003925
          1.966       0.0115632         0.00715
          1.968       0.0114971         0.10755
           1.97        0.011133        0.247375
          1.972       0.0105076         0.33644
          1.974      0.00978724       0.3838925
          1.976      0.00897203       0.4312675
          1.978      0.00806217         0.47856
           1.98      0.00705779         0.62431
          1.982      0.00556493        0.900935
          1.984      0.00345405        1.110745
          1.986      0.00112195        1.122155
          1.988     -0.00103457         0.93516
           1.99     -0.00261869         0.58458
          1.992     -0.00337289        0.189765
          1.994     -0.00337775      -0.1573125
          1.996     -0.00274364       -0.449205
          1.998     -0.00158093        -0.68591
              2               0      -0.3952325
          2.002               0               0
          2.004               0               0
          2.006               0               0
          2.008               0               0
           2.01               0               0
          2.012               0               0
          2.014               0               0
          2.016               0               0
          2.018               0               0
           2.02               0               0
          2.022               0               0
          2.024               0               0
          2.026               0               0
          2.028               0               0
           2.03               0               0
          2.032               0               0
          2.034               0               0
          2.036               0               0
          2.038               0               0
           2.04               0               0
          2.042               0               0
          2.044               0               0
          2.046               0               0
          2.048               0               0
           2.05               0               0
          2.052               0               0
          2.054               0               0
          2.056               0               0
          2.058               0               0
           2.06               0               0
          2.062               0               0
          2.064               0               0
          2.066               0               0
          2.068               0               0
           2.07               0               0
          2.072               0               0
          2.074               0               0
          2.076               0               0
          2.078               0               0
           2.08               0               0
          2.082               0               0
          2.084               0               0
          2.086               0               0
          2.088               0               0
           2.09               0               0
          2.092               0               0
          2.094               0               0
          2.096               0               0
          2.098               0               0
            2.1               0               0
          2.102               0               0
          2.104               0               0
          2.106               0               0
          2.108               0               0
           2.11               0               0
          2.112               0               0
          2.114               0               0
          2.116               0               0
          2.118               0               0
           2.12               0               0
          2.122               0               0
          2.124               0               0
          2.126               0               0
          2.128               0               0
           2.13               0               0
          2.132               0               0
          2.134               0               0
          2.136               0               0
          2.138               0               0
           2.14               0               0
          2.142               0               0
          2.144               0               0
          2.146               0               0
          2.148               0               0
           2.15               0               0
          2.152               0               0
          2.154               0               0
          2.156               0               0
          2.158               0               0
           2.16               0               0
          2.162               0               0
          2.164               0               0
          2.166               0               0
          2.168               0               0
           2.17               0               0
          2.172               0               0
          2.174               0               0
          2.176               0               0
          2.178               0               0
           2.18               0               0
          2.182               0               0
          2.184               0               0
          2.186               0               0
          2.188               0               0
           2.19               0               0
          2.192               0               0
          2.194               0               0
          2.196               0               0
          2.198               0               0
            2.2               0               0
          2.202               0               0
          2.204               0               0
          2.206               0               0
          2.208               0               0
           2.21               0               0
          2.212               0               0
          2.214               0               0
          2.216               0               0
          2.218               0               0
           2.22               0               0
          2.222               0               0
          2.224               0               0
          2.226               0               0
          2.228               0               0
           2.23               0               0
          2.232               0               0
          2.234               0               0
          2.236               0               0
          2.238               0               0
           2.24               0               0
          2.242               0               0
          2.244               0               0
          2.246               0               0
          2.248               0               0
           2.25               0               0
          2.252               0               0
          2.254               0               0
          2.256               0               0
          2.258               0               0
           2.26               0               0
          2.262               0               0
          2.264               0               0
          2.266               0               0
          2.268               0               0
           2.27               0               0
          2.272               0               0
          2.274               0               0
          2.276               0               0
          2.278               0               0
           2.28               0               0
          2.282               0               0
          2.284               0               0
          2.286               0               0
          2.288               0               0
           2.29               0               0
          2.292               0               0
          2.294               0               0
          2.296               0               0
          2.298               0               0
            2.3               0               0
          2.302               0               0
          2.304               0               0
          2.306               0               0
          2.308               0               0
           2.31               0               0
          2.312               0               0
          2.314               0               0
          2.316               0               0
          2.318               0               0
           2.32               0               0
          2.322               0               0
          2.324               0               0
          2.326               0               0
          2.328               0               0
           2.33               0               0
          2.332               0               0
          2.334               0               0
          2.336               0               0
          2.338               0               0
           2.34               0               0
          2.342               0               0
          2.344               0               0
          2.346               0               0
          2.348               0               0
           2.35               0               0
          2.352               0               0
          2.354               0               0
          2.356               0               0
          2.358               0               0
           2.36               0               0
          2.362               0               0
          2.364               0               0
          2.366               0               0
          2.368               0               0
           2.37               0               0
          2.372               0               0
          2.374               0               0
          2.376               0               0
          2.378               0               0
           2.38               0               0
          2.382               0               0
          2.384               0               0
          2.386               0               0
          2.388               0               0
           2.39               0               0
          2.392               0               0
          2.394               0               0
          2.396               0               0
          2.398               0               0
            2.4               0               0
          2.402               0               0
          2.404               0               0
          2.406               0               0
          2.408               0               0
           2.41               0               0
          2.412               0               0
          2.414               0               0
          2.416               0               0
          2.418               0               0
           2.42               0               0
          2.422               0               0
          2.424               0               0
          2.426               0               0
          2.428               0               0
           2.43               0               0
          2.432               0               0
          2.434               0               0
          2.436               0               0
          2.438               0               0
           2.44               0               0
          2.442               0               0
          2.444               0               0
          2.446               0               0
          2.448               0               0
           2.45               0               0
          2.452               0               0
          2.454               0               0
          2.456               0               0
          2.458               0               0
           2.46               0               0
          2.462               0               0
          2.464               0               0
          2.466               0               0
          2.468               0               0
           2.47               0               0
          2.472               0               0
          2.474               0               0
          2.476               0               0
          2.478               0               0
           2.48               0               0
          2.482               0               0
          2.484               0               0
          2.486               0               0
          2.488               0               0
           2.49               0               0
          2.492               0               0
          2.494               0               0
          2.496               0               0
          2.498               0               0
            2.5               0               0
          2.502               0               0
          2.504               0               0
          2.506               0               0
          2.508               0               0
           2.51               0               0
          2.512               0               0
          2.514               0               0
          2.516               0               0
          2.518               0               0
           2.52               0               0
          2.522               0               0
          2.524               0               0
          2.526               0               0
          2.528               0               0
           2.53               0               0
          2.532               0               0
          2.534               0               0
          2.536               0               0
          2.538               0               0
           2.54               0               0
          2.542               0               0
          2.544               0               0
          2.546               0               0
          2.548               0               0
           2.55               0               0
          2.552               0               0
          2.554               0               0
          2.556               0               0
          2.558               0               0
           2.56               0               0
          2.562               0               0
          2.564               0               0
          2.566               0               0
          2.568               0               0
           2.57               0               0
          2.572               0               0
          2.574               0               0
          2.576               0               0
          2.578               0               0
           2.58               0               0
          2.582               0               0
          2.584               0               0
          2.586               0               0
          2.588               0               0
           2.59               0               0
          2.592               0               0
          2.594               0               0
          2.596               0               0
          2.598               0               0
            2.6               0               0
          2.602               0               0
          2.604               0               0
          2.606               0               0
          2.608               0               0
           2.61               0               0
          2.612               0               0
          2.614               0               0
          2.616               0               0
          2.618               0               0
           2.62               0               0
          2.622               0               0
          2.624               0               0
          2.626               0               0
          2.628               0               0
           2.63               0               0
          2.632               0               0
          2.634               0               0
          2.636               0               0
          2.638               0               0
           2.64               0               0
          2.642               0               0
          2.644               0               0
          2.646               0               0
          2.648               0               0
           2.65               0               0
          2.652               0               0
          2.654               0               0
          2.656               0               0
          2.658               0               0
           2.66               0               0
          2.662               0               0
          2.664               0               0
          2.666               0               0
          2.668               0               0
           2.67               0               0
          2.672               0               0
          2.674               0               0
          2.676               0               0
          2.678               0               0
           2.68               0               0
          2.682               0               0
          2.684               0               0
          2.686               0               0
          2.688               0               0
           2.69               0               0
          2.692               0               0
          2.694               0               0
          2.696               0               0
          2.698               0               0
            2.7               0               0
          2.702               0               0
          2.704               0               0
          2.706               0               0
          2.708               0               0
           2.71               0               0
          2.712               0               0
          2.714               0               0
          2.716               0               0
          2.718               0               0
           2.72               0               0
          2.722               0               0
          2.724               0               0
          2.726               0               0
          2.728               0               0
           2.73               0               0
          2.732               0               0
          2.734               0               0
          2.736               0               0
          2.738               0               0
           2.74               0               0
          2.742               0               0
          2.744               0               0
          2.746               0               0
          2.748               0               0
           2.75               0               0
          2.752               0               0
          2.754               0               0
          2.756               0               0
          2.758               0               0
           2.76               0               0
          2.762               0               0
          2.764               0               0
          2.766               0               0
          2.768               0               0
           2.77               0               0
          2.772               0               0
          2.774               0               0
          2.776               0               0
          2.778               0               0
           2.78               0               0
          2.782               0               0
          2.784               0               0
          2.786               0               0
          2.788               0               0
           2.79               0               0
          2.792               0               0
          2.794               0               0
          2.796               0               0
          2.798               0               0
            2.8               0               0
          2.802               0               0
          2.804               0               0
          2.806               0               0
          2.808               0               0
           2.81               0               0
          2.812               0               0
          2.814               0               0
          2.816               0               0
          2.818               0               0
           2.82               0               0
          2.822               0               0
          2.824               0               0
          2.826               0               0
          2.828               0               0
           2.83               0               0
          2.832               0               0
          2.834               0               0
          2.836               0               0
          2.838               0               0
           2.84               0               0
          2.842               0               0
          2.844               0               0
          2.846               0               0
          2.848               0               0
           2.85               0               0
          2.852               0               0
          2.854               0               0
          2.856               0               0
          2.858               0               0
           2.86               0               0
          2.862               0               0
          2.864               0               0
          2.866               0               0
          2.868               0               0
           2.87               0               0
          2.872               0               0
          2.874               0               0
          2.876               0               0
          2.878               0               0
           2.88               0               0
          2.882               0               0
          2.884               0               0
          2.886               0               0
          2.888               0               0
           2.89               0               0
          2.892               0               0
          2.894               0               0
          2.896               0               0
          2.898               0               0
            2.9               0               0
          2.902               0               0
          2.904               0               0
          2.906               0               0
          2.908               0               0
           2.91               0               0
          2.912               0               0
          2.914               0               0
          2.916               0               0
          2.918               0               0
           2.92               0               0
          2.922               0               0
          2.924               0               0
          2.926               0               0
          2.928               0               0
           2.93               0               0
          2.932               0               0
          2.934               0               0
          2.936               0               0
          2.938               0               0
           2.94               0               0
          2.942               0               0
          2.944               0               0
          2.946               0               0
          2.948               0               0
           2.95               0               0
          2.952               0               0
          2.954               0               0
          2.956               0               0
          2.958               0               0
           2.96               0               0
          2.962               0               0
          2.964               0               0
          2.966               0               0
          2.968               0               0
           2.97               0               0
          2.972               0               0
          2.974               0               0
          2.976               0               0
          2.978               0               0
           2.98               0               0
          2.982               0               0
          2.984               0               0
          2.986               0               0
          2.988               0               0
           2.99               0               0
          2.992               0               0
          2.994               0               0
          2.996               0               0
          2.998               0               0
              3               0               0
