          0.002       806003.26        26379722
          0.004       754968.74        24709411
          0.006       707165.62        23144860
          0.008        662389.3        21679373
           0.01       620448.13        20306679
          0.012       581162.59        19020900
          0.014       544364.53        17816535
          0.016       509896.45        16688427
          0.018       477610.82        15631749
           0.02       447369.45        14641978
          0.022       419042.91        13714877
          0.024       392509.95        12846478
          0.026          367657        12033065
          0.028       344377.69        11271155
           0.03       322572.38        10557488
          0.032       302147.74       9889008.7
          0.034       283016.34       9262856.4
          0.036       265096.31       8676350.7
          0.038       248310.94       8126981.4
           0.04       232588.38       7612397.1
          0.042       217861.35       7130395.3
          0.044        204066.8       6678912.9
          0.046        191145.7       6256017.4
          0.048       179042.73       5859898.8
           0.05        167706.1       5488861.7
          0.052       157087.29       5141317.9
          0.054       147140.83       4815779.8
          0.056       137824.17       4510854.2
          0.058       129097.42       4225235.9
           0.06       120923.22       3957702.4
          0.062       113266.61       3707108.5
          0.064       106094.79       3472381.8
          0.066       99377.078       3252517.5
          0.068       93084.719       3046574.6
           0.07        87190.78       2853671.5
          0.072       81670.033       2672982.7
          0.074       76498.849       2503734.8
          0.076       71655.094       2345203.3
          0.078       67118.036       2196709.7
           0.08       62868.256       2057618.4
          0.082       58887.563       1927334.1
          0.084       55158.919       1805299.1
          0.086       51666.366       1690991.2
          0.088       48394.955         1583921
           0.09       45330.683       1483630.2
          0.092       42460.434       1389689.7
          0.094       39771.924       1301697.3
          0.096       37253.645       1219276.4
          0.098       34894.818       1142074.3
            0.1       32685.347       1069760.4
          0.102       30615.776       1002025.3
          0.104       28677.246       938579.06
          0.106        26861.46        879150.1
          0.108       25160.646       823484.07
           0.11       23567.524       771342.69
          0.112       22075.275       722502.81
          0.114       20677.513       676755.37
          0.116       19368.254       633904.56
          0.118       18141.894       593766.99
           0.12       16993.186       556170.84
          0.122       15917.211       520955.21
          0.124       14909.365       487969.36
          0.126       13965.333       457072.11
          0.128       13081.076       428131.22
           0.13       12252.809        401022.8
          0.132       11476.985       375630.83
          0.134       10750.285       351846.64
          0.136       10069.599       329568.41
          0.138       9432.0116       308700.79
           0.14       8834.7954       289154.47
          0.142       8275.3937       270845.79
          0.144       7751.4122       253696.37
          0.146       7260.6082       237632.82
          0.148        6800.881       222586.38
           0.15       6370.2627       208492.65
          0.152       5966.9103       195291.31
          0.154       5589.0975       182925.86
          0.156       5235.2069       171343.36
          0.158        4903.724       160494.24
           0.16         4593.23       150332.06
          0.162       4302.3958       140813.33
          0.164       4029.9766       131897.31
          0.166       3774.8065       123545.84
          0.168       3535.7933       115723.16
           0.17       3311.9139        108395.8
          0.172       3102.2101       101532.39
          0.174       2905.7843       95103.564
          0.176       2721.7958       89081.796
          0.178       2549.4571       83441.314
           0.18       2388.0306       78157.976
          0.182       2236.8252       73209.168
          0.184       2095.1939       68573.709
          0.186       1962.5304       64231.758
          0.188       1838.2669       60164.731
           0.19       1721.8715        56355.22
          0.192        1612.846        52786.92
          0.194       1510.7238       49444.557
          0.196       1415.0678       46313.826
          0.198       1325.4685       43381.326
            0.2       1241.5425       40634.507
          0.202       1162.9305       38061.611
          0.204        1089.296       35651.626
          0.206        1020.324       33394.235
          0.208       955.71908       31279.779
           0.21       895.20485       29299.206
          0.212       838.52226       27444.038
          0.214        785.4287       25706.336
          0.216       735.69692       24078.662
          0.218       689.11405       22554.049
           0.22       645.48072       21125.972
          0.222       604.61017       19788.317
          0.224       566.32745        18535.36
          0.226       530.46872       17361.738
          0.228        496.8805       16262.427
           0.23       465.41902       15232.723
          0.232       435.94961       14268.217
          0.234       408.34615       13364.782
          0.236       382.49048       12518.551
          0.238       358.27194       11725.901
           0.24       335.58688        10983.44
          0.242       314.33818       10287.991
          0.244       294.43492       9636.5754
          0.246       275.79188       9026.4067
          0.248       258.32929       8454.8725
           0.25       241.97239       7919.5268
          0.252       226.65118       7418.0781
          0.254       212.30008       6948.3802
          0.256       198.85766       6508.4226
          0.258       186.26639       6096.3222
           0.26       174.47237       5710.3152
          0.262       163.42513       5348.7494
          0.264       153.07737       5010.0772
          0.266       143.38482       4692.8491
          0.268       134.30598       4395.7072
           0.27       125.80199       4117.3798
          0.272       117.83646       3856.6755
          0.274       110.37529       3612.4785
          0.276       103.38654       3383.7435
          0.278       96.840314       3169.4916
           0.28       90.708578       2968.8057
          0.282       84.965092       2780.8268
          0.284       79.585271       2604.7504
          0.286        74.54609       2439.8228
          0.288        69.82598       2285.3381
           0.29       65.404738        2140.635
          0.292        61.26344       2005.0943
          0.294       57.384361       1878.1357
          0.296       53.750897       1759.2159
          0.298       50.347497       1647.8258
            0.3       47.159594       1543.4888
          0.302       44.173542       1445.7581
          0.304       41.376561       1354.2156
          0.306        38.75668       1268.4694
          0.308       36.302684       1188.1524
           0.31        34.00407        1112.921
          0.312          31.851       1177.4925
          0.314         29.2941          1235.7
          0.316         26.9082        1128.275
          0.318          24.781             977
           0.32         23.0002         836.775
          0.322         21.4339           768.6
          0.324         19.9258         726.925
          0.326         18.5262         660.075
          0.328         17.2855         567.975
           0.33         16.2543         484.525
          0.332         15.3474         443.925
          0.334         14.4786          412.65
          0.336         13.6968          356.85
          0.338         13.0512          276.55
           0.34         12.5906         202.925
          0.342         12.2395           175.4
          0.344          11.889           175.2
          0.346         11.5387         175.225
          0.348         11.1881         175.475
           0.35         10.8368         175.925
          0.352         10.4844         176.375
          0.354         10.1313        176.5075
          0.356         9.77837        176.2675
          0.358         9.42623        175.6925
           0.36          9.0756        166.2575
          0.362          8.7612        142.4425
          0.364         8.50583         117.235
          0.366         8.29226        100.6375
          0.368         8.10328           92.65
           0.37         7.92166          87.635
          0.372         7.75274           79.77
          0.374         7.60258         74.4075
          0.376         7.45511           77.08
          0.378         7.29426         87.7925
           0.38         7.10394        100.7825
          0.382         6.89113        107.2525
          0.384         6.67493         108.425
          0.386         6.45743          108.55
          0.388         6.24073          107.62
           0.39         6.02695          106.37
          0.392         5.81525         105.695
          0.394         5.60417        105.1075
          0.396         5.39482         103.965
          0.398         5.18831        102.2675
            0.4         4.98575          98.055
          0.402         4.79609         90.2525
          0.404         4.62474           82.16
          0.406         4.46745           76.19
          0.408         4.31998         72.3425
           0.41         4.17808          70.585
          0.412         4.03764          69.525
          0.414         3.89998           67.15
          0.416         3.76904          62.805
          0.418         3.64876           56.49
           0.42         3.54308         50.6775
          0.422         3.44605         48.5025
          0.424         3.34907         48.4775
          0.426         3.25214         48.4575
          0.428         3.15524         48.4425
           0.43         3.05837         48.8275
          0.432         2.95993          49.615
          0.434         2.85991         49.8025
          0.436         2.76072         48.7925
          0.438         2.66474           46.59
           0.44         2.57436         43.1425
          0.442         2.49217          39.305
          0.444         2.41714         36.4875
          0.446         2.34622         35.1925
          0.448         2.27637          35.425
           0.45         2.20452         36.4925
          0.452          2.1304         37.1225
          0.454         2.05603         37.1425
          0.456         1.98183          36.955
          0.458         1.90821           36.56
           0.46         1.83559           34.92
          0.462         1.76853           31.59
          0.464         1.70923          28.495
          0.466         1.65455           26.97
          0.468         1.60135          27.015
           0.47         1.54649         27.8525
          0.472         1.48994           28.21
          0.474         1.43365          28.125
          0.476         1.37744         28.1375
          0.478          1.3211           28.25
           0.48         1.26444         28.9275
          0.482         1.20539         30.2925
          0.484         1.14327         31.3475
          0.486            1.08          31.445
          0.488         1.01749         30.5855
           0.49        0.957658        28.92325
          0.492        0.901797         26.9355
          0.494        0.849916        24.94575
          0.496        0.802014          22.956
          0.498        0.758092          20.966
            0.5         0.71815         19.3245
          0.502        0.680794        18.32475
          0.504        0.644851          17.535
          0.506        0.610654        16.57875
          0.508        0.578536        15.45625
           0.51        0.548829          14.518
          0.512        0.520464        14.17325
          0.514        0.492136        14.16075
          0.516        0.463821        14.15975
          0.518        0.435497        14.17025
           0.52         0.40714         14.1955
          0.522        0.378715         14.2285
          0.524        0.350226        14.25025
          0.526        0.321714        14.25225
          0.528        0.293217        14.23425
           0.53        0.264777         13.6475
          0.532        0.238627        11.91375
          0.534        0.217122          9.5375
          0.536        0.200477          7.0535
          0.538        0.188908         4.46125
           0.54        0.182632         1.31775
          0.542        0.183637          -2.099
          0.544        0.191028        -4.26425
          0.546        0.200694        -4.37375
          0.548        0.208523        -2.42825
           0.55        0.210407          0.1475
          0.552        0.207933           1.266
          0.554        0.205343          1.3575
          0.556        0.202503           1.515
          0.558        0.199283         1.73825
           0.56         0.19555           2.031
          0.562        0.191159          2.3015
          0.564        0.186344         2.40575
          0.566        0.181536           2.294
          0.568        0.177168          1.9655
           0.57        0.173674          1.4715
          0.572        0.171282         1.00125
          0.574        0.169669         0.71225
          0.576        0.168433         0.62375
          0.578        0.167174          0.7355
           0.58        0.165491         1.07175
          0.582        0.162887           1.487
          0.584        0.159543         1.70475
          0.586        0.156068          1.6175
          0.588        0.153073         1.22475
           0.59        0.151169         0.50275
          0.592        0.151062         -0.4145
          0.594        0.152827         -1.2655
          0.596        0.156124          -1.947
          0.598        0.160615         -2.4595
            0.6        0.165962        -2.78025
          0.602        0.171736        -2.92725
          0.604        0.177671        -2.98525
          0.606        0.183677        -2.99725
          0.608         0.18966         -2.9625
           0.61        0.195527          -2.863
          0.612        0.201112          -2.723
          0.614        0.206419          -2.627
          0.616         0.21162         -2.6165
          0.618        0.216885        -2.69125
           0.62        0.222385          -3.756
          0.622        0.231909           -6.16
          0.624        0.247025        -8.16375
          0.626        0.264564          -8.584
          0.628        0.281361        -7.42075
           0.63        0.294247         -4.2845
          0.632        0.298499        -0.16475
          0.634        0.294906         2.48225
          0.636         0.28857           2.578
          0.638        0.284594          0.1225
           0.64         0.28808          -4.898
          0.642        0.304186       -10.45425
          0.644        0.329897        -13.4675
          0.646        0.358056        -12.9025
          0.648        0.381507        -8.75925
           0.65        0.393093          -3.601
          0.652        0.395911          -1.254
          0.654        0.398109           -1.05
          0.656        0.400111        -1.05725
          0.658        0.402338         -1.2755
           0.66        0.405213           -1.65
          0.662        0.408938        -1.96625
          0.664        0.413078         -2.0395
          0.666        0.417096         -1.8445
          0.668        0.420456          -1.382
           0.67        0.422624        -0.82225
          0.672        0.423745          -0.453
          0.674        0.424436           -0.28
          0.676        0.424865        -0.19075
          0.678        0.425199        -0.18525
           0.68        0.425606        -0.21425
          0.682        0.426056         -0.1975
          0.684        0.426396          -0.138
          0.686        0.426608        -0.06925
          0.688        0.426673           0.008
           0.69        0.426576          0.6425
          0.692        0.424103         2.24475
          0.694        0.417597          4.0575
          0.696        0.407873          5.4635
          0.698        0.395743           6.463
            0.7        0.382021         7.54225
          0.702        0.365574         8.97025
          0.704         0.34614         9.93325
          0.706        0.325841          9.8355
          0.708        0.306798           8.677
           0.71        0.291133         7.13225
          0.712        0.278269          6.2415
          0.714        0.266167          5.8765
          0.716        0.254763           5.544
          0.718        0.243991         5.24425
           0.72        0.233786         4.68475
          0.722        0.225252         3.82125
          0.724        0.218501         3.31775
          0.726        0.211981           3.591
          0.728        0.204137         4.64125
           0.73        0.193416            6.27
          0.732        0.179057         7.78075
          0.734        0.162293         8.62425
          0.736         0.14456         8.74925
          0.738        0.127296          8.1555
           0.74        0.111938          7.2653
          0.742       0.0982348        6.780925
          0.744       0.0848143        6.700675
          0.746       0.0714321        6.742675
          0.748       0.0578436        6.906975
           0.75       0.0438042        7.130225
          0.752       0.0293227          7.2905
          0.754       0.0146422       7.3632985
          0.756    -0.000130494        7.382675
          0.758      -0.0148885       7.3486265
           0.76       -0.029525         7.32465
          0.762      -0.0441871        7.308525
          0.764      -0.0587591        7.138375
          0.766      -0.0727406         6.71805
          0.768      -0.0856313          6.0475
           0.77      -0.0969306        4.836675
          0.772       -0.104978          3.1706
          0.774       -0.109613           1.902
          0.776       -0.112586         1.50875
          0.778       -0.115648           1.991
           0.78        -0.12055         2.83475
          0.782       -0.126987         3.24825
          0.784       -0.133543         3.32825
          0.786         -0.1403         3.44925
          0.788        -0.14734           3.611
           0.79       -0.154744           3.948
          0.792       -0.163132         4.46225
          0.794       -0.172593         4.81925
          0.796       -0.182409         4.81825
          0.798       -0.191866         4.45875
            0.8       -0.200244         3.84375
          0.802       -0.207241         3.21925
          0.804       -0.213121         2.69525
          0.806       -0.218022            2.24
          0.808       -0.222081          1.8535
           0.81       -0.225436          1.4935
          0.812       -0.228055          1.1085
          0.814        -0.22987         0.72625
          0.816        -0.23096         0.38425
          0.818       -0.231407         0.08325
           0.82       -0.231293        -0.38225
          0.822       -0.229878        -1.08375
          0.824       -0.226958          -1.616
          0.826       -0.223414        -1.70825
          0.828       -0.220125        -1.36025
           0.83       -0.217973        -0.13325
          0.832       -0.219592         1.75625
          0.834       -0.224998         2.88825
          0.836       -0.231145         2.49775
          0.838       -0.234989         0.58475
           0.84       -0.233484         -2.1205
          0.842       -0.226507        -4.13225
          0.844       -0.216955          -5.049
          0.846       -0.206311         -5.2245
          0.848       -0.196057         -4.6585
           0.85       -0.187677        -3.80775
          0.852       -0.180826         -3.3735
          0.854       -0.174183        -3.26575
          0.856       -0.167763         -3.1505
          0.858       -0.161581        -3.02775
           0.86       -0.155652        -2.61575
          0.862       -0.151118           -1.83
          0.864       -0.148332        -1.24975
          0.866       -0.146119        -1.25675
          0.868       -0.143305        -1.85075
           0.87       -0.138716         -3.6695
          0.872       -0.128627         -6.5235
          0.874       -0.112622       -8.533775
          0.876      -0.0944919        -8.64895
          0.878      -0.0780262        -6.86925
           0.88      -0.0670149         -4.0752
          0.882      -0.0617254         -2.0626
          0.884      -0.0587645       -1.323725
          0.886      -0.0564305       -1.435625
          0.888       -0.053022       -2.398225
           0.89      -0.0468376          -3.645
          0.892       -0.038442        -4.27995
          0.894      -0.0297178       -4.375525
          0.896      -0.0209399        -4.33365
          0.898      -0.0123832      -4.1543475
            0.9     -0.00432251      -3.9457925
          0.902      0.00339997      -3.8551025
          0.904       0.0110979      -3.8324575
          0.906       0.0187298        -3.78915
          0.908       0.0262545       -3.725175
           0.91       0.0336305       -3.622625
          0.912        0.040745        -3.49185
          0.914       0.0475979        -3.39285
          0.916       0.0543164       -3.357475
          0.918       0.0610278       -3.385725
           0.92       0.0678593        -3.76635
          0.922       0.0760932       -4.504125
          0.924       0.0858758         -4.8843
          0.926       0.0956304        -4.47605
          0.928         0.10378        -3.27965
           0.93        0.108749          -1.446
          0.932        0.109564         0.36075
          0.934        0.107306           1.522
          0.936        0.103476         1.93295
          0.938       0.0995742          1.5932
           0.94       0.0971032          0.8489
          0.942       0.0961786        0.368475
          0.944       0.0956293          0.2882
          0.946       0.0950258        0.422675
          0.948       0.0939386        0.771925
           0.95       0.0919381        1.214425
          0.952       0.0890809          1.5233
          0.954       0.0858449          1.6621
          0.956       0.0824325         1.69975
          0.958       0.0790459          1.6362
           0.96       0.0758877          1.4996
          0.962       0.0730475         1.37245
          0.964       0.0703979        1.308025
          0.966       0.0678154        1.305275
          0.968       0.0651768         1.36415
           0.97       0.0623588         1.71435
          0.972       0.0583194          2.4064
          0.974       0.0527332        2.942025
          0.976       0.0465513         3.00215
          0.978       0.0407246         2.58675
           0.98       0.0362043        1.630025
          0.982       0.0342045        0.459725
          0.984       0.0343654       -0.268225
          0.986       0.0352774       -0.291325
          0.988       0.0355307          0.3904
           0.99       0.0337158         1.39665
          0.992       0.0299441         2.08725
          0.994       0.0253668        2.452575
          0.996       0.0201338        2.743025
          0.998       0.0143947        2.958595
              1      0.00829942       3.3556923
          1.002     0.000971931        4.030725
          1.004     -0.00782348       4.4871577
          1.006      -0.0169767         4.38853
          1.008      -0.0253776        3.734825
           1.01       -0.031916        2.450575
          1.012      -0.0351799           0.913
          1.014       -0.035568       -0.123225
          1.016       -0.034687        -0.35625
          1.018       -0.034143          0.2139
           1.02      -0.0355426         1.53255
          1.022      -0.0402732         2.95015
          1.024      -0.0473432         3.62925
          1.026      -0.0547902        3.327175
          1.028      -0.0606519          2.0439
           1.03      -0.0629658        0.319175
          1.032      -0.0619286       -0.901775
          1.034      -0.0593587        -1.55065
          1.036       -0.055726       -1.964475
          1.038      -0.0515008       -2.143225
           1.04      -0.0471531        -2.37175
          1.042      -0.0420138         -2.8665
          1.044      -0.0356871       -3.240175
          1.046      -0.0290531        -3.17385
          1.048      -0.0229917         -2.6675
           1.05      -0.0183831        -0.86655
          1.052      -0.0195255          2.2417
          1.054      -0.0273499        4.539925
          1.056      -0.0376852        4.752675
          1.058      -0.0463606         2.87995
           1.06       -0.049205        -0.16645
          1.062      -0.0456948       -2.469725
          1.064      -0.0393261       -3.434225
          1.066      -0.0319579         -3.4692
          1.068      -0.0254493        -2.57465
           1.07      -0.0216593        -0.93785
          1.072      -0.0216979          0.6131
          1.074      -0.0241117         1.30425
          1.076      -0.0269149         1.00245
          1.078      -0.0281215         -0.2923
           1.08      -0.0257457        -2.11255
          1.082      -0.0196713       -3.481125
          1.084      -0.0118212      -4.1006175
          1.086     -0.00326883        -4.18349
          1.088      0.00491276      -3.7298075
           1.09       0.0116504        -3.08871
          1.092       0.0172676       -2.741025
          1.094       0.0226145          -2.535
          1.096       0.0274076       -2.187275
          1.098       0.0313636       -1.697825
            1.1       0.0341989        -0.87095
          1.102       0.0348474        0.203825
          1.104       0.0333836           0.903
          1.106       0.0312354        0.888275
          1.108       0.0298305        0.159675
           1.11       0.0305967       -0.814925
          1.112       0.0330902         -1.3207
          1.114       0.0358795       -1.455225
          1.116       0.0389111       -1.562975
          1.118       0.0421314        -1.64395
           1.12       0.0454869       -1.845525
          1.122       0.0495135         -2.2031
          1.124       0.0542993         -2.4013
          1.126       0.0591187       -2.236725
          1.128       0.0632462       -1.709375
           1.13       0.0659562       -0.745125
          1.132       0.0662267          0.4184
          1.134       0.0642826        1.239425
          1.136        0.061269         1.48795
          1.138       0.0583308           1.164
           1.14        0.056613          0.5297
          1.142        0.056212         0.08975
          1.144        0.056254       -0.054325
          1.146       0.0564293        -0.04355
          1.148       0.0564282          0.1221
           1.15       0.0559409        0.758475
          1.152       0.0533943        1.820825
          1.154       0.0486576        2.452575
          1.156        0.043584          2.1577
          1.158       0.0400268        0.936225
           1.16       0.0398391       -0.539675
          1.162       0.0421855       -1.260225
          1.164         0.04488        -1.39125
          1.166       0.0477505       -1.436175
          1.168       0.0506247       -1.395025
           1.17       0.0533306        -1.31265
          1.172       0.0558753       -1.257275
          1.174       0.0583597       -1.219225
          1.176       0.0607522       -1.165375
          1.178       0.0630212       -1.095675
           1.18       0.0651349          0.0042
          1.182       0.0630044         2.53675
          1.184       0.0549879        4.569825
          1.186       0.0447251        4.783175
          1.188       0.0358552          3.1768
           1.19       0.0320179        0.697225
          1.192       0.0330663        -0.92275
          1.194       0.0357089       -1.450375
          1.196       0.0388678        -1.43915
          1.198       0.0414655         -0.8891
            1.2       0.0424242       -0.078625
          1.202         0.04178           0.464
          1.204       0.0405682         0.64255
          1.206       0.0392098          0.6106
          1.208       0.0381258          0.3681
           1.21       0.0377374       -0.210225
          1.212       0.0389667       -0.980875
          1.214       0.0416609         -1.4154
          1.216       0.0446283       -1.254125
          1.218       0.0466774       -0.497075
           1.22       0.0466166        0.558375
          1.222       0.0444439          1.3307
          1.224       0.0412938        1.691425
          1.226       0.0376782          1.7961
          1.228       0.0341094        1.644625
           1.23       0.0310997          1.3968
          1.232       0.0285222         1.25485
          1.234       0.0260803        1.122675
          1.236       0.0240315        0.861825
          1.238        0.022633        0.472275
           1.24       0.0221424        -0.48715
          1.242       0.0245816         -2.0696
          1.244       0.0304208       -3.251975
          1.246       0.0375895       -3.399125
          1.248       0.0440173        -2.51105
           1.25       0.0476337       -1.281425
          1.252        0.049143         -0.7508
          1.254       0.0506369       -0.745675
          1.256       0.0521257         -0.7458
          1.258       0.0536201       -0.751175
           1.26       0.0551304       -0.757475
          1.262         0.05665         -0.7602
          1.264       0.0581712         -0.7632
          1.266       0.0597028         -0.7705
          1.268       0.0612532        -0.78215
           1.27       0.0628314         -1.0809
          1.272       0.0655768         -1.8056
          1.274       0.0700538        -2.45785
          1.276       0.0754082          -2.683
          1.278       0.0807858        -2.48105
           1.28       0.0853324         -2.0657
          1.282       0.0890486       -1.749625
          1.284       0.0923309       -1.467725
          1.286       0.0949195         -1.0559
          1.288       0.0965545         -0.5141
           1.29       0.0969759          0.4541
          1.292       0.0947381        1.823825
          1.294       0.0896806        2.816825
          1.296       0.0834708           2.976
          1.298       0.0777766        2.301325
            1.3       0.0742655         1.32445
          1.302       0.0724788         0.82975
          1.304       0.0709465        0.664925
          1.306       0.0698191          0.4248
          1.308       0.0692473        0.109325
           1.31       0.0693818         -0.2662
          1.312       0.0703121       -0.601325
          1.314       0.0717871       -0.783475
          1.316        0.073446         -0.7853
          1.318       0.0749283        -0.60685
           1.32       0.0758734       -0.309525
          1.322       0.0761664       -0.028275
          1.324       0.0759865        0.188075
          1.326       0.0754141         0.36425
          1.328       0.0745295        0.500275
           1.33        0.073413          0.9877
          1.332       0.0705787          1.9493
          1.334       0.0656158          2.5904
          1.336       0.0602171          2.3851
          1.338       0.0560754         1.33335
           1.34       0.0548837        -0.03385
          1.342       0.0562108         -0.8695
          1.344       0.0583617        -1.23045
          1.346       0.0611326         -1.4896
          1.348       0.0643201        -1.64695
           1.35       0.0677204        -1.80855
          1.352       0.0715543       -2.032875
          1.354       0.0758519         -2.1422
          1.356       0.0801231         -2.0065
          1.358       0.0838779        -1.62585
           1.36       0.0866265        -1.15225
          1.362       0.0884869       -0.836525
          1.364       0.0899726        -0.67495
          1.366       0.0911867       -0.564875
          1.368       0.0922321        -0.50625
           1.37       0.0932117         -0.4793
          1.372       0.0941493        -0.44735
          1.374       0.0950011        -0.40505
          1.376       0.0957695        -0.36385
          1.378       0.0964565         -0.3237
           1.38       0.0970643        -0.24565
          1.382       0.0974391         -0.0717
          1.384       0.0973511         0.18765
          1.386       0.0966885        0.502925
          1.388       0.0953394        0.874125
           1.39        0.093192        1.374675
          1.392       0.0898407        1.959125
          1.394       0.0853555        2.375775
          1.396       0.0803376        2.491825
          1.398       0.0753882        2.307225
            1.4       0.0711087        1.978875
          1.402       0.0674727          1.7464
          1.404       0.0641231        1.576725
          1.406       0.0611658         1.35425
          1.408       0.0587061        1.078975
           1.41       0.0568499        0.433975
          1.412       0.0569702        -0.64515
          1.414       0.0594305        -1.46275
          1.416       0.0628212       -1.575675
          1.418       0.0657332       -0.983975
           1.42       0.0667571         0.09955
          1.422        0.065335        1.056175
          1.424       0.0625324        1.489775
          1.426       0.0593759        1.410175
          1.428       0.0568917          0.8174
           1.43       0.0561063         -0.0262
          1.432       0.0569965       -0.616625
          1.434       0.0585728       -0.854025
          1.436       0.0604126           -0.88
          1.438       0.0620928       -0.694525
           1.44       0.0631907       -0.294975
          1.442       0.0632727         0.14925
          1.444       0.0625937          0.3775
          1.446       0.0617627        0.301175
          1.448        0.061389        -0.07975
           1.45       0.0620817        -0.80805
          1.452       0.0646212        -1.67435
          1.454       0.0687791       -2.257675
          1.456       0.0736519        -2.38915
          1.458       0.0783357         -2.0688
           1.46       0.0819271         -1.3953
          1.462       0.0839169       -0.741525
          1.464       0.0848932         -0.4204
          1.466       0.0855985       -0.470525
          1.468       0.0867753         -0.8919
           1.47       0.0891661         -1.7462
          1.472       0.0937601       -2.765975
          1.474         0.10023       -3.395975
          1.476        0.107344           -3.41
          1.478         0.11387         -2.8075
           1.48        0.118574         -1.8425
          1.482         0.12124        -1.09425
          1.484        0.122951          -0.795
          1.486         0.12442        -0.85275
          1.488        0.126362        -1.26775
           1.49        0.129491        -1.79525
          1.492        0.133543        -2.06575
          1.494        0.137754         -2.1385
          1.496        0.142097          -2.196
          1.498        0.146538        -2.23825
            1.5         0.15105         -2.3355
          1.502         0.15588        -2.51375
          1.504        0.161105        -2.63875
          1.506        0.166435        -2.61925
          1.508        0.171582         -2.4555
           1.51        0.176257          -1.774
          1.512        0.178678        -0.52525
          1.514        0.178358         0.43225
          1.516        0.176949           0.564
          1.518        0.176102         -0.1295
           1.52        0.177467        -1.32975
          1.522        0.181421        -2.28425
          1.524        0.186604        -2.66225
          1.526         0.19207        -2.56625
          1.528        0.196869         -1.9955
           1.53        0.200052        -1.30275
          1.532         0.20208         -0.9995
          1.534         0.20405        -0.97375
          1.536        0.205975          -0.954
          1.538        0.207866         -0.9395
           1.54        0.209733        -0.93125
          1.542        0.211591        -0.92175
          1.544         0.21342         -0.8975
          1.546        0.215181         -0.8535
          1.548        0.216834           -0.79
           1.55        0.218341        -0.22475
          1.552        0.217733         1.02825
          1.554        0.214228           2.042
          1.556        0.209565           2.186
          1.558        0.205484         1.46025
           1.56        0.203724         0.41775
          1.562        0.203813        -0.08075
          1.564        0.204047         -0.1275
          1.566        0.204323         -0.1225
          1.568        0.204537          -0.065
           1.57        0.204583         0.00725
          1.572        0.204508         0.04175
          1.574        0.204416         0.05325
          1.576        0.204295         0.07125
          1.578        0.204131           0.096
           1.58        0.203911          0.1635
          1.582        0.203477          0.2965
          1.584        0.202725           0.438
          1.586        0.201725           0.545
          1.588        0.200545          0.6185
           1.59        0.199251           0.757
          1.592        0.197517         1.03725
          1.594        0.195102          1.3275
          1.596        0.192207           1.517
          1.598        0.189034          1.6055
            1.6        0.185785          1.9525
          1.602        0.181224         2.72725
          1.604        0.174876          3.2855
          1.606        0.168082         3.17275
          1.608        0.162185         2.38925
           1.61        0.158525           0.938
          1.612        0.158433         -0.6595
          1.614        0.161163        -1.62625
          1.616        0.164938        -1.70475
          1.618        0.167982         -0.8955
           1.62         0.16852          0.1935
          1.622        0.167208          0.6595
          1.624        0.165882         0.66975
          1.626        0.164529           0.686
          1.628        0.163138         0.70775
           1.63        0.161698          0.7315
          1.632        0.160212         0.74775
          1.634        0.158707         0.75325
          1.636        0.157199          0.7505
          1.638        0.155705         0.73975
           1.64         0.15424         0.64925
          1.642        0.153108         0.45525
          1.644        0.152419          0.3015
          1.646        0.151902          0.2835
          1.648        0.151285          0.4015
           1.65        0.150296         0.65925
          1.652        0.148648           0.983
          1.654        0.146364         1.25425
          1.656        0.143631           1.431
          1.658         0.14064           1.513
           1.66        0.137579           1.743
          1.662        0.133668         2.24475
          1.664          0.1286         2.59825
          1.666        0.123275           2.501
          1.668        0.118596          1.9535
           1.67        0.115461         1.00525
          1.672        0.114575         0.01775
          1.674         0.11539         -0.5885
          1.676        0.116929        -0.70675
          1.678        0.118217          -0.337
           1.68        0.118277         0.34725
          1.682        0.116828           0.899
          1.684        0.114681         1.08325
          1.686        0.112495         0.93775
          1.688         0.11093         0.46225
           1.69        0.110646        -0.08275
          1.692        0.111261        -0.32375
          1.694        0.111941        -0.35175
          1.696        0.112668          -0.371
          1.698        0.113425        -0.38175
            1.7        0.114195         -0.4055
          1.702        0.115047        -0.45025
          1.704        0.115996        -0.47325
          1.706         0.11694        -0.44525
          1.708        0.117777        -0.36625
           1.71        0.118405          -0.034
          1.712        0.117913            0.61
          1.714        0.115965          1.1475
          1.716        0.113323         1.30425
          1.718        0.110748          1.0805
           1.72        0.109001         0.69425
          1.722        0.107971          0.4985
          1.724        0.107007         0.47725
          1.726        0.106062         0.47975
          1.728        0.105088           0.506
           1.73        0.104038         0.54525
          1.732        0.102907         0.58125
          1.734        0.101713         0.61625
          1.736        0.100442          0.6587
          1.738       0.0990782        0.708525
           1.74       0.0976079         0.89975
          1.742       0.0954792        1.275425
          1.744       0.0925062        1.563875
          1.746       0.0892237        1.585025
          1.748       0.0861661        1.338875
           1.75       0.0838682         0.99035
          1.752       0.0822047         0.78925
          1.754       0.0807112         0.69795
          1.756       0.0794129        0.594025
          1.758       0.0783351         0.47745
           1.76       0.0775031        0.377125
          1.762       0.0768266         0.32695
          1.764       0.0761953        0.305575
          1.766       0.0756043        0.286625
          1.768       0.0750488         0.27005
           1.77       0.0745241          0.2268
          1.772       0.0741416        0.149875
          1.774       0.0739246          0.1014
          1.776        0.073736         0.12145
          1.778       0.0734388            0.21
           1.78        0.072896        0.395475
          1.782       0.0718569         0.65615
          1.784       0.0702714         0.88845
          1.786       0.0683031        1.038875
          1.788       0.0661159        1.107425
           1.79       0.0638734         1.13765
          1.792       0.0615653         1.19495
          1.794       0.0590936         1.26865
          1.796       0.0564907        1.326125
          1.798       0.0537891        1.367325
            1.8       0.0510214         1.53905
          1.802       0.0476329          1.8967
          1.804       0.0434346        2.156575
          1.806       0.0390066        2.126325
          1.808       0.0349293        1.805925
           1.81       0.0317829          1.2483
          1.812       0.0299361         0.64685
          1.814       0.0291955         0.15945
          1.816       0.0292983        -0.19655
          1.818       0.0299817       -0.421175
           1.82        0.030983         -0.6454
          1.822       0.0325633       -0.964725
          1.824       0.0348419       -1.194975
          1.826       0.0373432       -1.187425
          1.828       0.0395916       -0.942025
           1.83       0.0411113         -0.5708
          1.832       0.0418748       -0.232275
          1.834       0.0420404        0.115825
          1.836       0.0414115          0.5622
          1.838       0.0397916          1.1069
           1.84       0.0369839         1.71495
          1.842       0.0329318        2.233775
          1.844       0.0280488        2.522175
          1.846       0.0228431         2.55635
          1.848       0.0178234         2.33625
           1.85       0.0134981       2.0165625
          1.852      0.00975715       1.8315925
          1.854      0.00617173        1.746275
          1.856      0.00277205       1.6458495
          1.858    -0.000411668        1.530315
           1.86     -0.00334921       1.3894405
          1.862     -0.00596943       1.1966325
          1.864     -0.00813574       0.9375925
          1.866      -0.0097198         0.61439
          1.868      -0.0105933           0.227
           1.87      -0.0106278       -0.248965
          1.872     -0.00959744      -0.7300925
          1.874     -0.00770743        -1.03035
          1.876     -0.00547604      -1.0714575
          1.878      -0.0034216       -0.853405
           1.88     -0.00206242      -0.5414025
          1.882     -0.00125599      -0.3735435
          1.884    -0.000568246     -0.29394797
          1.886    -8.01981e-05     -0.17385175
          1.888     0.000127161    -0.013258225
           1.89    -2.71652e-05        0.184264
          1.892    -0.000609895       0.3862812
          1.894     -0.00157229      0.55307375
          1.896     -0.00282219       0.6737775
          1.898      -0.0042674       0.7483875
            1.9     -0.00581574       0.9388825
          1.902     -0.00802293        1.310065
          1.904       -0.011056       1.5541675
          1.906      -0.0142396        1.460675
          1.908      -0.0168987        1.029575
           1.91      -0.0183579           0.403
          1.912      -0.0185107        -0.12885
          1.914      -0.0178425       -0.486125
          1.916      -0.0165662        -0.73695
          1.918      -0.0148947        -0.88125
           1.92      -0.0130412       -0.994175
          1.922       -0.010918        -1.14465
          1.924      -0.0084626      -1.2481575
          1.926     -0.00592537      -1.2264825
          1.928     -0.00355667      -1.0796275
           1.93     -0.00160686        -0.84112
          1.932     -0.00019219      -0.5871925
          1.934      0.00074191      -0.3483825
          1.936      0.00120134      -0.1125175
          1.938      0.00119198      0.12040025
           1.94     0.000719739      0.42580025
          1.942    -0.000511221      0.80515725
          1.944     -0.00250089       1.0720972
          1.946     -0.00479961         1.11421
          1.948     -0.00695773       0.9314925
           1.95     -0.00852558         0.61209
          1.952     -0.00940609        0.326445
          1.954     -0.00983136       0.1098575
          1.956     -0.00984552      -0.0846775
          1.958     -0.00949265        -0.25716
           1.96     -0.00881688      -0.7916525
          1.962     -0.00632604      -1.7880975
          1.964     -0.00166449      -2.4362125
          1.966      0.00341881      -2.2098525
          1.968      0.00717492       -1.109025
           1.97      0.00785491       0.2149575
          1.972      0.00631509       0.8111825
          1.974      0.00461018       0.8815675
          1.976      0.00278882      0.92763825
          1.978     0.000899627        0.949395
           1.98     -0.00100876      0.97106175
          1.982     -0.00298462       1.0117775
          1.984     -0.00505587       1.0396875
          1.986     -0.00714337         1.02803
          1.988     -0.00916799       0.9768075
           1.99      -0.0110506       0.6417525
          1.992       -0.011735         -0.1328
          1.994      -0.0105194        -0.96959
          1.996     -0.00785664        -1.58003
          1.998     -0.00419928        -1.96416
              2               0        -1.04982
          2.002               0               0
          2.004               0               0
          2.006               0               0
          2.008               0               0
           2.01               0               0
          2.012               0               0
          2.014               0               0
          2.016               0               0
          2.018               0               0
           2.02               0               0
          2.022               0               0
          2.024               0               0
          2.026               0               0
          2.028               0               0
           2.03               0               0
          2.032               0               0
          2.034               0               0
          2.036               0               0
          2.038               0               0
           2.04               0               0
          2.042               0               0
          2.044               0               0
          2.046               0               0
          2.048               0               0
           2.05               0               0
          2.052               0               0
          2.054               0               0
          2.056               0               0
          2.058               0               0
           2.06               0               0
          2.062               0               0
          2.064               0               0
          2.066               0               0
          2.068               0               0
           2.07               0               0
          2.072               0               0
          2.074               0               0
          2.076               0               0
          2.078               0               0
           2.08               0               0
          2.082               0               0
          2.084               0               0
          2.086               0               0
          2.088               0               0
           2.09               0               0
          2.092               0               0
          2.094               0               0
          2.096               0               0
          2.098               0               0
            2.1               0               0
          2.102               0               0
          2.104               0               0
          2.106               0               0
          2.108               0               0
           2.11               0               0
          2.112               0               0
          2.114               0               0
          2.116               0               0
          2.118               0               0
           2.12               0               0
          2.122               0               0
          2.124               0               0
          2.126               0               0
          2.128               0               0
           2.13               0               0
          2.132               0               0
          2.134               0               0
          2.136               0               0
          2.138               0               0
           2.14               0               0
          2.142               0               0
          2.144               0               0
          2.146               0               0
          2.148               0               0
           2.15               0               0
          2.152               0               0
          2.154               0               0
          2.156               0               0
          2.158               0               0
           2.16               0               0
          2.162               0               0
          2.164               0               0
          2.166               0               0
          2.168               0               0
           2.17               0               0
          2.172               0               0
          2.174               0               0
          2.176               0               0
          2.178               0               0
           2.18               0               0
          2.182               0               0
          2.184               0               0
          2.186               0               0
          2.188               0               0
           2.19               0               0
          2.192               0               0
          2.194               0               0
          2.196               0               0
          2.198               0               0
            2.2               0               0
          2.202               0               0
          2.204               0               0
          2.206               0               0
          2.208               0               0
           2.21               0               0
          2.212               0               0
          2.214               0               0
          2.216               0               0
          2.218               0               0
           2.22               0               0
          2.222               0               0
          2.224               0               0
          2.226               0               0
          2.228               0               0
           2.23               0               0
          2.232               0               0
          2.234               0               0
          2.236               0               0
          2.238               0               0
           2.24               0               0
          2.242               0               0
          2.244               0               0
          2.246               0               0
          2.248               0               0
           2.25               0               0
          2.252               0               0
          2.254               0               0
          2.256               0               0
          2.258               0               0
           2.26               0               0
          2.262               0               0
          2.264               0               0
          2.266               0               0
          2.268               0               0
           2.27               0               0
          2.272               0               0
          2.274               0               0
          2.276               0               0
          2.278               0               0
           2.28               0               0
          2.282               0               0
          2.284               0               0
          2.286               0               0
          2.288               0               0
           2.29               0               0
          2.292               0               0
          2.294               0               0
          2.296               0               0
          2.298               0               0
            2.3               0               0
          2.302               0               0
          2.304               0               0
          2.306               0               0
          2.308               0               0
           2.31               0               0
          2.312               0               0
          2.314               0               0
          2.316               0               0
          2.318               0               0
           2.32               0               0
          2.322               0               0
          2.324               0               0
          2.326               0               0
          2.328               0               0
           2.33               0               0
          2.332               0               0
          2.334               0               0
          2.336               0               0
          2.338               0               0
           2.34               0               0
          2.342               0               0
          2.344               0               0
          2.346               0               0
          2.348               0               0
           2.35               0               0
          2.352               0               0
          2.354               0               0
          2.356               0               0
          2.358               0               0
           2.36               0               0
          2.362               0               0
          2.364               0               0
          2.366               0               0
          2.368               0               0
           2.37               0               0
          2.372               0               0
          2.374               0               0
          2.376               0               0
          2.378               0               0
           2.38               0               0
          2.382               0               0
          2.384               0               0
          2.386               0               0
          2.388               0               0
           2.39               0               0
          2.392               0               0
          2.394               0               0
          2.396               0               0
          2.398               0               0
            2.4               0               0
          2.402               0               0
          2.404               0               0
          2.406               0               0
          2.408               0               0
           2.41               0               0
          2.412               0               0
          2.414               0               0
          2.416               0               0
          2.418               0               0
           2.42               0               0
          2.422               0               0
          2.424               0               0
          2.426               0               0
          2.428               0               0
           2.43               0               0
          2.432               0               0
          2.434               0               0
          2.436               0               0
          2.438               0               0
           2.44               0               0
          2.442               0               0
          2.444               0               0
          2.446               0               0
          2.448               0               0
           2.45               0               0
          2.452               0               0
          2.454               0               0
          2.456               0               0
          2.458               0               0
           2.46               0               0
          2.462               0               0
          2.464               0               0
          2.466               0               0
          2.468               0               0
           2.47               0               0
          2.472               0               0
          2.474               0               0
          2.476               0               0
          2.478               0               0
           2.48               0               0
          2.482               0               0
          2.484               0               0
          2.486               0               0
          2.488               0               0
           2.49               0               0
          2.492               0               0
          2.494               0               0
          2.496               0               0
          2.498               0               0
            2.5               0               0
          2.502               0               0
          2.504               0               0
          2.506               0               0
          2.508               0               0
           2.51               0               0
          2.512               0               0
          2.514               0               0
          2.516               0               0
          2.518               0               0
           2.52               0               0
          2.522               0               0
          2.524               0               0
          2.526               0               0
          2.528               0               0
           2.53               0               0
          2.532               0               0
          2.534               0               0
          2.536               0               0
          2.538               0               0
           2.54               0               0
          2.542               0               0
          2.544               0               0
          2.546               0               0
          2.548               0               0
           2.55               0               0
          2.552               0               0
          2.554               0               0
          2.556               0               0
          2.558               0               0
           2.56               0               0
          2.562               0               0
          2.564               0               0
          2.566               0               0
          2.568               0               0
           2.57               0               0
          2.572               0               0
          2.574               0               0
          2.576               0               0
          2.578               0               0
           2.58               0               0
          2.582               0               0
          2.584               0               0
          2.586               0               0
          2.588               0               0
           2.59               0               0
          2.592               0               0
          2.594               0               0
          2.596               0               0
          2.598               0               0
            2.6               0               0
          2.602               0               0
          2.604               0               0
          2.606               0               0
          2.608               0               0
           2.61               0               0
          2.612               0               0
          2.614               0               0
          2.616               0               0
          2.618               0               0
           2.62               0               0
          2.622               0               0
          2.624               0               0
          2.626               0               0
          2.628               0               0
           2.63               0               0
          2.632               0               0
          2.634               0               0
          2.636               0               0
          2.638               0               0
           2.64               0               0
          2.642               0               0
          2.644               0               0
          2.646               0               0
          2.648               0               0
           2.65               0               0
          2.652               0               0
          2.654               0               0
          2.656               0               0
          2.658               0               0
           2.66               0               0
          2.662               0               0
          2.664               0               0
          2.666               0               0
          2.668               0               0
           2.67               0               0
          2.672               0               0
          2.674               0               0
          2.676               0               0
          2.678               0               0
           2.68               0               0
          2.682               0               0
          2.684               0               0
          2.686               0               0
          2.688               0               0
           2.69               0               0
          2.692               0               0
          2.694               0               0
          2.696               0               0
          2.698               0               0
            2.7               0               0
          2.702               0               0
          2.704               0               0
          2.706               0               0
          2.708               0               0
           2.71               0               0
          2.712               0               0
          2.714               0               0
          2.716               0               0
          2.718               0               0
           2.72               0               0
          2.722               0               0
          2.724               0               0
          2.726               0               0
          2.728               0               0
           2.73               0               0
          2.732               0               0
          2.734               0               0
          2.736               0               0
          2.738               0               0
           2.74               0               0
          2.742               0               0
          2.744               0               0
          2.746               0               0
          2.748               0               0
           2.75               0               0
          2.752               0               0
          2.754               0               0
          2.756               0               0
          2.758               0               0
           2.76               0               0
          2.762               0               0
          2.764               0               0
          2.766               0               0
          2.768               0               0
           2.77               0               0
          2.772               0               0
          2.774               0               0
          2.776               0               0
          2.778               0               0
           2.78               0               0
          2.782               0               0
          2.784               0               0
          2.786               0               0
          2.788               0               0
           2.79               0               0
          2.792               0               0
          2.794               0               0
          2.796               0               0
          2.798               0               0
            2.8               0               0
          2.802               0               0
          2.804               0               0
          2.806               0               0
          2.808               0               0
           2.81               0               0
          2.812               0               0
          2.814               0               0
          2.816               0               0
          2.818               0               0
           2.82               0               0
          2.822               0               0
          2.824               0               0
          2.826               0               0
          2.828               0               0
           2.83               0               0
          2.832               0               0
          2.834               0               0
          2.836               0               0
          2.838               0               0
           2.84               0               0
          2.842               0               0
          2.844               0               0
          2.846               0               0
          2.848               0               0
           2.85               0               0
          2.852               0               0
          2.854               0               0
          2.856               0               0
          2.858               0               0
           2.86               0               0
          2.862               0               0
          2.864               0               0
          2.866               0               0
          2.868               0               0
           2.87               0               0
          2.872               0               0
          2.874               0               0
          2.876               0               0
          2.878               0               0
           2.88               0               0
          2.882               0               0
          2.884               0               0
          2.886               0               0
          2.888               0               0
           2.89               0               0
          2.892               0               0
          2.894               0               0
          2.896               0               0
          2.898               0               0
            2.9               0               0
          2.902               0               0
          2.904               0               0
          2.906               0               0
          2.908               0               0
           2.91               0               0
          2.912               0               0
          2.914               0               0
          2.916               0               0
          2.918               0               0
           2.92               0               0
          2.922               0               0
          2.924               0               0
          2.926               0               0
          2.928               0               0
           2.93               0               0
          2.932               0               0
          2.934               0               0
          2.936               0               0
          2.938               0               0
           2.94               0               0
          2.942               0               0
          2.944               0               0
          2.946               0               0
          2.948               0               0
           2.95               0               0
          2.952               0               0
          2.954               0               0
          2.956               0               0
          2.958               0               0
           2.96               0               0
          2.962               0               0
          2.964               0               0
          2.966               0               0
          2.968               0               0
           2.97               0               0
          2.972               0               0
          2.974               0               0
          2.976               0               0
          2.978               0               0
           2.98               0               0
          2.982               0               0
          2.984               0               0
          2.986               0               0
          2.988               0               0
           2.99               0               0
          2.992               0               0
          2.994               0               0
          2.996               0               0
          2.998               0               0
              3               0               0
