          0.002       168486.69       4524459.4
          0.004       159680.59       4287984.7
          0.006       151334.75       4063869.6
          0.008       143425.11         3851468
           0.01       135928.88       3650167.8
          0.012       128824.44       3459388.7
          0.014       122091.32       3278580.8
          0.016       115710.12       3107223.1
          0.018       109662.43       2944821.4
           0.02       103930.83       2790907.9
          0.022         98498.8       2645038.7
          0.024       93350.677       2506793.5
          0.026       88471.625       2375773.9
          0.028       83847.582       2251602.1
           0.03       79465.217       2133920.2
          0.032       75311.901         2022389
          0.034       71375.661       1916687.2
          0.036       67645.152       1816509.9
          0.038       64109.621       1721568.5
           0.04       60758.878       1631589.3
          0.042       57583.264       1546312.9
          0.044       54573.627       1465493.5
          0.046        51721.29       1388898.3
          0.048       49018.033       1316306.4
           0.05       46456.065       1247508.5
          0.052       44027.999       1182306.4
          0.054       41726.839       1120512.2
          0.056       39545.951       1061947.7
          0.058       37479.048       1006444.1
           0.06       35520.174       953841.43
          0.062       33663.683       903988.11
          0.064       31904.222       856740.41
          0.066       30236.721       811962.15
          0.068       28656.373       769524.27
           0.07       27158.624       729304.44
          0.072       25739.156       691186.73
          0.074       24393.877       655061.27
          0.076        23118.91       620823.94
          0.078       21910.581       588376.06
           0.08       20765.406       557624.09
          0.082       19680.085        528479.4
          0.084       18651.489       500857.98
          0.086       17676.653       474680.21
          0.088       16752.768       449870.65
           0.09        15877.17       426357.79
          0.092       15047.337       404073.84
          0.094       14260.875       382954.58
          0.096       13515.518       362939.14
          0.098       12809.118       343969.82
            0.1       12139.639       325991.94
          0.102       11505.151        308953.7
          0.104       10903.824       292805.98
          0.106       10333.927       277502.23
          0.108       9793.8153       262998.34
           0.11       9281.9333       249252.51
          0.112       8796.8053       236225.12
          0.114       8337.0329       223878.61
          0.116       7901.2908       212177.41
          0.118       7488.3232       201087.78
           0.12       7096.9397       190577.76
          0.122       6726.0122       180617.05
          0.124       6374.4715       171176.95
          0.126       6041.3044       162230.24
          0.128       5725.5505       153751.14
           0.13       5426.2998       145715.21
          0.132       5142.6897       138099.28
          0.134       4873.9027       130881.41
          0.136       4619.1641       124040.78
          0.138       4377.7396       117557.68
           0.14       4148.9333       111413.43
          0.142       3932.0859       105590.32
          0.144       3726.5721       100071.55
          0.146       3531.7997       94841.225
          0.148       3347.2072       89884.269
           0.15       3172.2626       85186.392
          0.152       3006.4616       80734.054
          0.154       2849.3264       76514.421
          0.156       2700.4039        72515.33
          0.158       2559.2651       68725.255
           0.16       2425.5029       65133.272
          0.162        2298.732       61729.027
          0.164       2178.5868       58502.707
          0.166       2064.7211       55445.014
          0.168       1956.8067       52547.134
           0.17       1854.5326       49800.714
          0.172       1757.6039       47197.838
          0.174       1665.7412       44731.003
          0.176       1578.6799       42393.099
          0.178       1496.1689       40177.388
           0.18       1417.9703       38077.484
          0.182       1343.8589       36087.332
          0.184        1273.621       34201.197
          0.186       1207.0541       32413.643
          0.188       1143.9664       30719.516
           0.19       1084.1761       29113.935
          0.192       1027.5107       27592.271
          0.194       973.80698       26150.138
          0.196       922.91014       24783.379
          0.198       874.67346       23488.055
            0.2       828.95792       22260.432
          0.202       785.63174       21096.971
          0.204       744.57003       19994.321
          0.206       705.65446       18949.301
          0.208       668.77283       17958.899
           0.21       633.81886       17020.262
          0.212       600.69178       16130.684
          0.214       569.29612         15287.6
          0.216       539.54138       14488.581
          0.218        511.3418       13731.323
           0.22       484.61609       13013.644
          0.222       459.28722       12333.475
          0.224       435.28219       11688.856
          0.226        412.5318       11077.928
          0.228       390.97048        10498.93
           0.23       370.53608       9950.1951
          0.232        351.1697       9430.1398
          0.234       332.81552       8937.2656
          0.236       315.42064       8470.1519
          0.238       298.93491       8027.4523
           0.24       283.31083       7607.8907
          0.242       268.50335       7210.2579
          0.244       254.46979       6833.4077
          0.246       241.16972       6476.2539
          0.248       228.56478       6137.7671
           0.25       216.61865       5816.9715
          0.252       205.29689       5512.9426
          0.254       194.56688        5224.804
          0.256       184.39768       4951.7253
          0.258       174.75998       4692.9192
           0.26         165.626       4447.6398
          0.262       156.96942       4215.1802
          0.264       148.76528       3994.8702
          0.266       140.98994        3786.075
          0.268       133.62098       3588.1926
           0.27       126.63717       3400.6527
          0.272       120.01837       3222.9147
          0.274       113.74551       3054.4664
          0.276        107.8005       2894.8221
          0.278       102.16622       2743.5218
           0.28       96.826416       2600.1293
          0.282       91.765702       2464.2314
          0.284        86.96949       2335.4363
          0.286       82.423957       2213.3727
          0.288       78.115999       2097.6889
           0.29       74.033201       1988.0515
          0.292       70.163793       1884.1443
          0.294       66.496624       1785.6679
          0.296       63.021122       1692.3385
          0.298        59.72727        1603.887
            0.3       56.605574       1520.0585
          0.302       53.647036       1440.6113
          0.304       50.843129       1365.3166
          0.306        48.18577       1293.9572
          0.308         45.6673       1226.3274
           0.31        43.28046       1162.2324
          0.312        41.01837       1101.4873
          0.314       38.874511       1043.9172
          0.316       36.842702       989.35594
          0.318       34.917087       937.64642
           0.32       33.092116       888.63955
          0.322       31.362529       842.19405
          0.324        29.72334       798.17607
          0.326       28.169825       756.45873
          0.328       26.697505       716.92178
           0.33       25.302137       679.45126
          0.332         23.9797       751.10937
          0.334         22.2977         807.525
          0.336         20.7496         719.675
          0.338          19.419         590.075
           0.34         18.3893           468.9
          0.342         17.5434         417.375
          0.344         16.7198         401.925
          0.346         15.9357          377.85
          0.348         15.2084         345.175
           0.35          14.555         317.475
          0.352         13.9385          308.35
          0.354         13.3216           304.4
          0.356         12.7209          292.05
          0.358         12.1534         271.325
           0.36         11.6356         250.025
          0.362         11.1533          238.75
          0.364         10.6806          234.05
          0.366         10.2171         229.605
          0.368         9.76218         225.425
           0.37          9.3154        221.9825
          0.372         8.87425         218.995
          0.374         8.43942          214.77
          0.376         8.01517          208.41
          0.378         7.60578          199.92
           0.38         7.21549        187.5725
          0.382         6.85549         170.725
          0.384         6.53259        152.7225
          0.386          6.2446         135.825
          0.388         5.98929         120.035
           0.39         5.76446         108.045
          0.392         5.55711           102.1
          0.394         5.35606           98.82
          0.396         5.16183          95.285
          0.398         4.97492           91.49
            0.4         4.79587         89.3925
          0.402         4.61735         89.7425
          0.404          4.4369           88.75
          0.406         4.26235          83.845
          0.408         4.10152           75.03
           0.41         3.96223         66.1925
          0.412         3.83675         62.5625
          0.414         3.71198           62.25
          0.416         3.58775         62.0275
          0.418         3.46387          61.895
           0.42         3.34017            62.4
          0.422         3.21427          63.495
          0.424         3.08619         63.7275
          0.426         2.95936          62.255
          0.428         2.83717         59.0775
           0.43         2.72305         55.7525
          0.432         2.61416         54.4175
          0.434         2.50538           54.38
          0.436         2.39664          54.365
          0.438         2.28792         54.3675
           0.44         2.17917          54.385
          0.442         2.07038          54.395
          0.444         1.96159          54.395
          0.446          1.8528          54.395
          0.448         1.74401         54.3925
           0.45         1.63523         53.5125
          0.452         1.52996         51.0875
          0.454         1.43088           48.29
          0.456          1.3368          46.095
          0.458          1.2465         44.5025
           0.46         1.15879          43.435
          0.462         1.07276        42.71875
          0.464        0.987915          42.286
          0.466        0.903616        42.17175
          0.468        0.819228          42.375
           0.47        0.734116        43.12525
          0.472        0.646727        44.23325
          0.474        0.557183         44.8435
          0.476        0.467353        44.51825
          0.478         0.37911        43.25725
           0.48        0.294324        39.91425
          0.482        0.219453        34.25675
          0.484        0.157297          28.804
          0.486        0.104237       25.160725
          0.488       0.0566541        23.32645
           0.49       0.0109312       22.908975
          0.492      -0.0349818       22.764125
          0.494      -0.0801253         22.1553
          0.496       -0.123603       21.098425
          0.498       -0.164519        19.59375
            0.5       -0.201978        18.05475
          0.502       -0.236738        17.06925
          0.504       -0.270255        16.48525
          0.506       -0.302679        15.97575
          0.508       -0.334158         15.5405
           0.51       -0.364841        15.20575
          0.512       -0.394981        14.85175
          0.514       -0.424248        14.23325
          0.516       -0.451914        13.25075
          0.518       -0.477251          11.905
           0.52       -0.499534        10.08575
          0.522       -0.517594         7.97925
          0.524       -0.531451         6.13975
          0.526       -0.542153          4.8245
          0.528       -0.550749         4.03375
           0.53       -0.558288         3.64075
          0.532       -0.565312         3.26325
          0.534       -0.571341         2.64525
          0.536       -0.575893           1.786
          0.538       -0.578485         0.68525
           0.54       -0.578634          -0.506
          0.542       -0.576461         -1.6255
          0.544       -0.572132         -2.8075
          0.546       -0.565231         -4.1975
          0.548       -0.555342        -5.79575
           0.55       -0.542048        -7.24525
          0.552       -0.526361         -8.0315
          0.554       -0.509922        -8.27525
          0.556        -0.49326        -8.25375
          0.558       -0.476907          -7.967
           0.56       -0.461392        -7.55275
          0.562       -0.446696        -7.28075
          0.564       -0.432269        -7.21125
          0.566       -0.417851          -7.272
          0.568       -0.403181         -7.4635
           0.57       -0.387997        -7.77125
          0.572       -0.372096         -8.0885
          0.574       -0.355643        -8.29175
          0.576       -0.338929          -8.349
          0.578       -0.322247         -8.2605
           0.58       -0.305887        -7.97875
          0.582       -0.290332        -7.58075
          0.584       -0.275564          -7.301
          0.586       -0.261128        -7.24875
          0.588       -0.246569        -7.42425
           0.59       -0.231431        -8.41675
          0.592       -0.212902        -10.2955
          0.594       -0.190249        -11.6925
          0.596       -0.166132       -11.75925
          0.598       -0.143212         -10.496
            0.6       -0.124148         -7.7945
          0.602       -0.112034         -4.6295
          0.604        -0.10563          -2.736
          0.606        -0.10109       -2.764825
          0.608      -0.0945707        -4.71555
           0.61      -0.0822278       -7.434175
          0.612       -0.064834       -8.999475
          0.614      -0.0462299        -9.41525
          0.616       -0.027173        -9.45227
          0.618     -0.00842082      -9.1105175
           0.62      0.00926907       -8.457555
          0.622       0.0254094      -7.8069825
          0.624        0.040497       -7.460225
          0.626       0.0552503       -7.472725
          0.628       0.0703879       -7.844475
           0.63       0.0866282       -9.540025
          0.632        0.108548       -12.61495
          0.634        0.137088          -14.74
          0.636        0.167508       -14.49525
          0.638        0.195069        -11.8815
           0.64        0.215034          -8.068
          0.642        0.227341        -5.35425
          0.644        0.236451          -4.266
          0.646        0.244405        -4.19875
          0.648        0.253246          -5.153
           0.65        0.265017        -6.42925
          0.652        0.278963         -6.9955
          0.654        0.292999        -7.05225
          0.656        0.307172        -7.13275
          0.658         0.32153        -7.23675
           0.66        0.336119        -7.46225
          0.662        0.351379            -7.8
          0.664        0.367319         -7.9925
          0.666        0.383349        -7.88925
          0.668        0.398876         -7.4895
           0.67        0.413307         -6.5315
          0.672        0.425002        -5.13475
          0.674        0.433846          -4.134
          0.676        0.441538        -3.98275
          0.678        0.449777          -4.681
           0.68        0.460262         -5.6785
          0.682        0.472491         -6.1385
          0.684        0.484816        -6.18075
          0.686        0.497214        -6.21175
          0.688        0.509663          -6.232
           0.69        0.522142          -6.358
          0.692        0.535095         -6.6095
          0.694         0.54858        -6.72525
          0.696        0.561996           -6.54
          0.698         0.57474        -6.05325
            0.7        0.586209        -4.90725
          0.702        0.594369           -3.13
          0.704        0.598729          -1.658
          0.706        0.601001        -1.04125
          0.708        0.602894        -1.28025
           0.71        0.606122         -2.0525
          0.712        0.611104        -2.66325
          0.714        0.616775          -2.877
          0.716        0.622612        -2.82975
          0.718        0.628094        -2.52175
           0.72        0.632699        -0.60375
          0.722        0.630509          3.3545
          0.724        0.619281           6.624
          0.726        0.604013         7.39475
          0.728        0.589702          5.6675
           0.73        0.581343          1.6925
          0.732        0.582932         -2.5125
          0.734        0.591393        -4.54525
          0.736        0.601113        -3.77225
          0.738        0.606482        -0.19425
           0.74         0.60189            4.36
          0.742        0.589042         6.92825
          0.744        0.574177         7.63875
          0.746        0.558487         7.75375
          0.748        0.543162           7.274
           0.75        0.529391          6.4535
          0.752        0.517348          5.8365
          0.754        0.506045         5.60525
          0.756        0.494927           5.652
          0.758        0.483437          5.9765
           0.76        0.471021         7.29825
          0.762        0.454244         9.69825
          0.764        0.432228         11.4985
          0.766         0.40825         11.6605
          0.768        0.385586          10.184
           0.77        0.367514          6.9435
          0.772        0.357812            3.13
          0.774        0.354994           0.844
          0.776        0.354436         0.86975
          0.778        0.351515         3.20725
           0.78        0.341607         6.78925
          0.782        0.324358          9.4265
          0.784        0.303901        10.50225
          0.786        0.282349          10.521
          0.788        0.261817         9.48325
           0.79        0.244416           8.008
          0.792        0.229785          7.0485
          0.794        0.216222         6.48875
          0.796         0.20383         5.87725
          0.798        0.192713           5.214
            0.8        0.182974          3.9475
          0.802        0.176923         1.97825
          0.804        0.175061         0.53475
          0.806        0.174784         0.39325
          0.808        0.173488          1.5545
           0.81        0.168566         4.23325
          0.812        0.156555           7.542
          0.814        0.138398         9.61175
          0.816        0.118108        9.675025
          0.818       0.0996979          7.7323
           0.82       0.0871788         3.74455
          0.822       0.0847197       -0.677125
          0.824       0.0898873       -3.017625
          0.826       0.0967902       -2.412525
          0.828       0.0995374        1.138175
           0.83       0.0922375        5.409225
          0.832       0.0779005        7.186275
          0.834       0.0634924          7.2112
          0.836       0.0490557          7.2148
          0.838       0.0346332          7.1971
           0.84       0.0202673       7.1881925
          0.842      0.00588043        7.206845
          0.844     -0.00856008       7.2060575
          0.846      -0.0229438         7.15003
          0.848      -0.0371602          7.0388
           0.85       -0.051099          5.8979
          0.852      -0.0607518        3.279925
          0.854      -0.0642187            0.95
          0.856      -0.0645518        0.146125
          0.858      -0.0648032          0.8683
           0.86       -0.068025          2.2396
          0.862      -0.0737616         2.87725
          0.864       -0.079534         2.89935
          0.866       -0.085359        2.929875
          0.868      -0.0912535         2.96885
           0.87      -0.0972344        3.057625
          0.872       -0.103484         3.19815
          0.874       -0.110027         3.28875
          0.876       -0.116639         3.26775
          0.878       -0.123098          3.1355
           0.88       -0.129181         2.64875
          0.882       -0.133693           1.722
          0.884       -0.136069          0.8345
          0.886       -0.137031         0.30775
          0.888         -0.1373         0.14225
           0.89         -0.1376        -0.21325
          0.892       -0.136447         -1.1465
          0.894       -0.133014        -1.86025
          0.896       -0.129006        -1.72125
          0.898       -0.126129        -0.72925
            0.9       -0.126089         1.37725
          0.902       -0.131638          4.0585
          0.904       -0.142323         5.85075
          0.906       -0.155041          6.0915
          0.908       -0.166689         4.78075
           0.91       -0.174164         2.92775
          0.912         -0.1784           1.992
          0.914       -0.182132         1.63875
          0.916       -0.184955         1.08375
          0.918       -0.186467           0.327
           0.92       -0.186263        -0.45825
          0.922       -0.184634         -0.9615
          0.924       -0.182417        -1.14975
          0.926       -0.180035        -1.12725
          0.928       -0.177908        -0.89475
           0.93       -0.176456        -0.60675
          0.932       -0.175481        -0.46175
          0.934       -0.174609         -0.3685
          0.936       -0.174007          -0.193
          0.938       -0.173837          0.0645
           0.94       -0.174265          0.4525
          0.942       -0.175647         0.89875
          0.944        -0.17786          1.1755
          0.946       -0.180349          1.1745
          0.948       -0.182558           0.896
           0.95       -0.183933         0.52075
          0.952       -0.184641         0.32375
          0.954       -0.185228           0.267
          0.956       -0.185709           0.217
          0.958       -0.186096          0.1735
           0.96       -0.186403         0.09375
          0.962       -0.186471         -0.0345
          0.964       -0.186265        -0.12075
          0.966       -0.185988        -0.10575
          0.968       -0.185842         0.01025
           0.97       -0.186029           0.373
          0.972       -0.187334         0.96125
          0.974       -0.189874           1.379
          0.976        -0.19285          1.3975
          0.978       -0.195464          1.0165
           0.98       -0.196916           0.466
          0.982       -0.197328         0.13525
          0.984       -0.197457          0.0335
          0.986       -0.197462         0.01075
          0.988         -0.1975          0.0675
           0.99       -0.197732         0.20075
          0.992       -0.198303          0.3545
          0.994        -0.19915          0.4515
          0.996       -0.200109          0.4675
          0.998        -0.20102           0.403
              1       -0.201721         -0.1595
          1.002       -0.200382        -1.31975
          1.004       -0.196442         -2.1865
          1.006       -0.191636         -2.1845
          1.008       -0.187704        -1.31325
           1.01       -0.186383           0.422
          1.012       -0.189392           2.382
          1.014       -0.195911           3.618
          1.016       -0.203864         3.81675
          1.018       -0.211178           2.978
           1.02       -0.215776         1.66925
          1.022       -0.217855         0.80575
          1.024       -0.218999         0.33925
          1.026       -0.219212        -0.12475
          1.028         -0.2185          -0.586
           1.03       -0.216868        -1.49225
          1.032       -0.212531          -2.928
          1.034       -0.205156         -3.9005
          1.036       -0.196929         -3.7805
          1.038       -0.190034        -2.56875
           1.04       -0.186654        -0.49125
          1.042       -0.188069         1.51225
          1.044       -0.192703         2.59575
          1.046       -0.198452         2.62775
          1.048       -0.203214           1.609
           1.05       -0.204888          0.0645
          1.052       -0.203472         -0.9845
          1.054        -0.20095         -1.3185
          1.056       -0.198198        -1.21425
          1.058       -0.196093         -0.6715
           1.06       -0.195512           0.054
          1.062       -0.196309           0.512
          1.064        -0.19756         0.66575
          1.066       -0.198972         0.67375
          1.068       -0.200255           0.536
           1.07       -0.201116         0.22925
          1.072       -0.201172        -0.14375
          1.074       -0.200541        -0.37275
          1.076       -0.199681        -0.37275
          1.078        -0.19905          -0.143
           1.08       -0.199109           0.659
          1.082       -0.201686         1.99775
          1.084         -0.2071          2.9645
          1.086       -0.213544           3.028
          1.088       -0.219212           2.188
           1.09       -0.222296         0.68375
          1.092       -0.221947         -0.7115
          1.094        -0.21945         -1.4365
          1.096       -0.216201         -1.4635
          1.098       -0.213596         -0.7925
            1.1       -0.213031         0.37125
          1.102       -0.215081         1.39125
          1.104       -0.218596         1.82525
          1.106       -0.222382          1.6635
          1.108        -0.22525         0.90575
           1.11       -0.226005          -0.072
          1.112       -0.224962          -0.639
          1.114       -0.223449         -0.7915
          1.116       -0.221796          -0.779
          1.118       -0.220333        -0.60225
           1.12       -0.219387         -0.3635
          1.122       -0.218879        -0.23225
          1.124       -0.218458          -0.207
          1.126       -0.218051        -0.21775
          1.128       -0.217587         -0.2645
           1.13       -0.216993        -0.38975
          1.132       -0.216028          -0.568
          1.134       -0.214721         -0.6565
          1.136       -0.213402        -0.58025
          1.138         -0.2124        -0.33875
           1.14       -0.212047         -0.0505
          1.142       -0.212198         0.10275
          1.144       -0.212458          0.1445
          1.146       -0.212776          0.1605
          1.148         -0.2131          0.1515
           1.15       -0.213382         0.12425
          1.152       -0.213597           0.097
          1.154        -0.21377           0.082
          1.156       -0.213925          0.0785
          1.158       -0.214084           0.087
           1.16       -0.214273          0.5505
          1.162       -0.216286         1.63075
          1.164       -0.220796         2.46275
          1.166       -0.226137          2.4625
          1.168       -0.230646            1.63
           1.17       -0.232657          -0.199
          1.172        -0.22985          -2.459
          1.174       -0.222821          -3.893
          1.176       -0.214278          -3.973
          1.178       -0.206929          -2.699
           1.18       -0.203482        -0.97775
          1.182       -0.203018          -0.157
          1.184       -0.202854           0.008
          1.186        -0.20305          0.2035
          1.188       -0.203668         0.43025
           1.19       -0.204771           0.675
          1.192       -0.206368          0.8785
          1.194       -0.208285           0.984
          1.196       -0.210304         0.98075
          1.198       -0.212208         0.86875
            1.2       -0.213779         0.60675
          1.202       -0.214635          0.2125
          1.204       -0.214629        -0.18475
          1.206       -0.213896          -0.515
          1.208       -0.212569        -0.77825
           1.21       -0.210783        -1.64525
          1.212       -0.205988          -3.353
          1.214       -0.197371        -4.57775
          1.216       -0.187677        -4.43025
          1.218        -0.17965        -2.91125
           1.22       -0.176032        -0.75275
          1.222       -0.176639         0.69325
          1.224       -0.178805         1.22825
          1.226       -0.181552           1.274
          1.228       -0.183901           0.831
           1.23       -0.184876         0.27475
          1.232          -0.185          0.0815
          1.234       -0.185202         0.02775
          1.236       -0.185111        -0.21175
          1.238       -0.184355          -0.637
           1.24       -0.182563          -1.061
          1.242       -0.180111        -1.23375
          1.244       -0.177628         -1.2485
          1.246       -0.175117        -1.26125
          1.248       -0.172583        -1.27175
           1.25        -0.17003           -1.28
          1.252       -0.167463          -1.286
          1.254       -0.164886        -1.29125
          1.256       -0.162298          -1.297
          1.258       -0.159698        -1.30325
           1.26       -0.157085          -1.429
          1.262       -0.153982        -1.72425
          1.264       -0.150188        -1.96375
          1.266       -0.146127        -1.99225
          1.268       -0.142219        -1.81025
           1.27       -0.138886        -1.43225
          1.272        -0.13649         -0.9645
          1.274       -0.135028        -0.52925
          1.276       -0.134373        -0.15725
          1.278       -0.134399          0.1515
           1.28       -0.134979          0.5435
          1.282       -0.136573           1.064
          1.284       -0.139235          1.4135
          1.286       -0.142227           1.394
          1.288       -0.144811           1.006
           1.29       -0.146251           0.495
          1.292       -0.146791         0.20225
          1.294        -0.14706         0.02675
          1.296       -0.146898        -0.22975
          1.298       -0.146141          -0.567
            1.3        -0.14463          -0.873
          1.302       -0.142649        -1.00675
          1.304       -0.140603        -1.03575
          1.306       -0.138506        -1.05775
          1.308       -0.136372        -1.07275
           1.31       -0.134215        -1.10275
          1.312       -0.131961        -1.15675
          1.314       -0.129588          -1.193
          1.316       -0.127189          -1.183
          1.318       -0.124856        -1.12625
           1.32       -0.122684         -0.7265
          1.322        -0.12195         0.10825
          1.324       -0.123117          0.7765
          1.326       -0.125056         0.88025
          1.328       -0.126638           0.419
           1.33       -0.126732         -0.3265
          1.332       -0.125332        -0.83275
          1.334       -0.123401          -1.017
          1.336       -0.121264        -1.03825
          1.338       -0.119248        -0.89625
           1.34       -0.117679         -0.6845
          1.342        -0.11651        -0.52975
          1.344        -0.11556        -0.38875
          1.346       -0.114955         -0.1845
          1.348       -0.114822           0.083
           1.35       -0.115287         0.56225
          1.352       -0.117071         1.24575
          1.354        -0.12027            1.75
          1.356       -0.124071         1.84825
          1.358       -0.127663          1.5405
           1.36       -0.130233           1.062
          1.362       -0.131911         0.75825
          1.364       -0.133266           0.558
          1.366       -0.134143           0.281
          1.368        -0.13439         -0.0725
           1.37       -0.133853        -0.56875
          1.372       -0.132115          -1.127
          1.374       -0.129345        -1.46125
          1.376        -0.12627          -1.432
          1.378       -0.123617         -1.0395
           1.38       -0.122112        -0.53975
          1.382       -0.121458         -0.3105
          1.384        -0.12087        -0.27875
          1.386       -0.120343        -0.24925
          1.388       -0.119873          -0.222
           1.39       -0.119455        -0.15625
          1.392       -0.119248          -0.049
          1.394       -0.119259         0.00125
          1.396       -0.119253          -0.066
          1.398       -0.118995        -0.25075
            1.4        -0.11825          -0.575
          1.402       -0.116695        -0.95925
          1.404       -0.114413          -1.229
          1.406       -0.111779          -1.311
          1.408       -0.109169         -1.2055
           1.41       -0.106957        -1.01925
          1.412       -0.105092        -0.92475
          1.414       -0.103258        -0.91375
          1.416       -0.101437       -0.911575
          1.418      -0.0996117        -0.91835
           1.42      -0.0977636       -0.957425
          1.422       -0.095782         -1.0317
          1.424      -0.0936368        -1.08765
          1.426      -0.0914314       -1.091975
          1.428      -0.0892689       -1.044725
           1.43      -0.0872525        -0.53095
          1.432      -0.0871451        0.573025
          1.434      -0.0895446        1.415425
          1.436      -0.0928068        1.435725
          1.438      -0.0952875         0.63395
           1.44      -0.0953426         -0.6077
          1.442      -0.0928567       -1.512075
          1.444      -0.0892943       -1.868875
          1.446      -0.0853812       -1.862775
          1.448      -0.0818432       -1.493725
           1.45      -0.0794063        -1.01765
          1.452      -0.0777726         -0.8084
          1.454      -0.0761727        -0.78685
          1.456      -0.0746252          -0.756
          1.458      -0.0731487       -0.715925
           1.46      -0.0717615       -0.643325
          1.462      -0.0705754       -0.547175
          1.464      -0.0695728       -0.499175
          1.466      -0.0685787       -0.538675
          1.468      -0.0674181         -0.6657
           1.47      -0.0659159       -0.895675
          1.472      -0.0638354       -1.171275
          1.474      -0.0612308         -1.3681
          1.476       -0.058363       -1.434475
          1.478      -0.0554929        -1.37035
           1.48      -0.0528816         -1.2289
          1.482      -0.0505773       -1.112025
          1.484      -0.0484335         -1.0397
          1.486      -0.0464185       -0.983175
          1.488      -0.0445008       -0.942425
           1.49      -0.0426488         -0.6499
          1.492      -0.0419012        0.004125
          1.494      -0.0426653         0.51535
          1.496      -0.0439626        0.537325
          1.498      -0.0448146         0.07005
            1.5      -0.0442428         -0.9958
          1.502      -0.0408314       -2.337175
          1.504      -0.0348941       -3.196275
          1.506      -0.0280463         -3.2476
          1.508      -0.0219037       -2.491125
           1.51      -0.0180818        -1.42825
          1.512      -0.0161907       -0.820875
          1.514      -0.0147983       -0.558525
          1.516      -0.0139566         -0.2702
          1.518      -0.0137175          0.0441
           1.52       -0.014133          0.4073
          1.522      -0.0153467          0.7618
          1.524      -0.0171802        0.963875
          1.526      -0.0192022         0.95035
          1.528      -0.0209816          0.7213
           1.53      -0.0220874          0.2389
          1.532      -0.0219372         -0.3397
          1.534      -0.0207286       -0.684325
          1.536      -0.0191999         -0.6598
          1.538      -0.0180894         -0.2661
           1.54      -0.0181355          0.4861
          1.542      -0.0200338         1.29755
          1.544      -0.0233257         1.74605
          1.546       -0.027018        1.697925
          1.548      -0.0301174        1.153175
           1.55      -0.0316307        0.430125
          1.552      -0.0318379        0.042475
          1.554      -0.0318006        -0.03485
          1.556      -0.0316985        -0.02245
          1.558      -0.0317108        0.079625
           1.56       -0.032017        0.215275
          1.562      -0.0325719        0.289675
          1.564      -0.0331757          0.3011
          1.566      -0.0337763        0.286475
          1.568      -0.0343216          0.2458
           1.57      -0.0347595          0.1987
          1.572      -0.0351164          0.1744
          1.574      -0.0354571         0.16765
          1.576       -0.035787        0.163575
          1.578      -0.0361114          0.1622
           1.58      -0.0364358        0.154075
          1.582      -0.0367277        0.133725
          1.584      -0.0369707        0.116675
          1.586      -0.0371944        0.114475
          1.588      -0.0374286        0.127125
           1.59      -0.0377029         0.35135
          1.592       -0.038834           0.855
          1.594      -0.0411229        1.247875
          1.596      -0.0438255        1.268725
          1.598      -0.0461978        0.917525
            1.6      -0.0474956         0.31335
          1.602      -0.0474512       -0.222575
          1.604      -0.0466053          -0.506
          1.606      -0.0454272       -0.554825
          1.608       -0.044386         -0.3691
           1.61      -0.0439508          0.0583
          1.612      -0.0446192         0.53065
          1.614      -0.0460734           0.735
          1.616      -0.0475592         0.56225
          1.618      -0.0483224        0.012475
           1.62      -0.0476091       -0.619025
          1.622      -0.0458463        -0.90325
          1.624      -0.0439961       -0.935025
          1.626      -0.0421062       -0.942875
          1.628      -0.0402246         -0.9268
           1.63       -0.038399         -0.8986
          1.632      -0.0366302       -0.880125
          1.634      -0.0348785        -0.87475
          1.636      -0.0331312       -0.875625
          1.638       -0.031376        -0.88275
           1.64      -0.0296002       -0.988325
          1.642      -0.0274227        -1.23045
          1.644      -0.0246784       -1.435825
          1.646      -0.0216794        -1.48515
          1.648      -0.0187378        -1.37845
           1.65      -0.0161656        -1.11085
          1.652      -0.0142944       -0.731575
          1.654      -0.0132393        -0.32675
          1.656      -0.0129874         0.07165
          1.658      -0.0135259         0.46365
           1.66       -0.014842           1.111
          1.662      -0.0179699         2.05445
          1.664      -0.0230598         2.70075
          1.666      -0.0287729          2.6777
          1.668      -0.0337706        1.985325
           1.67      -0.0367142        1.089575
          1.672      -0.0381289         0.67385
          1.674      -0.0394096        0.598425
          1.676      -0.0405226         0.50615
          1.678      -0.0414342           0.397
           1.68      -0.0421106        0.312725
          1.682      -0.0426851        0.289325
          1.684      -0.0432679        0.276425
          1.686      -0.0437908          0.2294
          1.688      -0.0441855        0.148175
           1.69      -0.0443835        0.048425
          1.692      -0.0443792       -0.032375
          1.694       -0.044254        -0.07725
          1.696      -0.0440702       -0.090975
          1.698      -0.0438901       -0.073525
            1.7      -0.0437761        0.022075
          1.702      -0.0439784         0.18005
          1.704      -0.0444963        0.259525
          1.706      -0.0450165          0.1823
          1.708      -0.0452255       -0.051675
           1.71      -0.0448098        -0.45685
          1.712      -0.0433981       -0.924075
          1.714      -0.0411135       -1.253375
          1.716      -0.0383846       -1.368425
          1.718      -0.0356398       -1.269225
           1.72      -0.0333077         -1.0765
          1.722      -0.0313338        -0.97735
          1.724      -0.0293983       -0.950625
          1.726      -0.0275313       -0.908825
          1.728       -0.025763       -0.851975
           1.73      -0.0241234       -0.778925
          1.732      -0.0226473       -0.671625
          1.734      -0.0214369       -0.505975
          1.736      -0.0206234        -0.27475
          1.738      -0.0203379         0.02205
           1.74      -0.0207116        0.285925
          1.742      -0.0214816        0.394625
          1.744      -0.0222901         0.41105
          1.746      -0.0231258         0.42175
          1.748      -0.0239771        0.426775
           1.75      -0.0248329        0.433975
          1.752       -0.025713          0.4482
          1.754      -0.0266257        0.457175
          1.756      -0.0275417        0.451475
          1.758      -0.0284316        0.431175
           1.76      -0.0292664        0.246875
          1.762      -0.0294191       -0.162525
          1.764      -0.0286163       -0.515025
          1.766       -0.027359       -0.616975
          1.768      -0.0261484         -0.4684
           1.77      -0.0254854       -0.144075
          1.772      -0.0255721        0.148175
          1.774      -0.0260781         0.28345
          1.776      -0.0267059        0.269975
          1.778       -0.027158        0.107775
           1.78       -0.027137       -0.204975
          1.782      -0.0263381        -0.56065
          1.784      -0.0248944         -0.7931
          1.786      -0.0231657       -0.845775
          1.788      -0.0215113       -0.718675
           1.79       -0.020291       -0.476475
          1.792      -0.0196054       -0.237525
          1.794      -0.0193409       -0.017575
          1.796      -0.0195351        0.221175
          1.798      -0.0202256         0.47875
            1.8      -0.0214501          1.0366
          1.802       -0.024372         1.94695
          1.804      -0.0292379        2.584525
          1.806      -0.0347101        2.553225
          1.808      -0.0394508         1.85305
           1.81      -0.0421223          0.9187
          1.812      -0.0431256         0.43645
          1.814      -0.0438681        0.348825
          1.816      -0.0445209         0.34685
          1.818      -0.0452555         0.43055
           1.82      -0.0462431          0.5469
          1.822      -0.0474431        0.614125
          1.824      -0.0486996          0.6421
          1.826      -0.0500115        0.669375
          1.828      -0.0513771         0.69595
           1.83      -0.0527953        0.888825
          1.832      -0.0549324         1.30155
          1.834      -0.0580015         1.59725
          1.836      -0.0613214          1.5523
          1.838      -0.0642107          1.1667
           1.84      -0.0659882         0.37405
          1.842      -0.0657069          -0.595
          1.844      -0.0636082         -1.2283
          1.846      -0.0607937       -1.310775
          1.848      -0.0583651        -0.84245
           1.85      -0.0574239        -0.14215
          1.852      -0.0577965         0.25225
          1.854      -0.0584329        0.330875
          1.856        -0.05912         0.30305
          1.858      -0.0596451        0.168775
           1.86      -0.0597951       -0.006975
          1.862      -0.0596172       -0.112425
          1.864      -0.0593454       -0.142325
          1.866      -0.0590479       -0.138225
          1.868      -0.0587925        -0.10015
           1.87      -0.0586473        -0.01505
          1.872      -0.0587323        0.095275
          1.874      -0.0590284         0.16555
          1.876      -0.0593945        0.165275
          1.878      -0.0596895        0.094525
           1.88      -0.0597726       -0.102925
          1.882      -0.0592778       -0.402325
          1.884      -0.0581633       -0.626075
          1.886      -0.0567735        -0.67765
          1.888      -0.0554527       -0.557025
           1.89      -0.0545454        -0.22975
          1.892      -0.0545337          0.1898
          1.894      -0.0553046        0.444125
          1.896      -0.0563102         0.42445
          1.898      -0.0570024         0.13075
            1.9      -0.0568332        -0.42845
          1.902      -0.0552886       -1.044975
          1.904      -0.0526533       -1.427725
          1.906      -0.0495777       -1.485375
          1.908      -0.0467118        -1.21795
           1.91      -0.0447059       -0.788125
          1.912      -0.0435593       -0.473975
          1.914        -0.04281         -0.2856
          1.916      -0.0424169       -0.117825
          1.918      -0.0423387        0.029325
           1.92      -0.0425342        0.444025
          1.922      -0.0441148         1.19325
          1.924      -0.0473072         1.65685
          1.926      -0.0507422          1.4359
          1.928      -0.0530508        0.530425
           1.93      -0.0528639        -0.59345
          1.932       -0.050677       -1.200675
          1.934      -0.0480612       -1.354025
          1.936      -0.0452609       -1.385125
          1.938      -0.0425207          -1.294
           1.94      -0.0400849       -1.158825
          1.942      -0.0378854       -1.095825
          1.944      -0.0357016       -1.083925
          1.946      -0.0335497       -1.063925
          1.948      -0.0314459       -1.035825
           1.95      -0.0294064       -0.960325
          1.952      -0.0276046       -0.814275
          1.954      -0.0261493       -0.661175
          1.956      -0.0249599        -0.54835
          1.958      -0.0239559       -0.475775
           1.96      -0.0230568       -0.128325
          1.962      -0.0234426          0.6028
          1.964       -0.025468        1.092925
          1.966      -0.0278143         0.92365
          1.968      -0.0291626           0.095
           1.97      -0.0281943       -0.942125
          1.972      -0.0253941         -1.4865
          1.974      -0.0222483         -1.6134
          1.976      -0.0189405        -1.64855
          1.978      -0.0156541        -1.59195
           1.98      -0.0125727        -1.49905
          1.982      -0.0096579        -1.44912
          1.984     -0.00677622      -1.4224375
          1.986     -0.00396815      -1.3755025
          1.988     -0.00127421      -1.3083075
           1.99      0.00126508       -1.064215
          1.992      0.00298265      -0.5409925
          1.994      0.00342905       0.0231275
          1.996      0.00289014        0.444305
          1.998      0.00165183        0.722535
              2               0       0.4129575
          2.002               0               0
          2.004               0               0
          2.006               0               0
          2.008               0               0
           2.01               0               0
          2.012               0               0
          2.014               0               0
          2.016               0               0
          2.018               0               0
           2.02               0               0
          2.022               0               0
          2.024               0               0
          2.026               0               0
          2.028               0               0
           2.03               0               0
          2.032               0               0
          2.034               0               0
          2.036               0               0
          2.038               0               0
           2.04               0               0
          2.042               0               0
          2.044               0               0
          2.046               0               0
          2.048               0               0
           2.05               0               0
          2.052               0               0
          2.054               0               0
          2.056               0               0
          2.058               0               0
           2.06               0               0
          2.062               0               0
          2.064               0               0
          2.066               0               0
          2.068               0               0
           2.07               0               0
          2.072               0               0
          2.074               0               0
          2.076               0               0
          2.078               0               0
           2.08               0               0
          2.082               0               0
          2.084               0               0
          2.086               0               0
          2.088               0               0
           2.09               0               0
          2.092               0               0
          2.094               0               0
          2.096               0               0
          2.098               0               0
            2.1               0               0
          2.102               0               0
          2.104               0               0
          2.106               0               0
          2.108               0               0
           2.11               0               0
          2.112               0               0
          2.114               0               0
          2.116               0               0
          2.118               0               0
           2.12               0               0
          2.122               0               0
          2.124               0               0
          2.126               0               0
          2.128               0               0
           2.13               0               0
          2.132               0               0
          2.134               0               0
          2.136               0               0
          2.138               0               0
           2.14               0               0
          2.142               0               0
          2.144               0               0
          2.146               0               0
          2.148               0               0
           2.15               0               0
          2.152               0               0
          2.154               0               0
          2.156               0               0
          2.158               0               0
           2.16               0               0
          2.162               0               0
          2.164               0               0
          2.166               0               0
          2.168               0               0
           2.17               0               0
          2.172               0               0
          2.174               0               0
          2.176               0               0
          2.178               0               0
           2.18               0               0
          2.182               0               0
          2.184               0               0
          2.186               0               0
          2.188               0               0
           2.19               0               0
          2.192               0               0
          2.194               0               0
          2.196               0               0
          2.198               0               0
            2.2               0               0
          2.202               0               0
          2.204               0               0
          2.206               0               0
          2.208               0               0
           2.21               0               0
          2.212               0               0
          2.214               0               0
          2.216               0               0
          2.218               0               0
           2.22               0               0
          2.222               0               0
          2.224               0               0
          2.226               0               0
          2.228               0               0
           2.23               0               0
          2.232               0               0
          2.234               0               0
          2.236               0               0
          2.238               0               0
           2.24               0               0
          2.242               0               0
          2.244               0               0
          2.246               0               0
          2.248               0               0
           2.25               0               0
          2.252               0               0
          2.254               0               0
          2.256               0               0
          2.258               0               0
           2.26               0               0
          2.262               0               0
          2.264               0               0
          2.266               0               0
          2.268               0               0
           2.27               0               0
          2.272               0               0
          2.274               0               0
          2.276               0               0
          2.278               0               0
           2.28               0               0
          2.282               0               0
          2.284               0               0
          2.286               0               0
          2.288               0               0
           2.29               0               0
          2.292               0               0
          2.294               0               0
          2.296               0               0
          2.298               0               0
            2.3               0               0
          2.302               0               0
          2.304               0               0
          2.306               0               0
          2.308               0               0
           2.31               0               0
          2.312               0               0
          2.314               0               0
          2.316               0               0
          2.318               0               0
           2.32               0               0
          2.322               0               0
          2.324               0               0
          2.326               0               0
          2.328               0               0
           2.33               0               0
          2.332               0               0
          2.334               0               0
          2.336               0               0
          2.338               0               0
           2.34               0               0
          2.342               0               0
          2.344               0               0
          2.346               0               0
          2.348               0               0
           2.35               0               0
          2.352               0               0
          2.354               0               0
          2.356               0               0
          2.358               0               0
           2.36               0               0
          2.362               0               0
          2.364               0               0
          2.366               0               0
          2.368               0               0
           2.37               0               0
          2.372               0               0
          2.374               0               0
          2.376               0               0
          2.378               0               0
           2.38               0               0
          2.382               0               0
          2.384               0               0
          2.386               0               0
          2.388               0               0
           2.39               0               0
          2.392               0               0
          2.394               0               0
          2.396               0               0
          2.398               0               0
            2.4               0               0
          2.402               0               0
          2.404               0               0
          2.406               0               0
          2.408               0               0
           2.41               0               0
          2.412               0               0
          2.414               0               0
          2.416               0               0
          2.418               0               0
           2.42               0               0
          2.422               0               0
          2.424               0               0
          2.426               0               0
          2.428               0               0
           2.43               0               0
          2.432               0               0
          2.434               0               0
          2.436               0               0
          2.438               0               0
           2.44               0               0
          2.442               0               0
          2.444               0               0
          2.446               0               0
          2.448               0               0
           2.45               0               0
          2.452               0               0
          2.454               0               0
          2.456               0               0
          2.458               0               0
           2.46               0               0
          2.462               0               0
          2.464               0               0
          2.466               0               0
          2.468               0               0
           2.47               0               0
          2.472               0               0
          2.474               0               0
          2.476               0               0
          2.478               0               0
           2.48               0               0
          2.482               0               0
          2.484               0               0
          2.486               0               0
          2.488               0               0
           2.49               0               0
          2.492               0               0
          2.494               0               0
          2.496               0               0
          2.498               0               0
            2.5               0               0
          2.502               0               0
          2.504               0               0
          2.506               0               0
          2.508               0               0
           2.51               0               0
          2.512               0               0
          2.514               0               0
          2.516               0               0
          2.518               0               0
           2.52               0               0
          2.522               0               0
          2.524               0               0
          2.526               0               0
          2.528               0               0
           2.53               0               0
          2.532               0               0
          2.534               0               0
          2.536               0               0
          2.538               0               0
           2.54               0               0
          2.542               0               0
          2.544               0               0
          2.546               0               0
          2.548               0               0
           2.55               0               0
          2.552               0               0
          2.554               0               0
          2.556               0               0
          2.558               0               0
           2.56               0               0
          2.562               0               0
          2.564               0               0
          2.566               0               0
          2.568               0               0
           2.57               0               0
          2.572               0               0
          2.574               0               0
          2.576               0               0
          2.578               0               0
           2.58               0               0
          2.582               0               0
          2.584               0               0
          2.586               0               0
          2.588               0               0
           2.59               0               0
          2.592               0               0
          2.594               0               0
          2.596               0               0
          2.598               0               0
            2.6               0               0
          2.602               0               0
          2.604               0               0
          2.606               0               0
          2.608               0               0
           2.61               0               0
          2.612               0               0
          2.614               0               0
          2.616               0               0
          2.618               0               0
           2.62               0               0
          2.622               0               0
          2.624               0               0
          2.626               0               0
          2.628               0               0
           2.63               0               0
          2.632               0               0
          2.634               0               0
          2.636               0               0
          2.638               0               0
           2.64               0               0
          2.642               0               0
          2.644               0               0
          2.646               0               0
          2.648               0               0
           2.65               0               0
          2.652               0               0
          2.654               0               0
          2.656               0               0
          2.658               0               0
           2.66               0               0
          2.662               0               0
          2.664               0               0
          2.666               0               0
          2.668               0               0
           2.67               0               0
          2.672               0               0
          2.674               0               0
          2.676               0               0
          2.678               0               0
           2.68               0               0
          2.682               0               0
          2.684               0               0
          2.686               0               0
          2.688               0               0
           2.69               0               0
          2.692               0               0
          2.694               0               0
          2.696               0               0
          2.698               0               0
            2.7               0               0
          2.702               0               0
          2.704               0               0
          2.706               0               0
          2.708               0               0
           2.71               0               0
          2.712               0               0
          2.714               0               0
          2.716               0               0
          2.718               0               0
           2.72               0               0
          2.722               0               0
          2.724               0               0
          2.726               0               0
          2.728               0               0
           2.73               0               0
          2.732               0               0
          2.734               0               0
          2.736               0               0
          2.738               0               0
           2.74               0               0
          2.742               0               0
          2.744               0               0
          2.746               0               0
          2.748               0               0
           2.75               0               0
          2.752               0               0
          2.754               0               0
          2.756               0               0
          2.758               0               0
           2.76               0               0
          2.762               0               0
          2.764               0               0
          2.766               0               0
          2.768               0               0
           2.77               0               0
          2.772               0               0
          2.774               0               0
          2.776               0               0
          2.778               0               0
           2.78               0               0
          2.782               0               0
          2.784               0               0
          2.786               0               0
          2.788               0               0
           2.79               0               0
          2.792               0               0
          2.794               0               0
          2.796               0               0
          2.798               0               0
            2.8               0               0
          2.802               0               0
          2.804               0               0
          2.806               0               0
          2.808               0               0
           2.81               0               0
          2.812               0               0
          2.814               0               0
          2.816               0               0
          2.818               0               0
           2.82               0               0
          2.822               0               0
          2.824               0               0
          2.826               0               0
          2.828               0               0
           2.83               0               0
          2.832               0               0
          2.834               0               0
          2.836               0               0
          2.838               0               0
           2.84               0               0
          2.842               0               0
          2.844               0               0
          2.846               0               0
          2.848               0               0
           2.85               0               0
          2.852               0               0
          2.854               0               0
          2.856               0               0
          2.858               0               0
           2.86               0               0
          2.862               0               0
          2.864               0               0
          2.866               0               0
          2.868               0               0
           2.87               0               0
          2.872               0               0
          2.874               0               0
          2.876               0               0
          2.878               0               0
           2.88               0               0
          2.882               0               0
          2.884               0               0
          2.886               0               0
          2.888               0               0
           2.89               0               0
          2.892               0               0
          2.894               0               0
          2.896               0               0
          2.898               0               0
            2.9               0               0
          2.902               0               0
          2.904               0               0
          2.906               0               0
          2.908               0               0
           2.91               0               0
          2.912               0               0
          2.914               0               0
          2.916               0               0
          2.918               0               0
           2.92               0               0
          2.922               0               0
          2.924               0               0
          2.926               0               0
          2.928               0               0
           2.93               0               0
          2.932               0               0
          2.934               0               0
          2.936               0               0
          2.938               0               0
           2.94               0               0
          2.942               0               0
          2.944               0               0
          2.946               0               0
          2.948               0               0
           2.95               0               0
          2.952               0               0
          2.954               0               0
          2.956               0               0
          2.958               0               0
           2.96               0               0
          2.962               0               0
          2.964               0               0
          2.966               0               0
          2.968               0               0
           2.97               0               0
          2.972               0               0
          2.974               0               0
          2.976               0               0
          2.978               0               0
           2.98               0               0
          2.982               0               0
          2.984               0               0
          2.986               0               0
          2.988               0               0
           2.99               0               0
          2.992               0               0
          2.994               0               0
          2.996               0               0
          2.998               0               0
              3               0               0
