1 2
1 3
1 4
2 3
2 4
3 4
5 6
5 7
5 8
6 7
6 8
7 8
9 10
9 11
9 12
10 11
10 12
11 12
13 14
13 15
13 16
14 15
14 16
15 16
17 18
17 19
17 20
18 19
18 20
19 20
21 22
21 23
21 24
22 23
22 24
23 24
25 26
25 27
25 28
26 27
26 28
27 28
29 30
29 31
29 32
30 31
30 32
31 32
33 34
33 35
33 36
34 35
34 36
35 36
37 38
37 39
37 40
38 39
38 40
39 40
41 42
41 43
41 44
42 43
42 44
43 44
45 46
45 47
45 48
46 47
46 48
47 48
49 50
49 51
49 52
50 51
50 52
51 52
53 54
53 55
53 56
54 55
54 56
55 56
57 58
57 59
57 60
58 59
58 60
59 60
61 62
61 63
61 64
62 63
62 64
63 64
65 66
65 67
65 68
66 67
66 68
67 68
69 70
69 71
69 72
70 71
70 72
71 72
73 74
73 75
73 76
74 75
74 76
75 76
77 78
77 79
77 80
78 79
78 80
79 80
81 82
81 83
81 84
82 83
82 84
83 84
85 86
85 87
85 88
86 87
86 88
87 88
89 90
89 91
89 92
90 91
90 92
91 92
93 94
93 95
93 96
94 95
94 96
95 96
97 98
97 99
97 100
98 99
98 100
99 100
101 102
101 103
101 104
102 103
102 104
103 104
105 106
105 107
105 108
106 107
106 108
107 108
109 110
109 111
109 112
110 111
110 112
111 112
113 114
113 115
113 116
114 115
114 116
115 116
117 118
117 119
117 120
118 119
118 120
119 120
121 122
121 123
121 124
122 123
122 124
123 124
125 126
125 127
125 128
126 127
126 128
127 128
129 130
129 131
129 132
130 131
130 132
131 132
133 134
133 135
133 136
134 135
134 136
135 136
137 138
137 139
137 140
138 139
138 140
139 140
141 142
141 143
141 144
142 143
142 144
143 144
145 146
145 147
145 148
146 147
146 148
147 148
149 150
149 151
149 152
150 151
150 152
151 152
153 154
153 155
153 156
154 155
154 156
155 156
157 158
157 159
157 160
158 159
158 160
159 160
161 162
161 163
161 164
162 163
162 164
163 164
165 166
165 167
165 168
166 167
166 168
167 168
169 170
169 171
169 172
170 171
170 172
171 172
173 174
173 175
173 176
174 175
174 176
175 176
177 178
177 179
177 180
178 179
178 180
179 180
181 182
181 183
181 184
182 183
182 184
183 184
185 186
185 187
185 188
186 187
186 188
187 188
189 190
189 191
189 192
190 191
190 192
191 192
193 194
193 195
193 196
194 195
194 196
195 196
197 198
197 199
197 200
198 199
198 200
199 200
201 202
201 203
201 204
202 203
202 204
203 204
205 206
205 207
205 208
206 207
206 208
207 208
209 210
209 211
209 212
210 211
210 212
211 212
213 214
213 215
213 216
214 215
214 216
215 216
217 218
217 219
217 220
218 219
218 220
219 220
221 222
221 223
221 224
222 223
222 224
223 224
225 226
225 227
225 228
226 227
226 228
227 228
229 230
229 231
229 232
230 231
230 232
231 232
233 234
233 235
233 236
234 235
234 236
235 236
237 238
237 239
237 240
238 239
238 240
239 240
241 242
241 243
241 244
242 243
242 244
243 244
245 246
245 247
245 248
246 247
246 248
247 248
249 250
249 251
249 252
250 251
250 252
251 252
253 254
253 255
253 256
254 255
254 256
255 256
257 258
257 259
257 260
258 259
258 260
259 260
261 262
261 263
261 264
262 263
262 264
263 264
265 266
265 267
265 268
266 267
266 268
267 268
269 270
269 271
269 272
270 271
270 272
271 272
273 274
273 275
273 276
274 275
274 276
275 276
277 278
277 279
277 280
278 279
278 280
279 280
281 282
281 283
281 284
282 283
282 284
283 284
285 286
285 287
285 288
286 287
286 288
287 288
289 290
289 291
289 292
290 291
290 292
291 292
293 294
293 295
293 296
294 295
294 296
295 296
297 298
297 299
297 300
298 299
298 300
299 300
301 302
301 303
301 304
302 303
302 304
303 304
305 306
305 307
305 308
306 307
306 308
307 308
309 310
309 311
309 312
310 311
310 312
311 312
313 314
313 315
313 316
314 315
314 316
315 316
317 318
317 319
317 320
318 319
318 320
319 320
321 322
321 323
321 324
322 323
322 324
323 324
325 326
325 327
325 328
326 327
326 328
327 328
329 330
329 331
329 332
330 331
330 332
331 332
333 334
333 335
333 336
334 335
334 336
335 336
337 338
337 339
337 340
338 339
338 340
339 340
341 342
341 343
341 344
342 343
342 344
343 344
345 346
345 347
345 348
346 347
346 348
347 348
349 350
349 351
349 352
350 351
350 352
351 352
353 354
353 355
353 356
354 355
354 356
355 356
357 358
357 359
357 360
358 359
358 360
359 360
361 362
361 363
361 364
362 363
362 364
363 364
365 366
365 367
365 368
366 367
366 368
367 368
369 370
369 371
369 372
370 371
370 372
371 372
373 374
373 375
373 376
374 375
374 376
375 376
377 378
377 379
377 380
378 379
378 380
379 380
381 382
381 383
381 384
382 383
382 384
383 384
385 386
385 387
385 388
386 387
386 388
387 388
389 390
389 391
389 392
390 391
390 392
391 392
393 394
393 395
393 396
394 395
394 396
395 396
397 398
397 399
397 400
398 399
398 400
399 400
401 402
401 403
401 404
402 403
402 404
403 404
405 406
405 407
405 408
406 407
406 408
407 408
409 410
409 411
409 412
410 411
410 412
411 412
413 414
413 415
413 416
414 415
414 416
415 416
417 418
417 419
417 420
418 419
418 420
419 420
421 422
421 423
421 424
422 423
422 424
423 424
425 426
425 427
425 428
426 427
426 428
427 428
429 430
429 431
429 432
430 431
430 432
431 432
433 434
433 435
433 436
434 435
434 436
435 436
437 438
437 439
437 440
438 439
438 440
439 440
441 442
441 443
441 444
442 443
442 444
443 444
445 446
445 447
445 448
446 447
446 448
447 448
449 450
449 451
449 452
450 451
450 452
451 452
453 454
453 455
453 456
454 455
454 456
455 456
457 458
457 459
457 460
458 459
458 460
459 460
461 462
461 463
461 464
462 463
462 464
463 464
465 466
465 467
465 468
466 467
466 468
467 468
469 470
469 471
469 472
470 471
470 472
471 472
473 474
473 475
473 476
474 475
474 476
475 476
477 478
477 479
477 480
478 479
478 480
479 480
481 482
481 483
481 484
482 483
482 484
483 484
485 486
485 487
485 488
486 487
486 488
487 488
489 490
489 491
489 492
490 491
490 492
491 492
493 494
493 495
493 496
494 495
494 496
495 496
497 498
497 499
497 500
498 499
498 500
499 500
501 502
501 503
501 504
502 503
502 504
503 504
505 506
505 507
505 508
506 507
506 508
507 508
509 510
509 511
509 512
510 511
510 512
511 512
513 514
513 515
513 516
514 515
514 516
515 516
517 518
517 519
517 520
518 519
518 520
519 520
521 522
521 523
521 524
522 523
522 524
523 524
525 526
525 527
525 528
526 527
526 528
527 528
529 530
529 531
529 532
530 531
530 532
531 532
533 534
533 535
533 536
534 535
534 536
535 536
537 538
537 539
537 540
538 539
538 540
539 540
541 542
541 543
541 544
542 543
542 544
543 544
545 546
545 547
545 548
546 547
546 548
547 548
549 550
549 551
549 552
550 551
550 552
551 552
553 554
553 555
553 556
554 555
554 556
555 556
557 558
557 559
557 560
558 559
558 560
559 560
561 562
561 563
561 564
562 563
562 564
563 564
565 566
565 567
565 568
566 567
566 568
567 568
569 570
569 571
569 572
570 571
570 572
571 572
573 574
573 575
573 576
574 575
574 576
575 576
577 578
577 579
577 580
578 579
578 580
579 580
581 582
581 583
581 584
582 583
582 584
583 584
585 586
585 587
585 588
586 587
586 588
587 588
589 590
589 591
589 592
590 591
590 592
591 592
593 594
593 595
593 596
594 595
594 596
595 596
597 598
597 599
597 600
598 599
598 600
599 600
601 602
601 603
601 604
602 603
602 604
603 604
605 606
605 607
605 608
606 607
606 608
607 608
609 610
609 611
609 612
610 611
610 612
611 612
613 614
613 615
613 616
614 615
614 616
615 616
617 618
617 619
617 620
618 619
618 620
619 620
621 622
621 623
621 624
622 623
622 624
623 624
625 626
625 627
625 628
626 627
626 628
627 628
629 630
629 631
629 632
630 631
630 632
631 632
633 634
633 635
633 636
634 635
634 636
635 636
637 638
637 639
637 640
638 639
638 640
639 640
641 642
641 643
641 644
642 643
642 644
643 644
645 646
645 647
645 648
646 647
646 648
647 648
649 650
649 651
649 652
650 651
650 652
651 652
653 654
653 655
653 656
654 655
654 656
655 656
657 658
657 659
657 660
658 659
658 660
659 660
661 662
661 663
661 664
662 663
662 664
663 664
665 666
665 667
665 668
666 667
666 668
667 668
669 670
669 671
669 672
670 671
670 672
671 672
673 674
673 675
673 676
674 675
674 676
675 676
677 678
677 679
677 680
678 679
678 680
679 680
681 682
681 683
681 684
682 683
682 684
683 684
685 686
685 687
685 688
686 687
686 688
687 688
689 690
689 691
689 692
690 691
690 692
691 692
693 694
693 695
693 696
694 695
694 696
695 696
697 698
697 699
697 700
698 699
698 700
699 700
701 702
701 703
701 704
702 703
702 704
703 704
705 706
705 707
705 708
706 707
706 708
707 708
709 710
709 711
709 712
710 711
710 712
711 712
713 714
713 715
713 716
714 715
714 716
715 716
717 718
717 719
717 720
718 719
718 720
719 720
721 722
721 723
721 724
722 723
722 724
723 724
725 726
725 727
725 728
726 727
726 728
727 728
729 730
729 731
729 732
730 731
730 732
731 732
733 734
733 735
733 736
734 735
734 736
735 736
737 738
737 739
737 740
738 739
738 740
739 740
741 742
741 743
741 744
742 743
742 744
743 744
745 746
745 747
745 748
746 747
746 748
747 748
749 750
749 751
749 752
750 751
750 752
751 752
753 754
753 755
753 756
754 755
754 756
755 756
757 758
757 759
757 760
758 759
758 760
759 760
761 762
761 763
761 764
762 763
762 764
763 764
765 766
765 767
765 768
766 767
766 768
767 768
769 770
769 771
769 772
770 771
770 772
771 772
773 774
773 775
773 776
774 775
774 776
775 776
777 778
777 779
777 780
778 779
778 780
779 780
781 782
781 783
781 784
782 783
782 784
783 784
785 786
785 787
785 788
786 787
786 788
787 788
789 790
789 791
789 792
790 791
790 792
791 792
793 794
793 795
793 796
794 795
794 796
795 796
797 798
797 799
797 800
798 799
798 800
799 800
801 802
801 803
801 804
802 803
802 804
803 804
805 806
805 807
805 808
806 807
806 808
807 808
809 810
809 811
809 812
810 811
810 812
811 812
813 814
813 815
813 816
814 815
814 816
815 816
817 818
817 819
817 820
818 819
818 820
819 820
821 822
821 823
821 824
822 823
822 824
823 824
825 826
825 827
825 828
826 827
826 828
827 828
829 830
829 831
829 832
830 831
830 832
831 832
833 834
833 835
833 836
834 835
834 836
835 836
837 838
837 839
837 840
838 839
838 840
839 840
841 842
841 843
841 844
842 843
842 844
843 844
845 846
845 847
845 848
846 847
846 848
847 848
849 850
849 851
849 852
850 851
850 852
851 852
853 854
853 855
853 856
854 855
854 856
855 856
857 858
857 859
857 860
858 859
858 860
859 860
861 862
861 863
861 864
862 863
862 864
863 864
865 866
865 867
865 868
866 867
866 868
867 868
869 870
869 871
869 872
870 871
870 872
871 872
873 874
873 875
873 876
874 875
874 876
875 876
877 878
877 879
877 880
878 879
878 880
879 880
881 882
881 883
881 884
882 883
882 884
883 884
885 886
885 887
885 888
886 887
886 888
887 888
889 890
889 891
889 892
890 891
890 892
891 892
893 894
893 895
893 896
894 895
894 896
895 896
897 898
897 899
897 900
898 899
898 900
899 900
901 902
901 903
901 904
902 903
902 904
903 904
905 906
905 907
905 908
906 907
906 908
907 908
909 910
909 911
909 912
910 911
910 912
911 912
913 914
913 915
913 916
914 915
914 916
915 916
917 918
917 919
917 920
918 919
918 920
919 920
921 922
921 923
921 924
922 923
922 924
923 924
925 926
925 927
925 928
926 927
926 928
927 928
929 930
929 931
929 932
930 931
930 932
931 932
933 934
933 935
933 936
934 935
934 936
935 936
937 938
937 939
937 940
938 939
938 940
939 940
941 942
941 943
941 944
942 943
942 944
943 944
945 946
945 947
945 948
946 947
946 948
947 948
949 950
949 951
949 952
950 951
950 952
951 952
953 954
953 955
953 956
954 955
954 956
955 956
957 958
957 959
957 960
958 959
958 960
959 960
961 962
961 963
961 964
962 963
962 964
963 964
965 966
965 967
965 968
966 967
966 968
967 968
969 970
969 971
969 972
970 971
970 972
971 972
973 974
973 975
973 976
974 975
974 976
975 976
977 978
977 979
977 980
978 979
978 980
979 980
981 982
981 983
981 984
982 983
982 984
983 984
985 986
985 987
985 988
986 987
986 988
987 988
989 990
989 991
989 992
990 991
990 992
991 992
993 994
993 995
993 996
994 995
994 996
995 996
997 998
997 999
997 1000
998 999
998 1000
999 1000
1001 1002
1001 1003
1001 1004
1002 1003
1002 1004
1003 1004
1005 1006
1005 1007
1005 1008
1006 1007
1006 1008
1007 1008
1009 1010
1009 1011
1009 1012
1010 1011
1010 1012
1011 1012
1013 1014
1013 1015
1013 1016
1014 1015
1014 1016
1015 1016
1017 1018
1017 1019
1017 1020
1018 1019
1018 1020
1019 1020
1021 1022
1021 1023
1021 1024
1022 1023
1022 1024
1023 1024
1025 1026
1025 1027
1025 1028
1026 1027
1026 1028
1027 1028
1029 1030
1029 1031
1029 1032
1030 1031
1030 1032
1031 1032
1033 1034
1033 1035
1033 1036
1034 1035
1034 1036
1035 1036
1037 1038
1037 1039
1037 1040
1038 1039
1038 1040
1039 1040
1041 1042
1041 1043
1041 1044
1042 1043
1042 1044
1043 1044
1045 1046
1045 1047
1045 1048
1046 1047
1046 1048
1047 1048
1049 1050
1049 1051
1049 1052
1050 1051
1050 1052
1051 1052
1053 1054
1053 1055
1053 1056
1054 1055
1054 1056
1055 1056
1057 1058
1057 1059
1057 1060
1058 1059
1058 1060
1059 1060
1061 1062
1061 1063
1061 1064
1062 1063
1062 1064
1063 1064
1065 1066
1065 1067
1065 1068
1066 1067
1066 1068
1067 1068
1069 1070
1069 1071
1069 1072
1070 1071
1070 1072
1071 1072
1073 1074
1073 1075
1073 1076
1074 1075
1074 1076
1075 1076
1077 1078
1077 1079
1077 1080
1078 1079
1078 1080
1079 1080
1081 1082
1081 1083
1081 1084
1082 1083
1082 1084
1083 1084
1085 1086
1085 1087
1085 1088
1086 1087
1086 1088
1087 1088
1089 1090
1089 1091
1089 1092
1090 1091
1090 1092
1091 1092
1093 1094
1093 1095
1093 1096
1094 1095
1094 1096
1095 1096
1097 1098
1097 1099
1097 1100
1098 1099
1098 1100
1099 1100
1101 1102
1101 1103
1101 1104
1102 1103
1102 1104
1103 1104
1105 1106
1105 1107
1105 1108
1106 1107
1106 1108
1107 1108
1109 1110
1109 1111
1109 1112
1110 1111
1110 1112
1111 1112
1113 1114
1113 1115
1113 1116
1114 1115
1114 1116
1115 1116
1117 1118
1117 1119
1117 1120
1118 1119
1118 1120
1119 1120
1121 1122
1121 1123
1121 1124
1122 1123
1122 1124
1123 1124
1125 1126
1125 1127
1125 1128
1126 1127
1126 1128
1127 1128
1129 1130
1129 1131
1129 1132
1130 1131
1130 1132
1131 1132
1133 1134
1133 1135
1133 1136
1134 1135
1134 1136
1135 1136
1137 1138
1137 1139
1137 1140
1138 1139
1138 1140
1139 1140
1141 1142
1141 1143
1141 1144
1142 1143
1142 1144
1143 1144
1145 1146
1145 1147
1145 1148
1146 1147
1146 1148
1147 1148
1149 1150
1149 1151
1149 1152
1150 1151
1150 1152
1151 1152
1153 1154
1153 1155
1153 1156
1154 1155
1154 1156
1155 1156
1157 1158
1157 1159
1157 1160
1158 1159
1158 1160
1159 1160
1161 1162
1161 1163
1161 1164
1162 1163
1162 1164
1163 1164
1165 1166
1165 1167
1165 1168
1166 1167
1166 1168
1167 1168
1169 1170
1169 1171
1169 1172
1170 1171
1170 1172
1171 1172
1173 1174
1173 1175
1173 1176
1174 1175
1174 1176
1175 1176
1177 1178
1177 1179
1177 1180
1178 1179
1178 1180
1179 1180
1181 1182
1181 1183
1181 1184
1182 1183
1182 1184
1183 1184
1185 1186
1185 1187
1185 1188
1186 1187
1186 1188
1187 1188
1189 1190
1189 1191
1189 1192
1190 1191
1190 1192
1191 1192
1193 1194
1193 1195
1193 1196
1194 1195
1194 1196
1195 1196
1197 1198
1197 1199
1197 1200
1198 1199
1198 1200
1199 1200
1201 1202
1201 1203
1201 1204
1202 1203
1202 1204
1203 1204
1205 1206
1205 1207
1205 1208
1206 1207
1206 1208
1207 1208
1209 1210
1209 1211
1209 1212
1210 1211
1210 1212
1211 1212
1213 1214
1213 1215
1213 1216
1214 1215
1214 1216
1215 1216
1217 1218
1217 1219
1217 1220
1218 1219
1218 1220
1219 1220
1221 1222
1221 1223
1221 1224
1222 1223
1222 1224
1223 1224
1225 1226
1225 1227
1225 1228
1226 1227
1226 1228
1227 1228
1229 1230
1229 1231
1229 1232
1230 1231
1230 1232
1231 1232
1233 1234
1233 1235
1233 1236
1234 1235
1234 1236
1235 1236
1237 1238
1237 1239
1237 1240
1238 1239
1238 1240
1239 1240
1241 1242
1241 1243
1241 1244
1242 1243
1242 1244
1243 1244
1245 1246
1245 1247
1245 1248
1246 1247
1246 1248
1247 1248
1249 1250
1249 1251
1249 1252
1250 1251
1250 1252
1251 1252
1253 1254
1253 1255
1253 1256
1254 1255
1254 1256
1255 1256
1257 1258
1257 1259
1257 1260
1258 1259
1258 1260
1259 1260
1261 1262
1261 1263
1261 1264
1262 1263
1262 1264
1263 1264
1265 1266
1265 1267
1265 1268
1266 1267
1266 1268
1267 1268
1269 1270
1269 1271
1269 1272
1270 1271
1270 1272
1271 1272
1273 1274
1273 1275
1273 1276
1274 1275
1274 1276
1275 1276
1277 1278
1277 1279
1277 1280
1278 1279
1278 1280
1279 1280
1281 1282
1281 1283
1281 1284
1282 1283
1282 1284
1283 1284
1285 1286
1285 1287
1285 1288
1286 1287
1286 1288
1287 1288
1289 1290
1289 1291
1289 1292
1290 1291
1290 1292
1291 1292
1293 1294
1293 1295
1293 1296
1294 1295
1294 1296
1295 1296
1297 1298
1297 1299
1297 1300
1298 1299
1298 1300
1299 1300
1301 1302
1301 1303
1301 1304
1302 1303
1302 1304
1303 1304
1305 1306
1305 1307
1305 1308
1306 1307
1306 1308
1307 1308
1309 1310
1309 1311
1309 1312
1310 1311
1310 1312
1311 1312
1313 1314
1313 1315
1313 1316
1314 1315
1314 1316
1315 1316
1317 1318
1317 1319
1317 1320
1318 1319
1318 1320
1319 1320
1321 1322
1321 1323
1321 1324
1322 1323
1322 1324
1323 1324
1325 1326
1325 1327
1325 1328
1326 1327
1326 1328
1327 1328
1329 1330
1329 1331
1329 1332
1330 1331
1330 1332
1331 1332
1333 1334
1333 1335
1333 1336
1334 1335
1334 1336
1335 1336
1337 1338
1337 1339
1337 1340
1338 1339
1338 1340
1339 1340
1341 1342
1341 1343
1341 1344
1342 1343
1342 1344
1343 1344
1345 1346
1345 1347
1345 1348
1346 1347
1346 1348
1347 1348
1349 1350
1349 1351
1349 1352
1350 1351
1350 1352
1351 1352
1353 1354
1353 1355
1353 1356
1354 1355
1354 1356
1355 1356
1357 1358
1357 1359
1357 1360
1358 1359
1358 1360
1359 1360
1361 1362
1361 1363
1361 1364
1362 1363
1362 1364
1363 1364
1365 1366
1365 1367
1365 1368
1366 1367
1366 1368
1367 1368
1369 1370
1369 1371
1369 1372
1370 1371
1370 1372
1371 1372
1373 1374
1373 1375
1373 1376
1374 1375
1374 1376
1375 1376
1377 1378
1377 1379
1377 1380
1378 1379
1378 1380
1379 1380
1381 1382
1381 1383
1381 1384
1382 1383
1382 1384
1383 1384
1385 1386
1385 1387
1385 1388
1386 1387
1386 1388
1387 1388
1389 1390
1389 1391
1389 1392
1390 1391
1390 1392
1391 1392
1393 1394
1393 1395
1393 1396
1394 1395
1394 1396
1395 1396
1397 1398
1397 1399
1397 1400
1398 1399
1398 1400
1399 1400
1401 1402
1401 1403
1401 1404
1402 1403
1402 1404
1403 1404
1405 1406
1405 1407
1405 1408
1406 1407
1406 1408
1407 1408
1409 1410
1409 1411
1409 1412
1410 1411
1410 1412
1411 1412
1413 1414
1413 1415
1413 1416
1414 1415
1414 1416
1415 1416
1417 1418
1417 1419
1417 1420
1418 1419
1418 1420
1419 1420
1421 1422
1421 1423
1421 1424
1422 1423
1422 1424
1423 1424
1425 1426
1425 1427
1425 1428
1426 1427
1426 1428
1427 1428
1429 1430
1429 1431
1429 1432
1430 1431
1430 1432
1431 1432
1433 1434
1433 1435
1433 1436
1434 1435
1434 1436
1435 1436
1437 1438
1437 1439
1437 1440
1438 1439
1438 1440
1439 1440
1441 1442
1441 1443
1441 1444
1442 1443
1442 1444
1443 1444
1445 1446
1445 1447
1445 1448
1446 1447
1446 1448
1447 1448
1449 1450
1449 1451
1449 1452
1450 1451
1450 1452
1451 1452
1453 1454
1453 1455
1453 1456
1454 1455
1454 1456
1455 1456
1457 1458
1457 1459
1457 1460
1458 1459
1458 1460
1459 1460
1461 1462
1461 1463
1461 1464
1462 1463
1462 1464
1463 1464
1465 1466
1465 1467
1465 1468
1466 1467
1466 1468
1467 1468
1469 1470
1469 1471
1469 1472
1470 1471
1470 1472
1471 1472
1473 1474
1473 1475
1473 1476
1474 1475
1474 1476
1475 1476
1477 1478
1477 1479
1477 1480
1478 1479
1478 1480
1479 1480
1481 1482
1481 1483
1481 1484
1482 1483
1482 1484
1483 1484
1485 1486
1485 1487
1485 1488
1486 1487
1486 1488
1487 1488
1489 1490
1489 1491
1489 1492
1490 1491
1490 1492
1491 1492
1493 1494
1493 1495
1493 1496
1494 1495
1494 1496
1495 1496
1497 1498
1497 1499
1497 1500
1498 1499
1498 1500
1499 1500
1501 1502
1501 1503
1501 1504
1502 1503
1502 1504
1503 1504
1505 1506
1505 1507
1505 1508
1506 1507
1506 1508
1507 1508
1509 1510
1509 1511
1509 1512
1510 1511
1510 1512
1511 1512
1513 1514
1513 1515
1513 1516
1514 1515
1514 1516
1515 1516
1517 1518
1517 1519
1517 1520
1518 1519
1518 1520
1519 1520
1521 1522
1521 1523
1521 1524
1522 1523
1522 1524
1523 1524
1525 1526
1525 1527
1525 1528
1526 1527
1526 1528
1527 1528
1529 1530
1529 1531
1529 1532
1530 1531
1530 1532
1531 1532
1533 1534
1533 1535
1533 1536
1534 1535
1534 1536
1535 1536
1537 1538
1537 1539
1537 1540
1538 1539
1538 1540
1539 1540
1541 1542
1541 1543
1541 1544
1542 1543
1542 1544
1543 1544
1545 1546
1545 1547
1545 1548
1546 1547
1546 1548
1547 1548
1549 1550
1549 1551
1549 1552
1550 1551
1550 1552
1551 1552
1553 1554
1553 1555
1553 1556
1554 1555
1554 1556
1555 1556
1557 1558
1557 1559
1557 1560
1558 1559
1558 1560
1559 1560
1561 1562
1561 1563
1561 1564
1562 1563
1562 1564
1563 1564
1565 1566
1565 1567
1565 1568
1566 1567
1566 1568
1567 1568
1569 1570
1569 1571
1569 1572
1570 1571
1570 1572
1571 1572
1573 1574
1573 1575
1573 1576
1574 1575
1574 1576
1575 1576
1577 1578
1577 1579
1577 1580
1578 1579
1578 1580
1579 1580
1581 1582
1581 1583
1581 1584
1582 1583
1582 1584
1583 1584
1585 1586
1585 1587
1585 1588
1586 1587
1586 1588
1587 1588
1589 1590
1589 1591
1589 1592
1590 1591
1590 1592
1591 1592
1593 1594
1593 1595
1593 1596
1594 1595
1594 1596
1595 1596
1597 1598
1597 1599
1597 1600
1598 1599
1598 1600
1599 1600
1601 1602
1601 1603
1601 1604
1602 1603
1602 1604
1603 1604
1605 1606
1605 1607
1605 1608
1606 1607
1606 1608
1607 1608
1609 1610
1609 1611
1609 1612
1610 1611
1610 1612
1611 1612
1613 1614
1613 1615
1613 1616
1614 1615
1614 1616
1615 1616
1617 1618
1617 1619
1617 1620
1618 1619
1618 1620
1619 1620
1621 1622
1621 1623
1621 1624
1622 1623
1622 1624
1623 1624
1625 1626
1625 1627
1625 1628
1626 1627
1626 1628
1627 1628
1629 1630
1629 1631
1629 1632
1630 1631
1630 1632
1631 1632
1633 1634
1633 1635
1633 1636
1634 1635
1634 1636
1635 1636
1637 1638
1637 1639
1637 1640
1638 1639
1638 1640
1639 1640
1641 1642
1641 1643
1641 1644
1642 1643
1642 1644
1643 1644
1645 1646
1645 1647
1645 1648
1646 1647
1646 1648
1647 1648
1649 1650
1649 1651
1649 1652
1650 1651
1650 1652
1651 1652
1653 1654
1653 1655
1653 1656
1654 1655
1654 1656
1655 1656
1657 1658
1657 1659
1657 1660
1658 1659
1658 1660
1659 1660
1661 1662
1661 1663
1661 1664
1662 1663
1662 1664
1663 1664
1665 1666
1665 1667
1665 1668
1666 1667
1666 1668
1667 1668
1669 1670
1669 1671
1669 1672
1670 1671
1670 1672
1671 1672
1673 1674
1673 1675
1673 1676
1674 1675
1674 1676
1675 1676
1677 1678
1677 1679
1677 1680
1678 1679
1678 1680
1679 1680
1681 1682
1681 1683
1681 1684
1682 1683
1682 1684
1683 1684
1685 1686
1685 1687
1685 1688
1686 1687
1686 1688
1687 1688
1689 1690
1689 1691
1689 1692
1690 1691
1690 1692
1691 1692
1693 1694
1693 1695
1693 1696
1694 1695
1694 1696
1695 1696
1697 1698
1697 1699
1697 1700
1698 1699
1698 1700
1699 1700
1701 1702
1701 1703
1701 1704
1702 1703
1702 1704
1703 1704
1705 1706
1705 1707
1705 1708
1706 1707
1706 1708
1707 1708
1709 1710
1709 1711
1709 1712
1710 1711
1710 1712
1711 1712
1713 1714
1713 1715
1713 1716
1714 1715
1714 1716
1715 1716
1717 1718
1717 1719
1717 1720
1718 1719
1718 1720
1719 1720
1721 1722
1721 1723
1721 1724
1722 1723
1722 1724
1723 1724
1725 1726
1725 1727
1725 1728
1726 1727
1726 1728
1727 1728
1729 1730
1729 1731
1729 1732
1730 1731
1730 1732
1731 1732
1733 1734
1733 1735
1733 1736
1734 1735
1734 1736
1735 1736
1737 1738
1737 1739
1737 1740
1738 1739
1738 1740
1739 1740
1741 1742
1741 1743
1741 1744
1742 1743
1742 1744
1743 1744
1745 1746
1745 1747
1745 1748
1746 1747
1746 1748
1747 1748
1749 1750
1749 1751
1749 1752
1750 1751
1750 1752
1751 1752
1753 1754
1753 1755
1753 1756
1754 1755
1754 1756
1755 1756
1757 1758
1757 1759
1757 1760
1758 1759
1758 1760
1759 1760
1761 1762
1761 1763
1761 1764
1762 1763
1762 1764
1763 1764
1765 1766
1765 1767
1765 1768
1766 1767
1766 1768
1767 1768
1769 1770
1769 1771
1769 1772
1770 1771
1770 1772
1771 1772
1773 1774
1773 1775
1773 1776
1774 1775
1774 1776
1775 1776
1777 1778
1777 1779
1777 1780
1778 1779
1778 1780
1779 1780
1781 1782
1781 1783
1781 1784
1782 1783
1782 1784
1783 1784
1785 1786
1785 1787
1785 1788
1786 1787
1786 1788
1787 1788
1789 1790
1789 1791
1789 1792
1790 1791
1790 1792
1791 1792
1793 1794
1793 1795
1793 1796
1794 1795
1794 1796
1795 1796
1797 1798
1797 1799
1797 1800
1798 1799
1798 1800
1799 1800
1801 1802
1801 1803
1801 1804
1802 1803
1802 1804
1803 1804
1805 1806
1805 1807
1805 1808
1806 1807
1806 1808
1807 1808
1809 1810
1809 1811
1809 1812
1810 1811
1810 1812
1811 1812
1813 1814
1813 1815
1813 1816
1814 1815
1814 1816
1815 1816
1817 1818
1817 1819
1817 1820
1818 1819
1818 1820
1819 1820
1821 1822
1821 1823
1821 1824
1822 1823
1822 1824
1823 1824
1825 1826
1825 1827
1825 1828
1826 1827
1826 1828
1827 1828
1829 1830
1829 1831
1829 1832
1830 1831
1830 1832
1831 1832
1833 1834
1833 1835
1833 1836
1834 1835
1834 1836
1835 1836
1837 1838
1837 1839
1837 1840
1838 1839
1838 1840
1839 1840
1841 1842
1841 1843
1841 1844
1842 1843
1842 1844
1843 1844
1845 1846
1845 1847
1845 1848
1846 1847
1846 1848
1847 1848
1849 1850
1849 1851
1849 1852
1850 1851
1850 1852
1851 1852
1853 1854
1853 1855
1853 1856
1854 1855
1854 1856
1855 1856
1857 1858
1857 1859
1857 1860
1858 1859
1858 1860
1859 1860
1861 1862
1861 1863
1861 1864
1862 1863
1862 1864
1863 1864
1865 1866
1865 1867
1865 1868
1866 1867
1866 1868
1867 1868
1869 1870
1869 1871
1869 1872
1870 1871
1870 1872
1871 1872
1873 1874
1873 1875
1873 1876
1874 1875
1874 1876
1875 1876
1877 1878
1877 1879
1877 1880
1878 1879
1878 1880
1879 1880
1881 1882
1881 1883
1881 1884
1882 1883
1882 1884
1883 1884
1885 1886
1885 1887
1885 1888
1886 1887
1886 1888
1887 1888
1889 1890
1889 1891
1889 1892
1890 1891
1890 1892
1891 1892
1893 1894
1893 1895
1893 1896
1894 1895
1894 1896
1895 1896
1897 1898
1897 1899
1897 1900
1898 1899
1898 1900
1899 1900
1901 1902
1901 1903
1901 1904
1902 1903
1902 1904
1903 1904
1905 1906
1905 1907
1905 1908
1906 1907
1906 1908
1907 1908
1909 1910
1909 1911
1909 1912
1910 1911
1910 1912
1911 1912
1913 1914
1913 1915
1913 1916
1914 1915
1914 1916
1915 1916
1917 1918
1917 1919
1917 1920
1918 1919
1918 1920
1919 1920
1921 1922
1921 1923
1921 1924
1922 1923
1922 1924
1923 1924
1925 1926
1925 1927
1925 1928
1926 1927
1926 1928
1927 1928
1929 1930
1929 1931
1929 1932
1930 1931
1930 1932
1931 1932
1933 1934
1933 1935
1933 1936
1934 1935
1934 1936
1935 1936
1937 1938
1937 1939
1937 1940
1938 1939
1938 1940
1939 1940
1941 1942
1941 1943
1941 1944
1942 1943
1942 1944
1943 1944
1945 1946
1945 1947
1945 1948
1946 1947
1946 1948
1947 1948
1949 1950
1949 1951
1949 1952
1950 1951
1950 1952
1951 1952
1953 1954
1953 1955
1953 1956
1954 1955
1954 1956
1955 1956
1957 1958
1957 1959
1957 1960
1958 1959
1958 1960
1959 1960
1961 1962
1961 1963
1961 1964
1962 1963
1962 1964
1963 1964
1965 1966
1965 1967
1965 1968
1966 1967
1966 1968
1967 1968
1969 1970
1969 1971
1969 1972
1970 1971
1970 1972
1971 1972
1973 1974
1973 1975
1973 1976
1974 1975
1974 1976
1975 1976
1977 1978
1977 1979
1977 1980
1978 1979
1978 1980
1979 1980
1981 1982
1981 1983
1981 1984
1982 1983
1982 1984
1983 1984
1985 1986
1985 1987
1985 1988
1986 1987
1986 1988
1987 1988
1989 1990
1989 1991
1989 1992
1990 1991
1990 1992
1991 1992
1993 1994
1993 1995
1993 1996
1994 1995
1994 1996
1995 1996
1997 1998
1997 1999
1997 2000
1998 1999
1998 2000
1999 2000
2001 2002
2001 2003
2001 2004
2002 2003
2002 2004
2003 2004
2005 2006
2005 2007
2005 2008
2006 2007
2006 2008
2007 2008
2009 2010
2009 2011
2009 2012
2010 2011
2010 2012
2011 2012
2013 2014
2013 2015
2013 2016
2014 2015
2014 2016
2015 2016
2017 2018
2017 2019
2017 2020
2018 2019
2018 2020
2019 2020
2021 2022
2021 2023
2021 2024
2022 2023
2022 2024
2023 2024
2025 2026
2025 2027
2025 2028
2026 2027
2026 2028
2027 2028
2029 2030
2029 2031
2029 2032
2030 2031
2030 2032
2031 2032
2033 2034
2033 2035
2033 2036
2034 2035
2034 2036
2035 2036
2037 2038
2037 2039
2037 2040
2038 2039
2038 2040
2039 2040
2041 2042
2041 2043
2041 2044
2042 2043
2042 2044
2043 2044
2045 2046
2045 2047
2045 2048
2046 2047
2046 2048
2047 2048
2049 2050
2049 2051
2049 2052
2050 2051
2050 2052
2051 2052
2053 2054
2053 2055
2053 2056
2054 2055
2054 2056
2055 2056
2057 2058
2057 2059
2057 2060
2058 2059
2058 2060
2059 2060
2061 2062
2061 2063
2061 2064
2062 2063
2062 2064
2063 2064
2065 2066
2065 2067
2065 2068
2066 2067
2066 2068
2067 2068
2069 2070
2069 2071
2069 2072
2070 2071
2070 2072
2071 2072
2073 2074
2073 2075
2073 2076
2074 2075
2074 2076
2075 2076
2077 2078
2077 2079
2077 2080
2078 2079
2078 2080
2079 2080
2081 2082
2081 2083
2081 2084
2082 2083
2082 2084
2083 2084
2085 2086
2085 2087
2085 2088
2086 2087
2086 2088
2087 2088
2089 2090
2089 2091
2089 2092
2090 2091
2090 2092
2091 2092
2093 2094
2093 2095
2093 2096
2094 2095
2094 2096
2095 2096
2097 2098
2097 2099
2097 2100
2098 2099
2098 2100
2099 2100
2101 2102
2101 2103
2101 2104
2102 2103
2102 2104
2103 2104
2105 2106
2105 2107
2105 2108
2106 2107
2106 2108
2107 2108
2109 2110
2109 2111
2109 2112
2110 2111
2110 2112
2111 2112
2113 2114
2113 2115
2113 2116
2114 2115
2114 2116
2115 2116
2117 2118
2117 2119
2117 2120
2118 2119
2118 2120
2119 2120
2121 2122
2121 2123
2121 2124
2122 2123
2122 2124
2123 2124
2125 2126
2125 2127
2125 2128
2126 2127
2126 2128
2127 2128
2129 2130
2129 2131
2129 2132
2130 2131
2130 2132
2131 2132
2133 2134
2133 2135
2133 2136
2134 2135
2134 2136
2135 2136
2137 2138
2137 2139
2137 2140
2138 2139
2138 2140
2139 2140
2141 2142
2141 2143
2141 2144
2142 2143
2142 2144
2143 2144
2145 2146
2145 2147
2145 2148
2146 2147
2146 2148
2147 2148
2149 2150
2149 2151
2149 2152
2150 2151
2150 2152
2151 2152
2153 2154
2153 2155
2153 2156
2154 2155
2154 2156
2155 2156
2157 2158
2157 2159
2157 2160
2158 2159
2158 2160
2159 2160
2161 2162
2161 2163
2161 2164
2162 2163
2162 2164
2163 2164
2165 2166
2165 2167
2165 2168
2166 2167
2166 2168
2167 2168
2169 2170
2169 2171
2169 2172
2170 2171
2170 2172
2171 2172
2173 2174
2173 2175
2173 2176
2174 2175
2174 2176
2175 2176
2177 2178
2177 2179
2177 2180
2178 2179
2178 2180
2179 2180
2181 2182
2181 2183
2181 2184
2182 2183
2182 2184
2183 2184
2185 2186
2185 2187
2185 2188
2186 2187
2186 2188
2187 2188
2189 2190
2189 2191
2189 2192
2190 2191
2190 2192
2191 2192
2193 2194
2193 2195
2193 2196
2194 2195
2194 2196
2195 2196
2197 2198
2197 2199
2197 2200
2198 2199
2198 2200
2199 2200
2201 2202
2201 2203
2201 2204
2202 2203
2202 2204
2203 2204
2205 2206
2205 2207
2205 2208
2206 2207
2206 2208
2207 2208
2209 2210
2209 2211
2209 2212
2210 2211
2210 2212
2211 2212
2213 2214
2213 2215
2213 2216
2214 2215
2214 2216
2215 2216
2217 2218
2217 2219
2217 2220
2218 2219
2218 2220
2219 2220
2221 2222
2221 2223
2221 2224
2222 2223
2222 2224
2223 2224
2225 2226
2225 2227
2225 2228
2226 2227
2226 2228
2227 2228
2229 2230
2229 2231
2229 2232
2230 2231
2230 2232
2231 2232
2233 2234
2233 2235
2233 2236
2234 2235
2234 2236
2235 2236
2237 2238
2237 2239
2237 2240
2238 2239
2238 2240
2239 2240
2241 2242
2241 2243
2241 2244
2242 2243
2242 2244
2243 2244
2245 2246
2245 2247
2245 2248
2246 2247
2246 2248
2247 2248
2249 2250
2249 2251
2249 2252
2250 2251
2250 2252
2251 2252
2253 2254
2253 2255
2253 2256
2254 2255
2254 2256
2255 2256
2257 2258
2257 2259
2257 2260
2258 2259
2258 2260
2259 2260
2261 2262
2261 2263
2261 2264
2262 2263
2262 2264
2263 2264
2265 2266
2265 2267
2265 2268
2266 2267
2266 2268
2267 2268
2269 2270
2269 2271
2269 2272
2270 2271
2270 2272
2271 2272
2273 2274
2273 2275
2273 2276
2274 2275
2274 2276
2275 2276
2277 2278
2277 2279
2277 2280
2278 2279
2278 2280
2279 2280
2281 2282
2281 2283
2281 2284
2282 2283
2282 2284
2283 2284
2285 2286
2285 2287
2285 2288
2286 2287
2286 2288
2287 2288
2289 2290
2289 2291
2289 2292
2290 2291
2290 2292
2291 2292
2293 2294
2293 2295
2293 2296
2294 2295
2294 2296
2295 2296
2297 2298
2297 2299
2297 2300
2298 2299
2298 2300
2299 2300
2301 2302
2301 2303
2301 2304
2302 2303
2302 2304
2303 2304
2305 2306
2305 2307
2305 2308
2306 2307
2306 2308
2307 2308
2309 2310
2309 2311
2309 2312
2310 2311
2310 2312
2311 2312
2313 2314
2313 2315
2313 2316
2314 2315
2314 2316
2315 2316
2317 2318
2317 2319
2317 2320
2318 2319
2318 2320
2319 2320
2321 2322
2321 2323
2321 2324
2322 2323
2322 2324
2323 2324
2325 2326
2325 2327
2325 2328
2326 2327
2326 2328
2327 2328
2329 2330
2329 2331
2329 2332
2330 2331
2330 2332
2331 2332
2333 2334
2333 2335
2333 2336
2334 2335
2334 2336
2335 2336
2337 2338
2337 2339
2337 2340
2338 2339
2338 2340
2339 2340
2341 2342
2341 2343
2341 2344
2342 2343
2342 2344
2343 2344
2345 2346
2345 2347
2345 2348
2346 2347
2346 2348
2347 2348
2349 2350
2349 2351
2349 2352
2350 2351
2350 2352
2351 2352
2353 2354
2353 2355
2353 2356
2354 2355
2354 2356
2355 2356
2357 2358
2357 2359
2357 2360
2358 2359
2358 2360
2359 2360
2361 2362
2361 2363
2361 2364
2362 2363
2362 2364
2363 2364
2365 2366
2365 2367
2365 2368
2366 2367
2366 2368
2367 2368
2369 2370
2369 2371
2369 2372
2370 2371
2370 2372
2371 2372
2373 2374
2373 2375
2373 2376
2374 2375
2374 2376
2375 2376
2377 2378
2377 2379
2377 2380
2378 2379
2378 2380
2379 2380
2381 2382
2381 2383
2381 2384
2382 2383
2382 2384
2383 2384
2385 2386
2385 2387
2385 2388
2386 2387
2386 2388
2387 2388
2389 2390
2389 2391
2389 2392
2390 2391
2390 2392
2391 2392
2393 2394
2393 2395
2393 2396
2394 2395
2394 2396
2395 2396
2397 2398
2397 2399
2397 2400
2398 2399
2398 2400
2399 2400
2401 2402
2401 2403
2401 2404
2402 2403
2402 2404
2403 2404
2405 2406
2405 2407
2405 2408
2406 2407
2406 2408
2407 2408
2409 2410
2409 2411
2409 2412
2410 2411
2410 2412
2411 2412
2413 2414
2413 2415
2413 2416
2414 2415
2414 2416
2415 2416
2417 2418
2417 2419
2417 2420
2418 2419
2418 2420
2419 2420
2421 2422
2421 2423
2421 2424
2422 2423
2422 2424
2423 2424
2425 2426
2425 2427
2425 2428
2426 2427
2426 2428
2427 2428
2429 2430
2429 2431
2429 2432
2430 2431
2430 2432
2431 2432
2433 2434
2433 2435
2433 2436
2434 2435
2434 2436
2435 2436
2437 2438
2437 2439
2437 2440
2438 2439
2438 2440
2439 2440
2441 2442
2441 2443
2441 2444
2442 2443
2442 2444
2443 2444
2445 2446
2445 2447
2445 2448
2446 2447
2446 2448
2447 2448
2449 2450
2449 2451
2449 2452
2450 2451
2450 2452
2451 2452
2453 2454
2453 2455
2453 2456
2454 2455
2454 2456
2455 2456
2457 2458
2457 2459
2457 2460
2458 2459
2458 2460
2459 2460
2461 2462
2461 2463
2461 2464
2462 2463
2462 2464
2463 2464
2465 2466
2465 2467
2465 2468
2466 2467
2466 2468
2467 2468
2469 2470
2469 2471
2469 2472
2470 2471
2470 2472
2471 2472
2473 2474
2473 2475
2473 2476
2474 2475
2474 2476
2475 2476
2477 2478
2477 2479
2477 2480
2478 2479
2478 2480
2479 2480
2481 2482
2481 2483
2481 2484
2482 2483
2482 2484
2483 2484
2485 2486
2485 2487
2485 2488
2486 2487
2486 2488
2487 2488
2489 2490
2489 2491
2489 2492
2490 2491
2490 2492
2491 2492
2493 2494
2493 2495
2493 2496
2494 2495
2494 2496
2495 2496
2497 2498
2497 2499
2497 2500
2498 2499
2498 2500
2499 2500
2501 2502
2501 2503
2501 2504
2502 2503
2502 2504
2503 2504
2505 2506
2505 2507
2505 2508
2506 2507
2506 2508
2507 2508
2509 2510
2509 2511
2509 2512
2510 2511
2510 2512
2511 2512
2513 2514
2513 2515
2513 2516
2514 2515
2514 2516
2515 2516
2517 2518
2517 2519
2517 2520
2518 2519
2518 2520
2519 2520
2521 2522
2521 2523
2521 2524
2522 2523
2522 2524
2523 2524
2525 2526
2525 2527
2525 2528
2526 2527
2526 2528
2527 2528
2529 2530
2529 2531
2529 2532
2530 2531
2530 2532
2531 2532
2533 2534
2533 2535
2533 2536
2534 2535
2534 2536
2535 2536
2537 2538
2537 2539
2537 2540
2538 2539
2538 2540
2539 2540
2541 2542
2541 2543
2541 2544
2542 2543
2542 2544
2543 2544
2545 2546
2545 2547
2545 2548
2546 2547
2546 2548
2547 2548
2549 2550
2549 2551
2549 2552
2550 2551
2550 2552
2551 2552
2553 2554
2553 2555
2553 2556
2554 2555
2554 2556
2555 2556
2557 2558
2557 2559
2557 2560
2558 2559
2558 2560
2559 2560
2561 2562
2561 2563
2561 2564
2562 2563
2562 2564
2563 2564
2565 2566
2565 2567
2565 2568
2566 2567
2566 2568
2567 2568
2569 2570
2569 2571
2569 2572
2570 2571
2570 2572
2571 2572
2573 2574
2573 2575
2573 2576
2574 2575
2574 2576
2575 2576
2577 2578
2577 2579
2577 2580
2578 2579
2578 2580
2579 2580
2581 2582
2581 2583
2581 2584
2582 2583
2582 2584
2583 2584
2585 2586
2585 2587
2585 2588
2586 2587
2586 2588
2587 2588
2589 2590
2589 2591
2589 2592
2590 2591
2590 2592
2591 2592
2593 2594
2593 2595
2593 2596
2594 2595
2594 2596
2595 2596
2597 2598
2597 2599
2597 2600
2598 2599
2598 2600
2599 2600
2601 2602
2601 2603
2601 2604
2602 2603
2602 2604
2603 2604
2605 2606
2605 2607
2605 2608
2606 2607
2606 2608
2607 2608
2609 2610
2609 2611
2609 2612
2610 2611
2610 2612
2611 2612
2613 2614
2613 2615
2613 2616
2614 2615
2614 2616
2615 2616
2617 2618
2617 2619
2617 2620
2618 2619
2618 2620
2619 2620
2621 2622
2621 2623
2621 2624
2622 2623
2622 2624
2623 2624
2625 2626
2625 2627
2625 2628
2626 2627
2626 2628
2627 2628
2629 2630
2629 2631
2629 2632
2630 2631
2630 2632
2631 2632
2633 2634
2633 2635
2633 2636
2634 2635
2634 2636
2635 2636
2637 2638
2637 2639
2637 2640
2638 2639
2638 2640
2639 2640
2641 2642
2641 2643
2641 2644
2642 2643
2642 2644
2643 2644
2645 2646
2645 2647
2645 2648
2646 2647
2646 2648
2647 2648
2649 2650
2649 2651
2649 2652
2650 2651
2650 2652
2651 2652
2653 2654
2653 2655
2653 2656
2654 2655
2654 2656
2655 2656
2657 2658
2657 2659
2657 2660
2658 2659
2658 2660
2659 2660
2661 2662
2661 2663
2661 2664
2662 2663
2662 2664
2663 2664
2665 2666
2665 2667
2665 2668
2666 2667
2666 2668
2667 2668
2669 2670
2669 2671
2669 2672
2670 2671
2670 2672
2671 2672
2673 2674
2673 2675
2673 2676
2674 2675
2674 2676
2675 2676
2677 2678
2677 2679
2677 2680
2678 2679
2678 2680
2679 2680
2681 2682
2681 2683
2681 2684
2682 2683
2682 2684
2683 2684
2685 2686
2685 2687
2685 2688
2686 2687
2686 2688
2687 2688
2689 2690
2689 2691
2689 2692
2690 2691
2690 2692
2691 2692
2693 2694
2693 2695
2693 2696
2694 2695
2694 2696
2695 2696
2697 2698
2697 2699
2697 2700
2698 2699
2698 2700
2699 2700
2701 2702
2701 2703
2701 2704
2702 2703
2702 2704
2703 2704
2705 2706
2705 2707
2705 2708
2706 2707
2706 2708
2707 2708
2709 2710
2709 2711
2709 2712
2710 2711
2710 2712
2711 2712
2713 2714
2713 2715
2713 2716
2714 2715
2714 2716
2715 2716
2717 2718
2717 2719
2717 2720
2718 2719
2718 2720
2719 2720
2721 2722
2721 2723
2721 2724
2722 2723
2722 2724
2723 2724
2725 2726
2725 2727
2725 2728
2726 2727
2726 2728
2727 2728
2729 2730
2729 2731
2729 2732
2730 2731
2730 2732
2731 2732
2733 2734
2733 2735
2733 2736
2734 2735
2734 2736
2735 2736
2737 2738
2737 2739
2737 2740
2738 2739
2738 2740
2739 2740
2741 2742
2741 2743
2741 2744
2742 2743
2742 2744
2743 2744
2745 2746
2745 2747
2745 2748
2746 2747
2746 2748
2747 2748
2749 2750
2749 2751
2749 2752
2750 2751
2750 2752
2751 2752
2753 2754
2753 2755
2753 2756
2754 2755
2754 2756
2755 2756
2757 2758
2757 2759
2757 2760
2758 2759
2758 2760
2759 2760
2761 2762
2761 2763
2761 2764
2762 2763
2762 2764
2763 2764
2765 2766
2765 2767
2765 2768
2766 2767
2766 2768
2767 2768
2769 2770
2769 2771
2769 2772
2770 2771
2770 2772
2771 2772
2773 2774
2773 2775
2773 2776
2774 2775
2774 2776
2775 2776
2777 2778
2777 2779
2777 2780
2778 2779
2778 2780
2779 2780
2781 2782
2781 2783
2781 2784
2782 2783
2782 2784
2783 2784
2785 2786
2785 2787
2785 2788
2786 2787
2786 2788
2787 2788
2789 2790
2789 2791
2789 2792
2790 2791
2790 2792
2791 2792
2793 2794
2793 2795
2793 2796
2794 2795
2794 2796
2795 2796
2797 2798
2797 2799
2797 2800
2798 2799
2798 2800
2799 2800
2801 2802
2801 2803
2801 2804
2802 2803
2802 2804
2803 2804
2805 2806
2805 2807
2805 2808
2806 2807
2806 2808
2807 2808
2809 2810
2809 2811
2809 2812
2810 2811
2810 2812
2811 2812
2813 2814
2813 2815
2813 2816
2814 2815
2814 2816
2815 2816
2817 2818
2817 2819
2817 2820
2818 2819
2818 2820
2819 2820
2821 2822
2821 2823
2821 2824
2822 2823
2822 2824
2823 2824
2825 2826
2825 2827
2825 2828
2826 2827
2826 2828
2827 2828
2829 2830
2829 2831
2829 2832
2830 2831
2830 2832
2831 2832
2833 2834
2833 2835
2833 2836
2834 2835
2834 2836
2835 2836
2837 2838
2837 2839
2837 2840
2838 2839
2838 2840
2839 2840
2841 2842
2841 2843
2841 2844
2842 2843
2842 2844
2843 2844
2845 2846
2845 2847
2845 2848
2846 2847
2846 2848
2847 2848
2849 2850
2849 2851
2849 2852
2850 2851
2850 2852
2851 2852
2853 2854
2853 2855
2853 2856
2854 2855
2854 2856
2855 2856
2857 2858
2857 2859
2857 2860
2858 2859
2858 2860
2859 2860
2861 2862
2861 2863
2861 2864
2862 2863
2862 2864
2863 2864
2865 2866
2865 2867
2865 2868
2866 2867
2866 2868
2867 2868
2869 2870
2869 2871
2869 2872
2870 2871
2870 2872
2871 2872
2873 2874
2873 2875
2873 2876
2874 2875
2874 2876
2875 2876
2877 2878
2877 2879
2877 2880
2878 2879
2878 2880
2879 2880
2881 2882
2881 2883
2881 2884
2882 2883
2882 2884
2883 2884
2885 2886
2885 2887
2885 2888
2886 2887
2886 2888
2887 2888
2889 2890
2889 2891
2889 2892
2890 2891
2890 2892
2891 2892
2893 2894
2893 2895
2893 2896
2894 2895
2894 2896
2895 2896
2897 2898
2897 2899
2897 2900
2898 2899
2898 2900
2899 2900
2901 2902
2901 2903
2901 2904
2902 2903
2902 2904
2903 2904
2905 2906
2905 2907
2905 2908
2906 2907
2906 2908
2907 2908
2909 2910
2909 2911
2909 2912
2910 2911
2910 2912
2911 2912
2913 2914
2913 2915
2913 2916
2914 2915
2914 2916
2915 2916
2917 2918
2917 2919
2917 2920
2918 2919
2918 2920
2919 2920
2921 2922
2921 2923
2921 2924
2922 2923
2922 2924
2923 2924
2925 2926
2925 2927
2925 2928
2926 2927
2926 2928
2927 2928
2929 2930
2929 2931
2929 2932
2930 2931
2930 2932
2931 2932
2933 2934
2933 2935
2933 2936
2934 2935
2934 2936
2935 2936
2937 2938
2937 2939
2937 2940
2938 2939
2938 2940
2939 2940
2941 2942
2941 2943
2941 2944
2942 2943
2942 2944
2943 2944
2945 2946
2945 2947
2945 2948
2946 2947
2946 2948
2947 2948
2949 2950
2949 2951
2949 2952
2950 2951
2950 2952
2951 2952
2953 2954
2953 2955
2953 2956
2954 2955
2954 2956
2955 2956
2957 2958
2957 2959
2957 2960
2958 2959
2958 2960
2959 2960
2961 2962
2961 2963
2961 2964
2962 2963
2962 2964
2963 2964
2965 2966
2965 2967
2965 2968
2966 2967
2966 2968
2967 2968
2969 2970
2969 2971
2969 2972
2970 2971
2970 2972
2971 2972
2973 2974
2973 2975
2973 2976
2974 2975
2974 2976
2975 2976
2977 2978
2977 2979
2977 2980
2978 2979
2978 2980
2979 2980
2981 2982
2981 2983
2981 2984
2982 2983
2982 2984
2983 2984
2985 2986
2985 2987
2985 2988
2986 2987
2986 2988
2987 2988
2989 2990
2989 2991
2989 2992
2990 2991
2990 2992
2991 2992
2993 2994
2993 2995
2993 2996
2994 2995
2994 2996
2995 2996
2997 2998
2997 2999
2997 3000
2998 2999
2998 3000
2999 3000
3001 3002
3001 3003
3001 3004
3002 3003
3002 3004
3003 3004
3005 3006
3005 3007
3005 3008
3006 3007
3006 3008
3007 3008
3009 3010
3009 3011
3009 3012
3010 3011
3010 3012
3011 3012
3013 3014
3013 3015
3013 3016
3014 3015
3014 3016
3015 3016
3017 3018
3017 3019
3017 3020
3018 3019
3018 3020
3019 3020
3021 3022
3021 3023
3021 3024
3022 3023
3022 3024
3023 3024
3025 3026
3025 3027
3025 3028
3026 3027
3026 3028
3027 3028
3029 3030
3029 3031
3029 3032
3030 3031
3030 3032
3031 3032
3033 3034
3033 3035
3033 3036
3034 3035
3034 3036
3035 3036
3037 3038
3037 3039
3037 3040
3038 3039
3038 3040
3039 3040
3041 3042
3041 3043
3041 3044
3042 3043
3042 3044
3043 3044
3045 3046
3045 3047
3045 3048
3046 3047
3046 3048
3047 3048
3049 3050
3049 3051
3049 3052
3050 3051
3050 3052
3051 3052
3053 3054
3053 3055
3053 3056
3054 3055
3054 3056
3055 3056
3057 3058
3057 3059
3057 3060
3058 3059
3058 3060
3059 3060
3061 3062
3061 3063
3061 3064
3062 3063
3062 3064
3063 3064
3065 3066
3065 3067
3065 3068
3066 3067
3066 3068
3067 3068
3069 3070
3069 3071
3069 3072
3070 3071
3070 3072
3071 3072
3073 3074
3073 3075
3073 3076
3074 3075
3074 3076
3075 3076
3077 3078
3077 3079
3077 3080
3078 3079
3078 3080
3079 3080
3081 3082
3081 3083
3081 3084
3082 3083
3082 3084
3083 3084
3085 3086
3085 3087
3085 3088
3086 3087
3086 3088
3087 3088
3089 3090
3089 3091
3089 3092
3090 3091
3090 3092
3091 3092
3093 3094
3093 3095
3093 3096
3094 3095
3094 3096
3095 3096
3097 3098
3097 3099
3097 3100
3098 3099
3098 3100
3099 3100
3101 3102
3101 3103
3101 3104
3102 3103
3102 3104
3103 3104
3105 3106
3105 3107
3105 3108
3106 3107
3106 3108
3107 3108
3109 3110
3109 3111
3109 3112
3110 3111
3110 3112
3111 3112
3113 3114
3113 3115
3113 3116
3114 3115
3114 3116
3115 3116
3117 3118
3117 3119
3117 3120
3118 3119
3118 3120
3119 3120
3121 3122
3121 3123
3121 3124
3122 3123
3122 3124
3123 3124
3125 3126
3125 3127
3125 3128
3126 3127
3126 3128
3127 3128
3129 3130
3129 3131
3129 3132
3130 3131
3130 3132
3131 3132
3133 3134
3133 3135
3133 3136
3134 3135
3134 3136
3135 3136
3137 3138
3137 3139
3137 3140
3138 3139
3138 3140
3139 3140
3141 3142
3141 3143
3141 3144
3142 3143
3142 3144
3143 3144
3145 3146
3145 3147
3145 3148
3146 3147
3146 3148
3147 3148
3149 3150
3149 3151
3149 3152
3150 3151
3150 3152
3151 3152
3153 3154
3153 3155
3153 3156
3154 3155
3154 3156
3155 3156
3157 3158
3157 3159
3157 3160
3158 3159
3158 3160
3159 3160
3161 3162
3161 3163
3161 3164
3162 3163
3162 3164
3163 3164
3165 3166
3165 3167
3165 3168
3166 3167
3166 3168
3167 3168
3169 3170
3169 3171
3169 3172
3170 3171
3170 3172
3171 3172
3173 3174
3173 3175
3173 3176
3174 3175
3174 3176
3175 3176
3177 3178
3177 3179
3177 3180
3178 3179
3178 3180
3179 3180
3181 3182
3181 3183
3181 3184
3182 3183
3182 3184
3183 3184
3185 3186
3185 3187
3185 3188
3186 3187
3186 3188
3187 3188
3189 3190
3189 3191
3189 3192
3190 3191
3190 3192
3191 3192
3193 3194
3193 3195
3193 3196
3194 3195
3194 3196
3195 3196
3197 3198
3197 3199
3197 3200
3198 3199
3198 3200
3199 3200
3201 3202
3201 3203
3201 3204
3202 3203
3202 3204
3203 3204
3205 3206
3205 3207
3205 3208
3206 3207
3206 3208
3207 3208
3209 3210
3209 3211
3209 3212
3210 3211
3210 3212
3211 3212
3213 3214
3213 3215
3213 3216
3214 3215
3214 3216
3215 3216
3217 3218
3217 3219
3217 3220
3218 3219
3218 3220
3219 3220
3221 3222
3221 3223
3221 3224
3222 3223
3222 3224
3223 3224
3225 3226
3225 3227
3225 3228
3226 3227
3226 3228
3227 3228
3229 3230
3229 3231
3229 3232
3230 3231
3230 3232
3231 3232
3233 3234
3233 3235
3233 3236
3234 3235
3234 3236
3235 3236
3237 3238
3237 3239
3237 3240
3238 3239
3238 3240
3239 3240
3241 3242
3241 3243
3241 3244
3242 3243
3242 3244
3243 3244
3245 3246
3245 3247
3245 3248
3246 3247
3246 3248
3247 3248
3249 3250
3249 3251
3249 3252
3250 3251
3250 3252
3251 3252
3253 3254
3253 3255
3253 3256
3254 3255
3254 3256
3255 3256
3257 3258
3257 3259
3257 3260
3258 3259
3258 3260
3259 3260
3261 3262
3261 3263
3261 3264
3262 3263
3262 3264
3263 3264
3265 3266
3265 3267
3265 3268
3266 3267
3266 3268
3267 3268
3269 3270
3269 3271
3269 3272
3270 3271
3270 3272
3271 3272
3273 3274
3273 3275
3273 3276
3274 3275
3274 3276
3275 3276
3277 3278
3277 3279
3277 3280
3278 3279
3278 3280
3279 3280
3281 3282
3281 3283
3281 3284
3282 3283
3282 3284
3283 3284
3285 3286
3285 3287
3285 3288
3286 3287
3286 3288
3287 3288
3289 3290
3289 3291
3289 3292
3290 3291
3290 3292
3291 3292
3293 3294
3293 3295
3293 3296
3294 3295
3294 3296
3295 3296
3297 3298
3297 3299
3297 3300
3298 3299
3298 3300
3299 3300
3301 3302
3301 3303
3301 3304
3302 3303
3302 3304
3303 3304
3305 3306
3305 3307
3305 3308
3306 3307
3306 3308
3307 3308
3309 3310
3309 3311
3309 3312
3310 3311
3310 3312
3311 3312
3313 3314
3313 3315
3313 3316
3314 3315
3314 3316
3315 3316
3317 3318
3317 3319
3317 3320
3318 3319
3318 3320
3319 3320
3321 3322
3321 3323
3321 3324
3322 3323
3322 3324
3323 3324
3325 3326
3325 3327
3325 3328
3326 3327
3326 3328
3327 3328
3329 3330
3329 3331
3329 3332
3330 3331
3330 3332
3331 3332
3333 3334
3333 3335
3333 3336
3334 3335
3334 3336
3335 3336
3337 3338
3337 3339
3337 3340
3338 3339
3338 3340
3339 3340
3341 3342
3341 3343
3341 3344
3342 3343
3342 3344
3343 3344
3345 3346
3345 3347
3345 3348
3346 3347
3346 3348
3347 3348
3349 3350
3349 3351
3349 3352
3350 3351
3350 3352
3351 3352
3353 3354
3353 3355
3353 3356
3354 3355
3354 3356
3355 3356
3357 3358
3357 3359
3357 3360
3358 3359
3358 3360
3359 3360
3361 3362
3361 3363
3361 3364
3362 3363
3362 3364
3363 3364
3365 3366
3365 3367
3365 3368
3366 3367
3366 3368
3367 3368
3369 3370
3369 3371
3369 3372
3370 3371
3370 3372
3371 3372
3373 3374
3373 3375
3373 3376
3374 3375
3374 3376
3375 3376
3377 3378
3377 3379
3377 3380
3378 3379
3378 3380
3379 3380
3381 3382
3381 3383
3381 3384
3382 3383
3382 3384
3383 3384
3385 3386
3385 3387
3385 3388
3386 3387
3386 3388
3387 3388
3389 3390
3389 3391
3389 3392
3390 3391
3390 3392
3391 3392
3393 3394
3393 3395
3393 3396
3394 3395
3394 3396
3395 3396
3397 3398
3397 3399
3397 3400
3398 3399
3398 3400
3399 3400
3401 3402
3401 3403
3401 3404
3402 3403
3402 3404
3403 3404
3405 3406
3405 3407
3405 3408
3406 3407
3406 3408
3407 3408
3409 3410
3409 3411
3409 3412
3410 3411
3410 3412
3411 3412
3413 3414
3413 3415
3413 3416
3414 3415
3414 3416
3415 3416
3417 3418
3417 3419
3417 3420
3418 3419
3418 3420
3419 3420
3421 3422
3421 3423
3421 3424
3422 3423
3422 3424
3423 3424
3425 3426
3425 3427
3425 3428
3426 3427
3426 3428
3427 3428
3429 3430
3429 3431
3429 3432
3430 3431
3430 3432
3431 3432
3433 3434
3433 3435
3433 3436
3434 3435
3434 3436
3435 3436
3437 3438
3437 3439
3437 3440
3438 3439
3438 3440
3439 3440
3441 3442
3441 3443
3441 3444
3442 3443
3442 3444
3443 3444
3445 3446
3445 3447
3445 3448
3446 3447
3446 3448
3447 3448
3449 3450
3449 3451
3449 3452
3450 3451
3450 3452
3451 3452
3453 3454
3453 3455
3453 3456
3454 3455
3454 3456
3455 3456
3457 3458
3457 3459
3457 3460
3458 3459
3458 3460
3459 3460
3461 3462
3461 3463
3461 3464
3462 3463
3462 3464
3463 3464
3465 3466
3465 3467
3465 3468
3466 3467
3466 3468
3467 3468
3469 3470
3469 3471
3469 3472
3470 3471
3470 3472
3471 3472
3473 3474
3473 3475
3473 3476
3474 3475
3474 3476
3475 3476
3477 3478
3477 3479
3477 3480
3478 3479
3478 3480
3479 3480
3481 3482
3481 3483
3481 3484
3482 3483
3482 3484
3483 3484
3485 3486
3485 3487
3485 3488
3486 3487
3486 3488
3487 3488
3489 3490
3489 3491
3489 3492
3490 3491
3490 3492
3491 3492
3493 3494
3493 3495
3493 3496
3494 3495
3494 3496
3495 3496
3497 3498
3497 3499
3497 3500
3498 3499
3498 3500
3499 3500
3501 3502
3501 3503
3501 3504
3502 3503
3502 3504
3503 3504
3505 3506
3505 3507
3505 3508
3506 3507
3506 3508
3507 3508
3509 3510
3509 3511
3509 3512
3510 3511
3510 3512
3511 3512
3513 3514
3513 3515
3513 3516
3514 3515
3514 3516
3515 3516
3517 3518
3517 3519
3517 3520
3518 3519
3518 3520
3519 3520
3521 3522
3521 3523
3521 3524
3522 3523
3522 3524
3523 3524
3525 3526
3525 3527
3525 3528
3526 3527
3526 3528
3527 3528
3529 3530
3529 3531
3529 3532
3530 3531
3530 3532
3531 3532
3533 3534
3533 3535
3533 3536
3534 3535
3534 3536
3535 3536
3537 3538
3537 3539
3537 3540
3538 3539
3538 3540
3539 3540
3541 3542
3541 3543
3541 3544
3542 3543
3542 3544
3543 3544
3545 3546
3545 3547
3545 3548
3546 3547
3546 3548
3547 3548
3549 3550
3549 3551
3549 3552
3550 3551
3550 3552
3551 3552
3553 3554
3553 3555
3553 3556
3554 3555
3554 3556
3555 3556
3557 3558
3557 3559
3557 3560
3558 3559
3558 3560
3559 3560
3561 3562
3561 3563
3561 3564
3562 3563
3562 3564
3563 3564
3565 3566
3565 3567
3565 3568
3566 3567
3566 3568
3567 3568
3569 3570
3569 3571
3569 3572
3570 3571
3570 3572
3571 3572
3573 3574
3573 3575
3573 3576
3574 3575
3574 3576
3575 3576
3577 3578
3577 3579
3577 3580
3578 3579
3578 3580
3579 3580
3581 3582
3581 3583
3581 3584
3582 3583
3582 3584
3583 3584
3585 3586
3585 3587
3585 3588
3586 3587
3586 3588
3587 3588
3589 3590
3589 3591
3589 3592
3590 3591
3590 3592
3591 3592
3593 3594
3593 3595
3593 3596
3594 3595
3594 3596
3595 3596
3597 3598
3597 3599
3597 3600
3598 3599
3598 3600
3599 3600
3601 3602
3601 3603
3601 3604
3602 3603
3602 3604
3603 3604
3605 3606
3605 3607
3605 3608
3606 3607
3606 3608
3607 3608
3609 3610
3609 3611
3609 3612
3610 3611
3610 3612
3611 3612
3613 3614
3613 3615
3613 3616
3614 3615
3614 3616
3615 3616
3617 3618
3617 3619
3617 3620
3618 3619
3618 3620
3619 3620
3621 3622
3621 3623
3621 3624
3622 3623
3622 3624
3623 3624
3625 3626
3625 3627
3625 3628
3626 3627
3626 3628
3627 3628
3629 3630
3629 3631
3629 3632
3630 3631
3630 3632
3631 3632
3633 3634
3633 3635
3633 3636
3634 3635
3634 3636
3635 3636
3637 3638
3637 3639
3637 3640
3638 3639
3638 3640
3639 3640
3641 3642
3641 3643
3641 3644
3642 3643
3642 3644
3643 3644
3645 3646
3645 3647
3645 3648
3646 3647
3646 3648
3647 3648
3649 3650
3649 3651
3649 3652
3650 3651
3650 3652
3651 3652
3653 3654
3653 3655
3653 3656
3654 3655
3654 3656
3655 3656
3657 3658
3657 3659
3657 3660
3658 3659
3658 3660
3659 3660
3661 3662
3661 3663
3661 3664
3662 3663
3662 3664
3663 3664
3665 3666
3665 3667
3665 3668
3666 3667
3666 3668
3667 3668
3669 3670
3669 3671
3669 3672
3670 3671
3670 3672
3671 3672
3673 3674
3673 3675
3673 3676
3674 3675
3674 3676
3675 3676
3677 3678
3677 3679
3677 3680
3678 3679
3678 3680
3679 3680
3681 3682
3681 3683
3681 3684
3682 3683
3682 3684
3683 3684
3685 3686
3685 3687
3685 3688
3686 3687
3686 3688
3687 3688
3689 3690
3689 3691
3689 3692
3690 3691
3690 3692
3691 3692
3693 3694
3693 3695
3693 3696
3694 3695
3694 3696
3695 3696
3697 3698
3697 3699
3697 3700
3698 3699
3698 3700
3699 3700
3701 3702
3701 3703
3701 3704
3702 3703
3702 3704
3703 3704
3705 3706
3705 3707
3705 3708
3706 3707
3706 3708
3707 3708
3709 3710
3709 3711
3709 3712
3710 3711
3710 3712
3711 3712
3713 3714
3713 3715
3713 3716
3714 3715
3714 3716
3715 3716
3717 3718
3717 3719
3717 3720
3718 3719
3718 3720
3719 3720
3721 3722
3721 3723
3721 3724
3722 3723
3722 3724
3723 3724
3725 3726
3725 3727
3725 3728
3726 3727
3726 3728
3727 3728
3729 3730
3729 3731
3729 3732
3730 3731
3730 3732
3731 3732
3733 3734
3733 3735
3733 3736
3734 3735
3734 3736
3735 3736
3737 3738
3737 3739
3737 3740
3738 3739
3738 3740
3739 3740
3741 3742
3741 3743
3741 3744
3742 3743
3742 3744
3743 3744
3745 3746
3745 3747
3745 3748
3746 3747
3746 3748
3747 3748
3749 3750
3749 3751
3749 3752
3750 3751
3750 3752
3751 3752
3753 3754
3753 3755
3753 3756
3754 3755
3754 3756
3755 3756
3757 3758
3757 3759
3757 3760
3758 3759
3758 3760
3759 3760
3761 3762
3761 3763
3761 3764
3762 3763
3762 3764
3763 3764
3765 3766
3765 3767
3765 3768
3766 3767
3766 3768
3767 3768
3769 3770
3769 3771
3769 3772
3770 3771
3770 3772
3771 3772
3773 3774
3773 3775
3773 3776
3774 3775
3774 3776
3775 3776
3777 3778
3777 3779
3777 3780
3778 3779
3778 3780
3779 3780
3781 3782
3781 3783
3781 3784
3782 3783
3782 3784
3783 3784
3785 3786
3785 3787
3785 3788
3786 3787
3786 3788
3787 3788
3789 3790
3789 3791
3789 3792
3790 3791
3790 3792
3791 3792
3793 3794
3793 3795
3793 3796
3794 3795
3794 3796
3795 3796
3797 3798
3797 3799
3797 3800
3798 3799
3798 3800
3799 3800
3801 3802
3801 3803
3801 3804
3802 3803
3802 3804
3803 3804
3805 3806
3805 3807
3805 3808
3806 3807
3806 3808
3807 3808
3809 3810
3809 3811
3809 3812
3810 3811
3810 3812
3811 3812
3813 3814
3813 3815
3813 3816
3814 3815
3814 3816
3815 3816
3817 3818
3817 3819
3817 3820
3818 3819
3818 3820
3819 3820
3821 3822
3821 3823
3821 3824
3822 3823
3822 3824
3823 3824
3825 3826
3825 3827
3825 3828
3826 3827
3826 3828
3827 3828
3829 3830
3829 3831
3829 3832
3830 3831
3830 3832
3831 3832
3833 3834
3833 3835
3833 3836
3834 3835
3834 3836
3835 3836
3837 3838
3837 3839
3837 3840
3838 3839
3838 3840
3839 3840
3841 3842
3841 3843
3841 3844
3842 3843
3842 3844
3843 3844
3845 3846
3845 3847
3845 3848
3846 3847
3846 3848
3847 3848
3849 3850
3849 3851
3849 3852
3850 3851
3850 3852
3851 3852
3853 3854
3853 3855
3853 3856
3854 3855
3854 3856
3855 3856
3857 3858
3857 3859
3857 3860
3858 3859
3858 3860
3859 3860
3861 3862
3861 3863
3861 3864
3862 3863
3862 3864
3863 3864
3865 3866
3865 3867
3865 3868
3866 3867
3866 3868
3867 3868
3869 3870
3869 3871
3869 3872
3870 3871
3870 3872
3871 3872
3873 3874
3873 3875
3873 3876
3874 3875
3874 3876
3875 3876
3877 3878
3877 3879
3877 3880
3878 3879
3878 3880
3879 3880
3881 3882
3881 3883
3881 3884
3882 3883
3882 3884
3883 3884
3885 3886
3885 3887
3885 3888
3886 3887
3886 3888
3887 3888
3889 3890
3889 3891
3889 3892
3890 3891
3890 3892
3891 3892
3893 3894
3893 3895
3893 3896
3894 3895
3894 3896
3895 3896
3897 3898
3897 3899
3897 3900
3898 3899
3898 3900
3899 3900
3901 3902
3901 3903
3901 3904
3902 3903
3902 3904
3903 3904
3905 3906
3905 3907
3905 3908
3906 3907
3906 3908
3907 3908
3909 3910
3909 3911
3909 3912
3910 3911
3910 3912
3911 3912
3913 3914
3913 3915
3913 3916
3914 3915
3914 3916
3915 3916
3917 3918
3917 3919
3917 3920
3918 3919
3918 3920
3919 3920
3921 3922
3921 3923
3921 3924
3922 3923
3922 3924
3923 3924
3925 3926
3925 3927
3925 3928
3926 3927
3926 3928
3927 3928
3929 3930
3929 3931
3929 3932
3930 3931
3930 3932
3931 3932
3933 3934
3933 3935
3933 3936
3934 3935
3934 3936
3935 3936
3937 3938
3937 3939
3937 3940
3938 3939
3938 3940
3939 3940
3941 3942
3941 3943
3941 3944
3942 3943
3942 3944
3943 3944
3945 3946
3945 3947
3945 3948
3946 3947
3946 3948
3947 3948
3949 3950
3949 3951
3949 3952
3950 3951
3950 3952
3951 3952
3953 3954
3953 3955
3953 3956
3954 3955
3954 3956
3955 3956
3957 3958
3957 3959
3957 3960
3958 3959
3958 3960
3959 3960
3961 3962
3961 3963
3961 3964
3962 3963
3962 3964
3963 3964
3965 3966
3965 3967
3965 3968
3966 3967
3966 3968
3967 3968
3969 3970
3969 3971
3969 3972
3970 3971
3970 3972
3971 3972
3973 3974
3973 3975
3973 3976
3974 3975
3974 3976
3975 3976
3977 3978
3977 3979
3977 3980
3978 3979
3978 3980
3979 3980
3981 3982
3981 3983
3981 3984
3982 3983
3982 3984
3983 3984
3985 3986
3985 3987
3985 3988
3986 3987
3986 3988
3987 3988
3989 3990
3989 3991
3989 3992
3990 3991
3990 3992
3991 3992
3993 3994
3993 3995
3993 3996
3994 3995
3994 3996
3995 3996
3997 3998
3997 3999
3997 4000
3998 3999
3998 4000
3999 4000