1 33
1 64
1 95
2 3
2 4
2 5
2 6
2 7
2 8
2 9
2 10
2 11
2 12
2 13
2 14
2 15
3 4
3 5
3 6
3 7
3 8
3 9
3 10
3 11
3 12
4 5
4 6
4 7
4 8
4 9
4 10
4 11
4 12
5 6
5 7
5 8
5 9
5 10
5 11
5 12
6 7
6 8
6 9
7 8
7 9
8 9
9 10
9 11
9 12
9 13
9 14
9 15
9 16
9 17
9 18
10 11
10 12
10 13
10 14
10 15
10 16
10 17
10 18
10 19
10 20
10 21
11 12
11 13
11 14
11 15
12 13
12 14
12 15
13 14
13 15
13 16
13 17
13 18
14 15
14 16
14 17
14 18
15 16
15 17
15 18
15 19
15 20
15 21
15 22
15 23
15 24
16 17
16 18
16 19
16 20
16 21
16 22
16 23
16 24
16 25
16 26
16 27
17 18
17 19
17 20
17 21
18 19
18 20
18 21
19 20
19 21
19 22
19 23
19 24
20 21
20 22
20 23
20 24
21 22
21 23
21 24
21 25
21 26
21 27
21 28
21 29
21 30
22 23
22 24
22 25
22 26
22 27
22 28
22 29
22 30
22 31
22 32
22 34
23 24
23 25
23 26
23 27
24 25
24 26
24 27
25 26
25 27
25 28
25 29
25 30
26 27
26 28
26 29
26 30
27 28
27 29
27 30
27 31
27 32
27 34
27 35
27 36
27 37
28 29
28 30
28 31
28 32
28 34
28 35
28 36
28 37
28 38
28 39
28 40
29 30
29 31
29 32
29 34
30 31
30 32
30 34
31 32
31 34
31 35
31 36
31 37
32 34
32 35
32 36
32 37
33 64
33 95
33 126
34 35
34 36
34 37
34 38
34 39
34 40
34 41
34 42
34 43
35 36
35 37
35 38
35 39
35 40
35 41
35 42
35 43
35 44
35 45
35 46
36 37
36 38
36 39
36 40
37 38
37 39
37 40
38 39
38 40
38 41
38 42
38 43
39 40
39 41
39 42
39 43
40 41
40 42
40 43
40 44
40 45
40 46
40 47
40 48
40 49
41 42
41 43
41 44
41 45
41 46
41 47
41 48
41 49
41 50
41 51
41 52
42 43
42 44
42 45
42 46
43 44
43 45
43 46
44 45
44 46
44 47
44 48
44 49
45 46
45 47
45 48
45 49
46 47
46 48
46 49
46 50
46 51
46 52
46 53
46 54
46 55
47 48
47 49
47 50
47 51
47 52
47 53
47 54
47 55
47 56
47 57
47 58
48 49
48 50
48 51
48 52
49 50
49 51
49 52
50 51
50 52
50 53
50 54
50 55
51 52
51 53
51 54
51 55
52 53
52 54
52 55
52 56
52 57
52 58
52 59
52 60
52 61
53 54
53 55
53 56
53 57
53 58
53 59
53 60
53 61
53 62
53 63
53 65
54 55
54 56
54 57
54 58
55 56
55 57
55 58
56 57
56 58
56 59
56 60
56 61
57 58
57 59
57 60
57 61
58 59
58 60
58 61
58 62
58 63
58 65
58 66
58 67
58 68
59 60
59 61
59 62
59 63
59 65
59 66
59 67
59 68
59 69
59 70
59 71
60 61
60 62
60 63
60 65
61 62
61 63
61 65
62 63
62 65
62 66
62 67
62 68
63 65
63 66
63 67
63 68
64 95
64 126
64 157
65 66
65 67
65 68
65 69
65 70
65 71
65 72
65 73
65 74
66 67
66 68
66 69
66 70
66 71
66 72
66 73
66 74
66 75
66 76
66 77
67 68
67 69
67 70
67 71
68 69
68 70
68 71
69 70
69 71
69 72
69 73
69 74
70 71
70 72
70 73
70 74
71 72
71 73
71 74
71 75
71 76
71 77
71 78
71 79
71 80
72 73
72 74
72 75
72 76
72 77
72 78
72 79
72 80
72 81
72 82
72 83
73 74
73 75
73 76
73 77
74 75
74 76
74 77
75 76
75 77
75 78
75 79
75 80
76 77
76 78
76 79
76 80
77 78
77 79
77 80
77 81
77 82
77 83
77 84
77 85
77 86
78 79
78 80
78 81
78 82
78 83
78 84
78 85
78 86
78 87
78 88
78 89
79 80
79 81
79 82
79 83
80 81
80 82
80 83
81 82
81 83
81 84
81 85
81 86
82 83
82 84
82 85
82 86
83 84
83 85
83 86
83 87
83 88
83 89
83 90
83 91
83 92
84 85
84 86
84 87
84 88
84 89
84 90
84 91
84 92
84 93
84 94
84 96
85 86
85 87
85 88
85 89
86 87
86 88
86 89
87 88
87 89
87 90
87 91
87 92
88 89
88 90
88 91
88 92
89 90
89 91
89 92
89 93
89 94
89 96
89 97
89 98
89 99
90 91
90 92
90 93
90 94
90 96
90 97
90 98
90 99
90 100
90 101
90 102
91 92
91 93
91 94
91 96
92 93
92 94
92 96
93 94
93 96
93 97
93 98
93 99
94 96
94 97
94 98
94 99
95 126
95 157
95 188
96 97
96 98
96 99
96 100
96 101
96 102
96 103
96 104
96 105
97 98
97 99
97 100
97 101
97 102
97 103
97 104
97 105
97 106
97 107
97 108
98 99
98 100
98 101
98 102
99 100
99 101
99 102
100 101
100 102
100 103
100 104
100 105
101 102
101 103
101 104
101 105
102 103
102 104
102 105
102 106
102 107
102 108
102 109
102 110
102 111
103 104
103 105
103 106
103 107
103 108
103 109
103 110
103 111
103 112
103 113
103 114
104 105
104 106
104 107
104 108
105 106
105 107
105 108
106 107
106 108
106 109
106 110
106 111
107 108
107 109
107 110
107 111
108 109
108 110
108 111
108 112
108 113
108 114
108 115
108 116
108 117
109 110
109 111
109 112
109 113
109 114
109 115
109 116
109 117
109 118
109 119
109 120
110 111
110 112
110 113
110 114
111 112
111 113
111 114
112 113
112 114
112 115
112 116
112 117
113 114
113 115
113 116
113 117
114 115
114 116
114 117
114 118
114 119
114 120
114 121
114 122
114 123
115 116
115 117
115 118
115 119
115 120
115 121
115 122
115 123
115 124
115 125
115 127
116 117
116 118
116 119
116 120
117 118
117 119
117 120
118 119
118 120
118 121
118 122
118 123
119 120
119 121
119 122
119 123
120 121
120 122
120 123
120 124
120 125
120 127
120 128
120 129
120 130
121 122
121 123
121 124
121 125
121 127
121 128
121 129
121 130
121 131
121 132
121 133
122 123
122 124
122 125
122 127
123 124
123 125
123 127
124 125
124 127
124 128
124 129
124 130
125 127
125 128
125 129
125 130
126 157
126 188
126 219
127 128
127 129
127 130
127 131
127 132
127 133
127 134
127 135
127 136
128 129
128 130
128 131
128 132
128 133
128 134
128 135
128 136
128 137
128 138
128 139
129 130
129 131
129 132
129 133
130 131
130 132
130 133
131 132
131 133
131 134
131 135
131 136
132 133
132 134
132 135
132 136
133 134
133 135
133 136
133 137
133 138
133 139
133 140
133 141
133 142
134 135
134 136
134 137
134 138
134 139
134 140
134 141
134 142
134 143
134 144
134 145
135 136
135 137
135 138
135 139
136 137
136 138
136 139
137 138
137 139
137 140
137 141
137 142
138 139
138 140
138 141
138 142
139 140
139 141
139 142
139 143
139 144
139 145
139 146
139 147
139 148
140 141
140 142
140 143
140 144
140 145
140 146
140 147
140 148
140 149
140 150
140 151
141 142
141 143
141 144
141 145
142 143
142 144
142 145
143 144
143 145
143 146
143 147
143 148
144 145
144 146
144 147
144 148
145 146
145 147
145 148
145 149
145 150
145 151
145 152
145 153
145 154
146 147
146 148
146 149
146 150
146 151
146 152
146 153
146 154
146 155
146 156
146 158
147 148
147 149
147 150
147 151
148 149
148 150
148 151
149 150
149 151
149 152
149 153
149 154
150 151
150 152
150 153
150 154
151 152
151 153
151 154
151 155
151 156
151 158
151 159
151 160
151 161
152 153
152 154
152 155
152 156
152 158
152 159
152 160
152 161
152 162
152 163
152 164
153 154
153 155
153 156
153 158
154 155
154 156
154 158
155 156
155 158
155 159
155 160
155 161
156 158
156 159
156 160
156 161
157 188
157 219
157 250
158 159
158 160
158 161
158 162
158 163
158 164
158 165
158 166
158 167
159 160
159 161
159 162
159 163
159 164
159 165
159 166
159 167
159 168
159 169
159 170
160 161
160 162
160 163
160 164
161 162
161 163
161 164
162 163
162 164
162 165
162 166
162 167
163 164
163 165
163 166
163 167
164 165
164 166
164 167
164 168
164 169
164 170
164 171
164 172
164 173
165 166
165 167
165 168
165 169
165 170
165 171
165 172
165 173
165 174
165 175
165 176
166 167
166 168
166 169
166 170
167 168
167 169
167 170
168 169
168 170
168 171
168 172
168 173
169 170
169 171
169 172
169 173
170 171
170 172
170 173
170 174
170 175
170 176
170 177
170 178
170 179
171 172
171 173
171 174
171 175
171 176
171 177
171 178
171 179
171 180
171 181
171 182
172 173
172 174
172 175
172 176
173 174
173 175
173 176
174 175
174 176
174 177
174 178
174 179
175 176
175 177
175 178
175 179
176 177
176 178
176 179
176 180
176 181
176 182
176 183
176 184
176 185
177 178
177 179
177 180
177 181
177 182
177 183
177 184
177 185
177 186
177 187
177 189
178 179
178 180
178 181
178 182
179 180
179 181
179 182
180 181
180 182
180 183
180 184
180 185
181 182
181 183
181 184
181 185
182 183
182 184
182 185
182 186
182 187
182 189
182 190
182 191
182 192
183 184
183 185
183 186
183 187
183 189
183 190
183 191
183 192
183 193
183 194
183 195
184 185
184 186
184 187
184 189
185 186
185 187
185 189
186 187
186 189
186 190
186 191
186 192
187 189
187 190
187 191
187 192
188 219
188 250
188 281
189 190
189 191
189 192
189 193
189 194
189 195
189 196
189 197
189 198
190 191
190 192
190 193
190 194
190 195
190 196
190 197
190 198
190 199
190 200
190 201
191 192
191 193
191 194
191 195
192 193
192 194
192 195
193 194
193 195
193 196
193 197
193 198
194 195
194 196
194 197
194 198
195 196
195 197
195 198
195 199
195 200
195 201
195 202
195 203
195 204
196 197
196 198
196 199
196 200
196 201
196 202
196 203
196 204
196 205
196 206
196 207
197 198
197 199
197 200
197 201
198 199
198 200
198 201
199 200
199 201
199 202
199 203
199 204
200 201
200 202
200 203
200 204
201 202
201 203
201 204
201 205
201 206
201 207
201 208
201 209
201 210
202 203
202 204
202 205
202 206
202 207
202 208
202 209
202 210
202 211
202 212
202 213
203 204
203 205
203 206
203 207
204 205
204 206
204 207
205 206
205 207
205 208
205 209
205 210
206 207
206 208
206 209
206 210
207 208
207 209
207 210
207 211
207 212
207 213
207 214
207 215
207 216
208 209
208 210
208 211
208 212
208 213
208 214
208 215
208 216
208 217
208 218
208 220
209 210
209 211
209 212
209 213
210 211
210 212
210 213
211 212
211 213
211 214
211 215
211 216
212 213
212 214
212 215
212 216
213 214
213 215
213 216
213 217
213 218
213 220
213 221
213 222
213 223
214 215
214 216
214 217
214 218
214 220
214 221
214 222
214 223
214 224
214 225
214 226
215 216
215 217
215 218
215 220
216 217
216 218
216 220
217 218
217 220
217 221
217 222
217 223
218 220
218 221
218 222
218 223
219 250
219 281
220 221
220 222
220 223
220 224
220 225
220 226
220 227
220 228
220 229
221 222
221 223
221 224
221 225
221 226
221 227
221 228
221 229
221 230
221 231
221 232
222 223
222 224
222 225
222 226
223 224
223 225
223 226
224 225
224 226
224 227
224 228
224 229
225 226
225 227
225 228
225 229
226 227
226 228
226 229
226 230
226 231
226 232
226 233
226 234
226 235
227 228
227 229
227 230
227 231
227 232
227 233
227 234
227 235
227 236
227 237
227 238
228 229
228 230
228 231
228 232
229 230
229 231
229 232
230 231
230 232
230 233
230 234
230 235
231 232
231 233
231 234
231 235
232 233
232 234
232 235
232 236
232 237
232 238
232 239
232 240
232 241
233 234
233 235
233 236
233 237
233 238
233 239
233 240
233 241
233 242
233 243
233 244
234 235
234 236
234 237
234 238
235 236
235 237
235 238
236 237
236 238
236 239
236 240
236 241
237 238
237 239
237 240
237 241
238 239
238 240
238 241
238 242
238 243
238 244
238 245
238 246
238 247
239 240
239 241
239 242
239 243
239 244
239 245
239 246
239 247
239 248
239 249
239 251
240 241
240 242
240 243
240 244
241 242
241 243
241 244
242 243
242 244
242 245
242 246
242 247
243 244
243 245
243 246
243 247
244 245
244 246
244 247
244 248
244 249
244 251
244 252
244 253
244 254
245 246
245 247
245 248
245 249
245 251
245 252
245 253
245 254
245 255
245 256
245 257
246 247
246 248
246 249
246 251
247 248
247 249
247 251
248 249
248 251
248 252
248 253
248 254
249 251
249 252
249 253
249 254
250 281
251 252
251 253
251 254
251 255
251 256
251 257
251 258
251 259
251 260
252 253
252 254
252 255
252 256
252 257
252 258
252 259
252 260
252 261
252 262
252 263
253 254
253 255
253 256
253 257
254 255
254 256
254 257
255 256
255 257
255 258
255 259
255 260
256 257
256 258
256 259
256 260
257 258
257 259
257 260
257 261
257 262
257 263
257 264
257 265
257 266
258 259
258 260
258 261
258 262
258 263
258 264
258 265
258 266
258 267
258 268
258 269
259 260
259 261
259 262
259 263
260 261
260 262
260 263
261 262
261 263
261 264
261 265
261 266
262 263
262 264
262 265
262 266
263 264
263 265
263 266
263 267
263 268
263 269
263 270
263 271
263 272
264 265
264 266
264 267
264 268
264 269
264 270
264 271
264 272
264 273
264 274
264 275
265 266
265 267
265 268
265 269
266 267
266 268
266 269
267 268
267 269
267 270
267 271
267 272
268 269
268 270
268 271
268 272
269 270
269 271
269 272
269 273
269 274
269 275
269 276
269 277
269 278
270 271
270 272
270 273
270 274
270 275
270 276
270 277
270 278
270 279
270 280
270 307
271 272
271 273
271 274
271 275
272 273
272 274
272 275
273 274
273 275
273 276
273 277
273 278
274 275
274 276
274 277
274 278
275 276
275 277
275 278
275 279
275 280
275 307
275 308
275 309
275 310
276 277
276 278
276 279
276 280
276 301
276 307
276 308
276 309
276 310
276 311
276 312
277 278
277 279
277 280
277 307
278 279
278 280
278 307
279 280
279 307
279 308
279 309
279 310
280 307
280 308
280 309
280 310
282 283
282 284
282 285
282 286
282 287
282 288
282 289
282 290
282 291
282 292
282 293
282 294
282 296
283 284
283 285
283 286
283 287
283 288
283 289
283 290
283 293
283 294
284 285
284 286
284 287
284 288
284 289
284 290
284 293
284 294
285 286
285 287
285 288
285 289
285 290
285 293
285 294
286 287
286 288
286 290
287 288
287 290
288 290
289 290
289 291
289 292
289 293
289 294
289 295
289 296
289 297
289 298
289 299
289 300
289 302
290 291
290 292
290 293
290 294
290 295
290 296
290 299
290 300
291 292
291 293
291 294
291 295
291 296
291 299
291 300
292 293
292 294
292 295
292 296
292 299
292 300
293 294
293 296
294 296
295 296
295 297
295 298
295 299
295 300
295 301
295 302
295 303
295 304
295 305
295 306
295 308
296 297
296 298
296 299
296 300
296 301
296 302
296 305
296 306
297 298
297 299
297 300
297 301
297 302
297 305
297 306
298 299
298 300
298 301
298 302
298 305
298 306
299 300
299 302
300 302
301 302
301 303
301 304
301 305
301 306
301 307
301 308
301 309
301 310
301 311
301 312
302 303
302 304
302 305
302 306
302 307
302 308
302 311
302 312
303 304
303 305
303 306
303 307
303 308
303 311
303 312
304 305
304 306
304 307
304 308
304 311
304 312
305 306
305 308
306 308
307 308
307 309
307 310
307 311
307 312
308 309
308 310
308 311
308 312
309 310
309 311
309 312
310 311
310 312
311 312