          0.001       1435.6345       7542.1605
          0.002       1428.1024        7522.161
          0.003       1420.5902       7502.1605
          0.004       1413.0981       7482.1605
          0.005       1405.6259       7462.1605
          0.006       1398.1737       7442.1605
          0.007       1390.7416        7422.161
          0.008       1383.3294       7402.1605
          0.009       1375.9373       7382.1605
           0.01       1368.5651        7362.161
          0.011       1361.2129       7342.1605
          0.012       1353.8808       7322.1605
          0.013       1346.5686       7302.1605
          0.014       1339.2765       7282.1605
          0.015       1332.0043        7262.161
          0.016       1324.7521       7242.1605
          0.017         1317.52       7222.1605
          0.018       1310.3078        7202.161
          0.019       1303.1156       7182.1605
           0.02       1295.9435       7162.1605
          0.021       1288.7913        7142.161
          0.022       1281.6592       7122.1605
          0.023        1274.547       7102.1605
          0.024       1267.4548       7082.1605
          0.025       1260.3827       7062.1605
          0.026       1253.3305        7042.161
          0.027       1246.2984       7022.1605
          0.028       1239.2862       7002.1605
          0.029        1232.294        6982.161
           0.03       1225.3219       6962.1605
          0.031       1218.3697       6942.1605
          0.032       1211.4376        6922.161
          0.033       1204.5254       6902.1605
          0.034       1197.6332       6882.1605
          0.035       1190.7611       6862.1605
          0.036       1183.9089       6842.1605
          0.037       1177.0768        6822.161
          0.038       1170.2646       6802.1605
          0.039       1163.4724       6782.1605
           0.04       1156.7003        6762.161
          0.041       1149.9481       6742.1605
          0.042        1143.216       6722.1605
          0.043       1136.5038       6702.1605
          0.044       1129.8116       6682.1605
          0.045       1123.1395        6662.161
          0.046       1116.4873       6642.1605
          0.047       1109.8551       6622.1605
          0.048        1103.243        6602.161
          0.049       1096.6508       6582.1605
           0.05       1090.0787       6562.1605
          0.051       1083.5265        6542.161
          0.052       1076.9943       6522.1605
          0.053       1070.4822       6502.1605
          0.054         1063.99       6482.1605
          0.055       1057.5179       6462.1605
          0.056       1051.0657        6442.161
          0.057       1044.6335       6422.1605
          0.058       1038.2214       6402.1605
          0.059       1031.8292        6382.161
           0.06       1025.4571       6362.1605
          0.061       1019.1049       6342.1605
          0.062       1012.7727        6322.161
          0.063       1006.4606       6302.1605
          0.064       1000.1684       6282.1604
          0.065       993.89626       6262.1607
          0.066        987.6441       6242.1606
          0.067       981.41194       6222.1606
          0.068       975.19978       6202.1606
          0.069       969.00761       6182.1606
           0.07       962.83545       6162.1606
          0.071       956.68329       6142.1606
          0.072       950.55113       6122.1606
          0.073       944.43897       6102.1606
          0.074       938.34681       6082.1606
          0.075       932.27465       6062.1606
          0.076       926.22249       6042.1606
          0.077       920.19033       6022.1606
          0.078       914.17817       6002.1606
          0.079       908.18601       5982.1606
           0.08       902.21385       5962.1606
          0.081       896.26169       5942.1606
          0.082       890.32953       5922.1606
          0.083       884.41737       5902.1606
          0.084       878.52521       5882.1606
          0.085       872.65304       5862.1606
          0.086       866.80088       5842.1606
          0.087       860.96872       5822.1606
          0.088       855.15656       5802.1606
          0.089        849.3644       5782.1606
           0.09       843.59224       5762.1606
          0.091       837.84008       5742.1606
          0.092       832.10792       5722.1606
          0.093       826.39576       5702.1606
          0.094        820.7036       5682.1606
          0.095       815.03144       5662.1606
          0.096       809.37928       5642.1606
          0.097       803.74712       5622.1606
          0.098       798.13496       5602.1606
          0.099        792.5428       5582.1606
            0.1       786.97064       5562.1606
          0.101       781.41847       5542.1606
          0.102       775.88631       5522.1606
          0.103       770.37415       5502.1606
          0.104       764.88199       5482.1606
          0.105       759.40983       5462.1606
          0.106       753.95767       5442.1606
          0.107       748.52551       5422.1606
          0.108       743.11335       5402.1606
          0.109       737.72119       5382.1606
           0.11       732.34903       5362.1606
          0.111       726.99687       5342.1606
          0.112       721.66471       5322.1606
          0.113       716.35255       5302.1606
          0.114       711.06039       5282.1606
          0.115       705.78823       5262.1606
          0.116       700.53607       5242.1606
          0.117        695.3039       5222.1606
          0.118       690.09174       5202.1606
          0.119       684.89958       5182.1606
           0.12       679.72742       5162.1606
          0.121       674.57526       5142.1606
          0.122        669.4431       5122.1606
          0.123       664.33094       5102.1606
          0.124       659.23878       5082.1606
          0.125       654.16662       5062.1606
          0.126       649.11446       5042.1606
          0.127        644.0823       5022.1606
          0.128       639.07014       5002.1606
          0.129       634.07798       4982.1606
           0.13       629.10582       4962.1606
          0.131       624.15366       4942.1606
          0.132       619.22149       4922.1606
          0.133       614.30933       4902.1606
          0.134       609.41717       4882.1606
          0.135       604.54501       4862.1606
          0.136       599.69285       4842.1606
          0.137       594.86069       4822.1606
          0.138       590.04853       4802.1606
          0.139       585.25637       4782.1606
           0.14       580.48421       4762.1606
          0.141       575.73205       4742.1606
          0.142       570.99989       4722.1606
          0.143       566.28773       4702.1606
          0.144       561.59557       4682.1606
          0.145       556.92341       4662.1606
          0.146       552.27125       4642.1606
          0.147       547.63909       4622.1606
          0.148       543.02692       4602.1606
          0.149       538.43476       4582.1606
           0.15        533.8626       4562.1606
          0.151       529.31044       4542.1606
          0.152       524.77828       4522.1606
          0.153       520.26612       4502.1606
          0.154       515.77396       4482.1606
          0.155        511.3018       4462.1606
          0.156       506.84964       4442.1606
          0.157       502.41748       4422.1606
          0.158       498.00532       4402.1606
          0.159       493.61316       4382.1606
           0.16         489.241       4362.1606
          0.161       484.88884       4342.1606
          0.162       480.55668       4322.1606
          0.163       476.24452       4302.1606
          0.164       471.95235       4282.1606
          0.165       467.68019       4262.1606
          0.166       463.42803       4242.1606
          0.167       459.19587       4222.1606
          0.168       454.98371       4202.1606
          0.169       450.79155       4182.1606
           0.17       446.61939       4162.1606
          0.171       442.46723       4142.1606
          0.172       438.33507       4122.1606
          0.173       434.22291       4102.1606
          0.174       430.13075       4082.1606
          0.175       426.05859       4062.1606
          0.176       422.00643       4042.1606
          0.177       417.97427       4022.1606
          0.178       413.96211       4002.1606
          0.179       409.96995       3982.1606
           0.18       405.99778       3962.1606
          0.181       402.04562       3942.1606
          0.182       398.11346       3922.1606
          0.183        394.2013       3902.1606
          0.184       390.30914       3882.1606
          0.185       386.43698       3862.1606
          0.186       382.58482       3842.1606
          0.187       378.75266       3822.1606
          0.188        374.9405       3802.1606
          0.189       371.14834       3782.1606
           0.19       367.37618       3762.1606
          0.191       363.62402       3742.1606
          0.192       359.89186       3722.1606
          0.193        356.1797       3702.1606
          0.194       352.48754       3682.1606
          0.195       348.81538       3662.1606
          0.196       345.16321       3642.1606
          0.197       341.53105       3622.1606
          0.198       337.91889       3602.1606
          0.199       334.32673       3582.1606
            0.2       330.75457       3562.1606
          0.201       327.20241       3542.1606
          0.202       323.67025       3522.1606
          0.203       320.15809       3502.1606
          0.204       316.66593       3482.1606
          0.205       313.19377       3462.1606
          0.206       309.74161       3442.1606
          0.207       306.30945       3422.1606
          0.208       302.89729       3402.1606
          0.209       299.50513       3382.1606
           0.21       296.13297       3362.1606
          0.211        292.7808       3342.1606
          0.212       289.44864       3322.1606
          0.213       286.13648       3302.1606
          0.214       282.84432       3282.1606
          0.215       279.57216       3262.1606
          0.216          276.32       3242.1606
          0.217       273.08784       3222.1606
          0.218       269.87568       3202.1606
          0.219       266.68352       3182.1606
           0.22       263.51136       3162.1606
          0.221        260.3592       3142.1606
          0.222       257.22704       3122.1606
          0.223       254.11488       3102.1606
          0.224       251.02272       3082.1606
          0.225       247.95056       3062.1606
          0.226        244.8984       3042.1606
          0.227       241.86623       3022.1606
          0.228       238.85407       3002.1606
          0.229       235.86191       2982.1606
           0.23       232.88975       2962.1606
          0.231       229.93759       2942.1606
          0.232       227.00543       2922.1606
          0.233       224.09327       2902.1606
          0.234       221.20111       2882.1606
          0.235       218.32895       2862.1606
          0.236       215.47679       2842.1606
          0.237       212.64463       2822.1606
          0.238       209.83247       2802.1606
          0.239       207.04031       2782.1606
           0.24       204.26815       2762.1606
          0.241       201.51599       2742.1606
          0.242       198.78383       2722.1606
          0.243       196.07166       2702.1606
          0.244        193.3795       2682.1606
          0.245       190.70734       2662.1606
          0.246       188.05518       2642.1606
          0.247       185.42302       2622.1606
          0.248       182.81086       2602.1606
          0.249        180.2187       2582.1606
           0.25       177.64654       2562.1606
          0.251       175.09438       2542.1606
          0.252       172.56222       2522.1606
          0.253       170.05006       2502.1606
          0.254        167.5579       2482.1606
          0.255       165.08574       2462.1606
          0.256       162.63358       2442.1606
          0.257       160.20142       2422.1606
          0.258       157.78926       2402.1606
          0.259       155.39709       2382.1606
           0.26       153.02493       2362.1606
          0.261       150.67277       2342.1606
          0.262       148.34061       2322.1606
          0.263       146.02845       2302.1606
          0.264       143.73629       2282.1606
          0.265       141.46413       2262.1606
          0.266       139.21197       2242.1606
          0.267       136.97981       2222.1606
          0.268       134.76765       2202.1606
          0.269       132.57549       2182.1606
           0.27       130.40333       2162.1606
          0.271       128.25117       2142.1606
          0.272       126.11901       2122.1606
          0.273       124.00685       2102.1606
          0.274       121.91469       2082.1606
          0.275       119.84252       2062.1606
          0.276       117.79036       2042.1606
          0.277        115.7582       2022.1607
          0.278       113.74604       2002.1607
          0.279       111.75388       1982.1606
           0.28       109.78172       1962.1607
          0.281       107.82956       1942.1607
          0.282        105.8974       1922.1606
          0.283       103.98524       1902.1607
          0.284       102.09308       1882.1607
          0.285       100.22092       1862.1606
          0.286       98.368757       1842.1606
          0.287       96.536597       1822.1606
          0.288       94.724436       1802.1606
          0.289       92.932276       1782.1606
           0.29       91.160115       1762.1606
          0.291       89.407954       1742.1606
          0.292       87.675794       1722.1606
          0.293       85.963633       1702.1606
          0.294       84.271472       1682.1606
          0.295       82.599312       1662.1606
          0.296       80.947151       1642.1606
          0.297        79.31499       1622.1606
          0.298        77.70283       1602.1606
          0.299       76.110669       1582.1606
            0.3       74.538509       1562.1606
          0.301       72.986348       1542.1606
          0.302       71.454187       1522.1606
          0.303       69.942027       1502.1606
          0.304       68.449866       1482.1606
          0.305       66.977705       1462.1606
          0.306       65.525545       1442.1606
          0.307       64.093384       1422.1606
          0.308       62.681223       1402.1606
          0.309       61.289063       1382.1606
           0.31       59.916902       1362.1606
          0.311       58.564742       1342.1606
          0.312       57.232581       1322.1606
          0.313        55.92042       1302.1606
          0.314        54.62826       1282.1606
          0.315       53.356099       1262.1606
          0.316       52.103938       1242.1606
          0.317       50.871778       1222.1606
          0.318       49.659617       1202.1606
          0.319       48.467457       1182.1606
           0.32       47.295296       1162.1606
          0.321       46.143135       1142.1606
          0.322       45.010975       1122.1606
          0.323       43.898814       1102.1606
          0.324       42.806653       1082.1606
          0.325       41.734493       1062.1606
          0.326       40.682332       1042.1606
          0.327       39.650171       1022.1606
          0.328       38.638011       1002.1606
          0.329        37.64585       982.16063
           0.33        36.67369       962.16063
          0.331       35.721529       942.16063
          0.332       34.789368       922.16063
          0.333       33.877208       902.16063
          0.334       32.985047       882.16063
          0.335       32.112886       862.16063
          0.336       31.260726       842.16063
          0.337       30.428565       822.16063
          0.338       29.616404       802.16063
          0.339       28.824244       782.16063
           0.34       28.052083       762.16063
          0.341       27.299923       742.16063
          0.342       26.567762       722.16063
          0.343       25.855601       702.16063
          0.344       25.163441       682.16063
          0.345        24.49128       662.16063
          0.346       23.839119       642.16063
          0.347       23.206959       622.16063
          0.348       22.594798       602.16063
          0.349       22.002638       582.16063
           0.35       21.430477       562.16063
          0.351       20.878316       542.16063
          0.352       20.346156       522.16063
          0.353       19.833995       502.16064
          0.354       19.341834       482.16064
          0.355       18.869674       462.16063
          0.356       18.417513       442.16064
          0.357       17.985352       422.16064
          0.358       17.573192       402.16063
          0.359       17.181031       382.16064
           0.36       16.808871       362.16064
          0.361        16.45671       342.16063
          0.362       16.124549       322.16064
          0.363       15.812389       302.16064
          0.364       15.520228       282.16063
          0.365       15.248067       262.16064
          0.366       14.995907       242.16064
          0.367       14.763746       222.16063
          0.368       14.551585       202.16064
          0.369       14.359425       182.16064
           0.37       14.187264       162.16063
          0.371       14.035104       142.16064
          0.372       13.902943       122.16063
          0.373       13.790782       102.16063
          0.374       13.698622       82.160635
          0.375       13.626461       62.160635
          0.376         13.5743       44.826385
          0.377       13.536808        39.63004
          0.378        13.49504        44.49488
          0.379       13.447819       50.537775
           0.38       13.393965       57.758715
          0.381       13.332301       66.157715
          0.382       13.261649        75.73476
          0.383       13.180832       86.489855
          0.384        13.08867       98.423005
          0.385       12.983986       109.40487
          0.386        12.86986        116.3748
          0.387       12.751236         120.341
          0.388       12.629178       123.24408
          0.389       12.504748       125.08513
           0.39       12.379008       125.86414
          0.391        12.25302        125.5811
          0.392       12.127845       124.23604
          0.393       12.004547       121.82893
          0.394       11.884188       118.36265
          0.395       11.767822       116.29097
          0.396       11.651606       117.56913
          0.397       11.532684        119.4788
          0.398       11.412648       119.79727
          0.399       11.293089       118.52456
            0.4       11.175599       115.66067
          0.401       11.061768        111.2056
          0.402       10.953188       105.15935
          0.403       10.851449         97.5219
          0.404       10.758144       88.314045
          0.405       10.674821        80.57865
          0.406       10.596987       77.090135
          0.407       10.520641        75.69963
          0.408       10.445587        74.50591
          0.409       10.371629        73.50897
           0.41       10.298569       72.708815
          0.411       10.226211        72.10544
          0.412       10.154359       71.698845
          0.413       10.082814       71.489035
          0.414        10.01138       71.474556
          0.415       9.9398647        71.55108
          0.416       9.8682783       71.584327
          0.417        9.796696       71.578271
          0.418       9.7251218       71.568313
          0.419       9.6535594        71.55445
           0.42       9.5820129       71.536683
          0.421        9.510486       71.515012
          0.422       9.4389828       71.489437
          0.423       9.3675072       71.459959
          0.424       9.2960629        71.42567
          0.425       9.2246558       71.355799
          0.426       9.1533513       71.228752
          0.427       9.0821983       71.065195
          0.428       9.0112209       70.877521
          0.429       8.9404433        70.66573
           0.43       8.8698895       70.429824
          0.431       8.7995836         70.1698
          0.432       8.7295499        69.88566
          0.433       8.6598123       69.577404
          0.434       8.5903951       69.172531
          0.435       8.5214672       67.284444
          0.436       8.4558262        63.64853
          0.437       8.3941702       59.906714
          0.438       8.3360127       56.651432
          0.439       8.2808673       53.882685
           0.44       8.2282474       51.600473
          0.441       8.1776664       49.804794
          0.442       8.1286378       48.495652
          0.443       8.0806751       47.673043
          0.444       8.0332917       47.319631
          0.445       7.9860358       47.092379
          0.446       7.9391069       46.612423
          0.447        7.892811        45.87834
          0.448       7.8473503       44.941876
          0.449       7.8029272       43.803034
           0.45       7.7597442       42.461812
          0.451       7.7180036       40.918208
          0.452       7.6779078       39.172225
          0.453       7.6396591       37.223863
          0.454       7.6034601       35.133005
          0.455       7.5693931       33.548904
          0.456       7.5363622       32.663972
          0.457       7.5040652       31.923856
          0.458       7.4725145       31.171161
          0.459       7.4417229       30.405886
           0.46       7.4117028       29.628031
          0.461       7.3824668       28.837597
          0.462       7.3540276       28.034583
          0.463       7.3263976       27.218989
          0.464       7.2995896       26.416908
          0.465       7.2735638       25.837308
          0.466        7.247915        25.50721
          0.467       7.2225494       25.227249
          0.468       7.1974605       24.953916
          0.469       7.1726416       24.687214
           0.47        7.148086       24.427142
          0.471       7.1237873         24.1737
          0.472       7.0997386       23.926887
          0.473       7.0759335       23.686704
          0.474       7.0523652       23.463787
          0.475       7.0290059       23.291249
          0.476       7.0057827       23.085224
          0.477       6.9828355       22.724225
          0.478       6.9603343       22.193112
          0.479       6.9384493       21.491886
           0.48       6.9173505       20.620546
          0.481       6.8972082       19.579093
          0.482       6.8781923       18.367527
          0.483       6.8604731       16.985847
          0.484       6.8442206       15.417942
          0.485       6.8296372       13.655406
          0.486       6.8169098       11.876252
          0.487       6.8058847       10.267725
          0.488       6.7963744       8.8467605
          0.489       6.7881912       7.6133575
           0.49       6.7811477       6.5675175
          0.491       6.7750562        5.709239
          0.492       6.7697292       5.0385225
          0.493       6.7649791        4.555368
          0.494       6.7606184        4.169185
          0.495       6.7566408        3.532549
          0.496       6.7535533       2.7364095
          0.497       6.7511679       2.1678695
          0.498       6.7492176       1.8662485
          0.499       6.7474354        1.831548
            0.5       6.7455545        2.063768
          0.501       6.7433079        2.562907
          0.502       6.7404287        3.328966
          0.503         6.73665       4.3619455
          0.504       6.7317048       5.5371795
          0.505       6.7255756        6.363506
          0.506       6.7189778       6.7613575
          0.507       6.7120529       7.0465545
          0.508       6.7048847        7.247987
          0.509       6.6975569       7.3656545
           0.51       6.6901534        7.399558
          0.511       6.6827578       7.3496965
          0.512        6.675454       7.2160705
          0.513       6.6683257         6.99868
          0.514       6.6614566       6.8406295
          0.515       6.6546444        7.075912
          0.516       6.6473048        7.476248
          0.517       6.6396919       7.5994165
          0.518        6.632106       7.4223605
          0.519       6.6248472       6.9450805
           0.52       6.6182158       6.1675765
          0.521        6.612512       5.0898475
          0.522       6.6080361       3.7118945
          0.523       6.6050882       2.0337175
          0.524       6.6039687       0.1786465
          0.525        6.604731       -1.435132
          0.526       6.6068389       -2.651119
          0.527       6.6100332       -3.615576
          0.528       6.6140701       -4.336406
          0.529        6.618706        -4.81361
           0.53       6.6236973       -5.047188
          0.531       6.6288004        -5.03714
          0.532       6.6337716      -4.7834665
          0.533       6.6383673       -4.286166
          0.534       6.6423439       -3.752049
          0.535       6.6458714      -3.6005965
          0.536       6.6495451       -3.706031
          0.537       6.6532835      -3.7221615
          0.538       6.6569894      -3.6412455
          0.539        6.660566       -3.463283
           0.54        6.663916      -3.1882735
          0.541       6.6669425       -2.816217
          0.542       6.6695484       -2.347114
          0.543       6.6716367      -1.7809635
          0.544       6.6731104      -0.7284405
          0.545       6.6730936       1.2138415
          0.546       6.6706827        3.360816
          0.547        6.666372       5.0070585
          0.548       6.6606686       6.1462745
          0.549       6.6540794        6.778464
           0.55       6.6471116       6.9036275
          0.551       6.6402722        6.521765
          0.552       6.6340681        5.632875
          0.553       6.6290064        4.236959
          0.554       6.6255942       2.8629865
          0.555       6.6232805       2.3137415
          0.556       6.6209667       2.3121565
          0.557       6.6186561       2.3059275
          0.558       6.6163549        2.293635
          0.559       6.6140689        2.275279
           0.56       6.6118043       2.2508595
          0.561       6.6095672       2.2203765
          0.562       6.6073635       2.1838305
          0.563       6.6051995       2.1412215
          0.564       6.6030811       2.1033425
          0.565       6.6009928       2.0834965
          0.566       6.5989141        2.075013
          0.567       6.5968428       2.0687115
          0.568       6.5947767       2.0645915
          0.569       6.5927136        2.062653
           0.57       6.5906514        2.062896
          0.571       6.5885878       2.0653205
          0.572       6.5865207       2.0699265
          0.573        6.584448       2.0769095
          0.574       6.5823669       2.1370955
          0.575       6.5801738       2.2749355
          0.576        6.577817       2.4179735
          0.577       6.5753378       2.5199335
          0.578       6.5727772        2.580815
          0.579       6.5701762       2.6006185
           0.58       6.5675759       2.5793445
          0.581       6.5650175        2.516992
          0.582        6.562542       2.4135615
          0.583       6.5601904        2.261492
          0.584        6.558019        1.474275
          0.585       6.5572418       -0.141116
          0.586       6.5583012      -1.7616145
          0.587       6.5607651      -2.9500745
          0.588       6.5642014       -3.706496
          0.589       6.5681781       -4.030879
           0.59       6.5722631       -3.923224
          0.591       6.5760245       -3.383531
          0.592       6.5790302      -2.4117995
          0.593       6.5808481       -1.020804
          0.594       6.5810718        0.221054
          0.595        6.580406       0.8729245
          0.596       6.5793259       1.2990195
          0.597        6.577808        1.748773
          0.598       6.5758284        2.222185
          0.599       6.5733636       2.7192565
            0.6       6.5703899        3.239986
          0.601       6.5668836       3.7843735
          0.602       6.5628211       4.3524205
          0.603       6.5581788       4.9475915
          0.604       6.5529259        5.628557
          0.605       6.5469217       6.3340155
          0.606       6.5402579        6.900517
          0.607       6.5331206         7.28112
          0.608       6.5256957        7.475825
          0.609        6.518169       7.4846325
           0.61       6.5107264        7.307542
          0.611       6.5035539        6.944554
          0.612       6.4968373        6.395668
          0.613       6.4907626        5.671553
          0.614       6.4854942        4.988511
          0.615       6.4807855        4.528475
          0.616       6.4764372       4.2168595
          0.617       6.4723518        4.002779
          0.618       6.4684317       3.8862335
          0.619       6.4645793       3.8672225
           0.62       6.4606972        3.945747
          0.621       6.4566878       4.1218055
          0.622       6.4524536       4.3953995
          0.623        6.447897        4.756735
          0.624       6.4429402         5.07667
          0.625       6.4377437       5.2935445
          0.626       6.4323531       5.4962775
          0.627       6.4267512       5.7161045
          0.628       6.4209209       5.9530255
          0.629       6.4148451         6.20704
           0.63       6.4085068        6.478149
          0.631       6.4018888       6.7663515
          0.632       6.3949741       7.0716485
          0.633       6.3877455        7.403527
          0.634        6.380167        7.837354
          0.635       6.3720708       8.3555085
          0.636        6.363456        8.852404
          0.637        6.354366        9.305955
          0.638       6.3448441       9.7161605
          0.639       6.3349337       10.083021
           0.64       6.3246781       10.406537
          0.641       6.3141206       10.686708
          0.642       6.3033046       10.923533
          0.643       6.2922735       11.122715
          0.644       6.2810592       11.334845
          0.645       6.2696038       11.590659
          0.646       6.2578779       11.869779
          0.647       6.2458643        12.16599
          0.648       6.2335459       12.479292
          0.649       6.2209057       12.809683
           0.65       6.2079265       13.157165
          0.651       6.1945914       13.521738
          0.652       6.1808831       13.903401
          0.653       6.1667846       14.304766
          0.654       6.1522735       14.732667
          0.655       6.1373192       15.167649
          0.656       6.1219382       15.583041
          0.657       6.1061531       15.975855
          0.658       6.0899865       16.346093
          0.659        6.073461       16.693755
           0.66        6.056599       17.018839
          0.661       6.0394233       17.321348
          0.662       6.0219563       17.601281
          0.663       6.0042207       17.848119
          0.664       5.9862601       18.034476
          0.665       5.9681518       18.210712
          0.666       5.9498387       18.451062
          0.667       5.9312496       18.762522
          0.668       5.9123136       19.145091
          0.669       5.8929595        19.59877
           0.67       5.8731161       20.123558
          0.671       5.8527123       20.719455
          0.672       5.8316772       21.386463
          0.673       5.8099394       22.072129
          0.674       5.7875329       22.565013
          0.675       5.7648094       22.854003
          0.676       5.7418249       23.103254
          0.677       5.7186029       23.329044
          0.678       5.6951668       23.531375
          0.679       5.6715401       23.710248
           0.68       5.6477463       23.865661
          0.681       5.6238088       23.997613
          0.682       5.5997511       24.106107
          0.683       5.5755966       24.237161
          0.684       5.5512768        24.50732
          0.685        5.526582       24.837352
          0.686       5.5016021         25.0677
          0.687       5.4764466       25.188568
          0.688       5.4512249       25.199956
          0.689       5.4260466       25.101865
           0.69       5.4010212       24.894294
          0.691       5.3762581       24.577243
          0.692       5.3518667       24.150713
          0.693       5.3279566        23.63298
          0.694       5.3046008       23.112063
          0.695       5.2817325       22.655545
          0.696       5.2592897       22.260114
          0.697       5.2372123       21.924605
          0.698       5.2154405       21.649016
          0.699       5.1939142        21.43335
            0.7       5.1725738       21.277605
          0.701        5.151359       21.181783
          0.702       5.1302102       21.145882
          0.703       5.1090673       21.053641
          0.704       5.0881029       20.693182
          0.705       5.0676809       20.216176
          0.706       5.0476706       19.876912
          0.707       5.0279271       19.682391
          0.708       5.0083058       19.632613
          0.709       4.9886619       19.727577
           0.71       4.9688506       19.967284
          0.711       4.9487273       20.351734
          0.712       4.9281471       20.880927
          0.713       4.9069654       21.564746
          0.714       4.8850177       22.349632
          0.715       4.8622662        23.10538
          0.716       4.8388069       23.764596
          0.717        4.814737       24.326656
          0.718       4.7901536       24.791557
          0.719       4.7651539       25.159302
           0.72        4.739835       25.429887
          0.721       4.7142941       25.603315
          0.722       4.6886284       25.679586
          0.723       4.6629349        25.94364
          0.724       4.6367411       26.725873
          0.725       4.6094832       27.652752
          0.726       4.5814356       28.303044
          0.727       4.5528771       28.674498
          0.728       4.5240866       28.767111
          0.729       4.4953429       28.580885
           0.73       4.4669248        28.11582
          0.731       4.4391112       27.371916
          0.732        4.412181       26.349172
          0.733       4.3864129       25.193803
          0.734       4.3617934       24.161832
          0.735       4.3380892       23.255219
          0.736       4.3152829       22.366052
          0.737       4.2933571       21.494266
          0.738       4.2722944       20.639865
          0.739       4.2520774       19.802846
           0.74       4.2326887       18.983209
          0.741        4.214111       18.180955
          0.742       4.1963268       17.396023
          0.743       4.1793189       16.591657
          0.744       4.1631435       15.802793
          0.745       4.1477133       15.163323
          0.746       4.1328168       14.735512
          0.747       4.1182423        14.51936
          0.748       4.1037781       14.514867
          0.749       4.0892126       14.722033
           0.75        4.074334       15.140857
          0.751       4.0589309       15.771341
          0.752       4.0427914       16.611135
          0.753       4.0257086        17.31466
          0.754        4.008162       17.560845
          0.755       3.9905869       17.585485
          0.756       3.9729911       17.602213
          0.757       3.9553825       17.611027
          0.758        3.937769       17.611928
          0.759       3.9201586       17.604916
           0.76       3.9025592       17.589992
          0.761       3.8849786       17.567154
          0.762       3.8674249       17.538268
          0.763       3.8499021       17.599192
          0.764       3.8322265       17.771156
          0.765       3.8143598       17.915384
          0.766       3.7963957       17.965865
          0.767       3.7784281       17.922597
          0.768       3.7605505       17.785581
          0.769       3.7428569       17.554818
           0.77       3.7254409       17.230306
          0.771       3.7083963       16.812046
          0.772       3.6918168        16.30624
          0.773       3.6757838       15.919168
          0.774       3.6599785       15.782334
          0.775       3.6442191       15.740392
          0.776       3.6284977       15.706565
          0.777        3.612806       15.680853
          0.778        3.597136       15.663258
          0.779       3.5814795       15.653777
           0.78       3.5658284       15.652412
          0.781       3.5501747       15.659162
          0.782       3.5345101       15.673554
          0.783       3.5188276       15.685054
          0.784         3.50314       15.686917
          0.785       3.4874537       15.685827
          0.786       3.4717683       15.685159
          0.787       3.4560834       15.684914
          0.788       3.4403985       15.685091
          0.789       3.4247132        15.68569
           0.79       3.4090271        15.68671
          0.791       3.3933398       15.688153
          0.792       3.3776508       15.695009
          0.793       3.3619498       15.771667
          0.794       3.3461075       15.917976
          0.795       3.3301138       16.050375
          0.796       3.3140067       16.144848
          0.797       3.2978241       16.201393
          0.798        3.281604       16.220013
          0.799       3.2653841       16.200705
            0.8       3.2492025        16.14347
          0.801       3.2330972        16.04831
          0.802       3.2171059       15.918634
          0.803       3.2012599       15.792772
          0.804       3.1855204       15.686103
          0.805       3.1698877       15.570507
          0.806       3.1543794       15.437404
          0.807       3.1390129       15.286793
          0.808       3.1238058       15.118678
          0.809       3.1087755       14.933057
           0.81       3.0939397       14.729929
          0.811       3.0793157       14.509295
          0.812       3.0649211       14.282193
          0.813       3.0507513       14.139102
          0.814       3.0366429       14.097183
          0.815       3.0225569       14.076076
          0.816       3.0084907       14.057697
          0.817       2.9944415       14.042048
          0.818       2.9804066       14.029125
          0.819       2.9663833       14.018932
           0.82       2.9523688       14.011466
          0.821       2.9383603        14.00673
          0.822       2.9243553       14.004708
          0.823       2.9103509       14.004271
          0.824       2.8963468       14.002695
          0.825       2.8823455       13.998269
          0.826       2.8683502       13.990884
          0.827       2.8543638       13.980542
          0.828       2.8403891        13.96724
          0.829       2.8264293        13.95098
           0.83       2.8124872        13.93176
          0.831       2.7985658       13.909583
          0.832        2.784668       13.852257
          0.833       2.7708613       13.617085
          0.834       2.7574338        13.25557
          0.835       2.7443501       12.952891
          0.836       2.7315281        12.73221
          0.837       2.7188857       12.593528
          0.838        2.706341       12.536846
          0.839        2.693812       12.562161
           0.84       2.6812167       12.669475
          0.841       2.6684731       12.858788
          0.842       2.6554991       13.104172
          0.843       2.6422647       13.285816
          0.844       2.6289275        13.38357
          0.845       2.6154976       13.481191
          0.846       2.6019651       13.588705
          0.847       2.5883202       13.706115
          0.848       2.5745529       13.833419
          0.849       2.5606533       13.970617
           0.85       2.5466116        14.11771
          0.851       2.5324179       14.274698
          0.852       2.5180622       14.472931
          0.853        2.503472       14.792572
          0.854       2.4884771       15.161355
          0.855       2.4731493       15.449153
          0.856       2.4575788       15.646918
          0.857       2.4418555       15.754654
          0.858       2.4260695       15.772358
          0.859       2.4103108       15.700031
           0.86       2.3946694       15.537674
          0.861       2.3792354       15.285285
          0.862       2.3640988        14.99143
          0.863       2.3492526        14.80477
          0.864       2.3344893       14.718531
          0.865       2.3198155       14.618953
          0.866       2.3052514       14.499146
          0.867       2.2908172        14.35911
          0.868       2.2765332       14.198847
          0.869       2.2624195       14.018354
           0.87       2.2484965       13.817634
          0.871       2.2347843       13.596685
          0.872       2.2213031       13.324609
          0.873        2.208135       12.964453
          0.874       2.1953742        12.60433
          0.875       2.1829264       12.341411
          0.876       2.1706914       12.178707
          0.877        2.158569       12.116221
          0.878       2.1464589       12.153949
          0.879       2.1342611       12.291892
           0.88       2.1218751       12.530053
          0.881        2.109201       12.868429
          0.882       2.0961383       13.215304
          0.883       2.0827704       13.376507
          0.884       2.0693853       13.393377
          0.885       2.0559836        13.41308
          0.886       2.0425591       13.438982
          0.887       2.0291056       13.471084
          0.888       2.0156169       13.509386
          0.889       2.0020869       13.553888
           0.89       1.9885092       13.604589
          0.891       1.9748777        13.66149
          0.892       1.9611862       13.713494
          0.893       1.9474507        13.74138
          0.894       1.9337034       13.751752
          0.895       1.9199472       13.759498
          0.896       1.9061844       13.764773
          0.897       1.8924176       13.767575
          0.898       1.8786493       13.767905
          0.899       1.8648818       13.765763
            0.9       1.8511178       13.761148
          0.901       1.8373595       13.754062
          0.902       1.8236096       13.731333
          0.903       1.8098969        13.68293
          0.904       1.7962438       13.631462
          0.905       1.7826339       13.596448
          0.906       1.7690509       13.577929
          0.907       1.7554781       13.575908
          0.908       1.7418991       13.590382
          0.909       1.7282973       13.621352
           0.91       1.7146564       13.668819
          0.911       1.7009597       13.732789
          0.912       1.6871908       13.998136
          0.913       1.6729634       14.587488
          0.914       1.6580158        15.22967
          0.915       1.6425041       15.715747
          0.916       1.6265843        16.04572
          0.917       1.6104126       16.219588
          0.918       1.5941451       16.237351
          0.919       1.5779379        16.09901
           0.92       1.5619471       15.804566
          0.921       1.5463288       15.354669
          0.922       1.5312378       14.945881
          0.923        1.516437       14.779367
          0.924        1.501679       14.725815
          0.925       1.4869854       14.650657
          0.926       1.4723777       14.553895
          0.927       1.4578776       14.435529
          0.928       1.4435067       14.295558
          0.929       1.4292865       14.133983
           0.93       1.4152387       13.950803
          0.931       1.4013849       13.746184
          0.932       1.3877463       13.540309
          0.933       1.3743043       13.367815
          0.934       1.3610107       13.238226
          0.935       1.3478278       13.146442
          0.936       1.3347178       13.092465
          0.937       1.3216429       13.076294
          0.938       1.3085652       13.097929
          0.939        1.295447        13.15737
           0.94       1.2822505       13.254618
          0.941       1.2689378       13.389357
          0.942       1.2554718       13.540619
          0.943       1.2418566       13.670622
          0.944       1.2281305        13.76494
          0.945       1.2143267       13.826268
          0.946        1.200478       13.854606
          0.947       1.1866175       13.849955
          0.948       1.1727781       13.812314
          0.949       1.1589928       13.741684
           0.95       1.1452947       13.638063
          0.951       1.1317167       13.502294
          0.952       1.1182901       13.360655
          0.953       1.1049954       13.240939
          0.954       1.0918083        13.13872
          0.955        1.078718       13.047211
          0.956       1.0657138       12.966409
          0.957       1.0527851       12.896317
          0.958       1.0399212       12.836934
          0.959       1.0271113       12.788258
           0.96       1.0143447       12.750291
          0.961       1.0016107       12.724148
          0.962      0.98889639       12.721937
          0.963      0.97616682       12.728108
          0.964      0.96344017       12.707643
          0.965      0.95075154       12.652076
          0.966      0.93813602       12.561406
          0.967      0.92562873       12.435634
          0.968      0.91326475       12.274759
          0.969      0.90107921       12.078782
           0.97      0.88910719       11.847702
          0.971       0.8773838       11.589045
          0.972       0.8659291       11.399173
          0.973      0.85458546       11.316666
          0.974      0.84329577       11.266598
          0.975      0.83205226         11.2243
          0.976      0.82084717        11.18977
          0.977      0.80967272       11.163009
          0.978      0.79852115       11.144018
          0.979      0.78738468       11.132795
           0.98      0.77625556       11.129341
          0.981        0.765126       11.131542
          0.982      0.75399247       11.120411
          0.983      0.74288518       11.093615
          0.984      0.73180524       11.070222
          0.985      0.72074474       11.054761
          0.986      0.70969572       11.047234
          0.987      0.69865027       11.047639
          0.988      0.68760044       11.055977
          0.989      0.67653831       11.072247
           0.99      0.66545595       11.096451
          0.991      0.65434541       11.153454
          0.992      0.64314904       11.398406
          0.993       0.6315486       11.790419
          0.994       0.6195682       12.122381
          0.995      0.60730384       12.358343
          0.996      0.59485152       12.498303
          0.997      0.58230723       12.542263
          0.998      0.56976699       12.490223
          0.999      0.55732679       12.342182
              1      0.54508263        12.09814
          1.001      0.53313051       11.784342
          1.002      0.52151394       11.553547
          1.003      0.51002341       11.419986
          1.004      0.49867397       11.249735
          1.005      0.48752394       11.021157
          1.006      0.47663166       10.734251
          1.007      0.46605544       10.389016
          1.008      0.45585362       9.9854542
          1.009      0.44608453       9.5235642
           1.01       0.4368065       9.0033462
          1.011      0.42807784       8.4768083
          1.012      0.41985288       8.1863879
          1.013      0.41170506       8.1365401
          1.014       0.4035798       8.1149031
          1.015      0.39547526       8.0950896
          1.016      0.38738962       8.0770995
          1.017      0.37932106       8.0609327
          1.018      0.37126775       8.0465895
          1.019      0.36322788       8.0340695
           1.02      0.35519962        8.023373
          1.021      0.34718113       8.0152419
          1.022      0.33916913        8.011784
          1.023      0.33115757        8.011117
          1.024       0.3231469       8.0097036
          1.025      0.31513816       8.0072554
          1.026      0.30713239       8.0037724
          1.027      0.29913061       7.9992545
          1.028      0.29113388       7.9937017
          1.029      0.28314321       7.9871141
           1.03      0.27515965       7.9794917
          1.031      0.26718423       7.9581036
          1.032      0.25924344       7.8875011
          1.033      0.25140923       7.7834882
          1.034      0.24367647        7.687249
          1.035      0.23603473        7.601445
          1.036      0.22847358       7.5260761
          1.037      0.22098258       7.4611424
          1.038      0.21355129        7.406644
          1.039      0.20616929       7.3625807
           1.04      0.19882613       7.3289526
          1.041      0.19151138        7.285781
          1.042      0.18425457       7.1800726
          1.043      0.17715124       7.0215264
          1.044      0.17021151       6.8549915
          1.045      0.16344125       6.6826031
          1.046      0.15684631       6.5043612
          1.047      0.15043253       6.3202656
          1.048      0.14420578       6.1303166
          1.049       0.1381719        5.934514
           1.05      0.13233675       5.7328577
          1.051      0.12670618       5.5350503
          1.052      0.12126665       5.3649775
          1.053      0.11597623       5.2217482
          1.054      0.11082315       5.0898031
          1.055      0.10579662       4.9686587
          1.056      0.10088584       4.8583148
          1.057     0.096079992       4.7587715
          1.058     0.091368292       4.6700287
          1.059     0.086739935       4.5920865
           1.06     0.082184119       4.5249449
          1.061     0.077690045        4.463165
          1.062     0.073257789       4.3964729
          1.063     0.068897099       4.3281765
          1.064     0.064601436       4.2665562
          1.065     0.060363987       4.2117499
          1.066     0.056177936       4.1637574
          1.067     0.052036472       4.1225787
          1.068     0.047932779       4.0882138
          1.069     0.043860044       4.0606628
           1.07     0.039811453       4.0399257
          1.071     0.035780193       3.9979612
          1.072     0.031815531       3.8916595
          1.073     0.027996874       3.7405516
          1.074     0.024334428       3.5794414
          1.075     0.020837991       3.4085318
          1.076     0.017517364       3.2278228
          1.077     0.014382346       3.0373146
          1.078     0.011442735       2.8370071
          1.079    0.0087083314       2.6269003
           1.08    0.0061889344       2.4069941
          1.081    0.0038943432       2.0796498
          1.082    0.0020296348       1.5549267
          1.083   0.00078448985      0.95446396
          1.084    0.0001207069      0.39224493
          1.085               0     -0.13168815
          1.086    0.0003840832     -0.61733528
          1.087    0.0012346706      -1.0646965
          1.088    0.0025134761      -1.4737717
          1.089     0.004182214       -1.844561
           1.09    0.0062025981      -2.1770348
          1.091    0.0085362836      -2.4394089
          1.092     0.011081416      -2.6147832
          1.093      0.01376585      -2.7514607
          1.094     0.016584337      -2.8828898
          1.095      0.01953163      -3.0090705
          1.096     0.022602478      -3.1300028
          1.097     0.025791635      -3.2456868
          1.098     0.029093852      -3.3561223
          1.099      0.03250388      -3.4613094
            1.1     0.036016471      -3.5613015
          1.101     0.039626483      -3.6643531
          1.102     0.043345177      -3.7784642
          1.103     0.047183411      -3.8984026
          1.104     0.051141982      -4.0191376
          1.105     0.055221687      -4.1406694
          1.106     0.059423321      -4.2629979
          1.107     0.063747682      -4.3861231
          1.108     0.068195567       -4.510045
          1.109     0.072767772      -4.6347636
           1.11     0.077465095       -4.762935
          1.111     0.082293642      -5.0379976
          1.112      0.08754109       -5.523789
          1.113      0.09334122      -6.0555028
          1.114     0.099652095      -6.5452776
          1.115      0.10643178      -6.9931133
          1.116      0.11363832      -7.3990098
          1.117       0.1212298      -7.7629672
          1.118      0.12916426      -8.0849856
          1.119      0.13739977      -8.3650648
           1.12      0.14589439      -8.6083501
          1.121      0.15461647      -8.9712232
          1.122      0.16383683      -9.5250301
          1.123      0.17366653      -10.117494
          1.124      0.18407182      -10.676228
          1.125      0.19501898      -11.201232
          1.126      0.20647428      -11.692507
          1.127        0.218404      -12.150052
          1.128      0.23077439      -12.573868
          1.129      0.24355173      -12.963954
           1.13       0.2567023      -13.325459
          1.131      0.27020265      -13.765623
          1.132      0.28423354      -14.327078
          1.133      0.29885681      -14.909267
          1.134      0.31405208      -15.471094
          1.135      0.32979899      -16.012557
          1.136      0.34607719      -16.533659
          1.137      0.36286631      -17.034397
          1.138      0.38014599      -17.514773
          1.139      0.39789586      -17.974787
           1.14      0.41609556      -18.420818
          1.141      0.43473749      -18.943707
          1.142      0.45398297      -19.570367
          1.143      0.47387823      -20.214814
          1.144       0.4944126      -20.848608
          1.145      0.51557544      -21.471749
          1.146       0.5373561      -22.084238
          1.147      0.55974392      -22.686074
          1.148      0.58272825      -23.277257
          1.149      0.60629843      -23.857788
           1.15      0.63044382      -24.429908
          1.151      0.65515825      -25.021079
          1.152      0.68048598      -25.648675
          1.153       0.7064556      -26.299815
          1.154      0.73308561      -26.969466
          1.155      0.76039453      -27.657629
          1.156      0.78840087      -28.364303
          1.157      0.81712314      -29.089488
          1.158      0.84657985      -29.833185
          1.159      0.87678951      -30.595393
           1.16      0.90777063      -31.363972
          1.161      0.93951745      -32.037427
          1.162      0.97184549      -32.596441
          1.163       1.0047103      -33.131804
          1.164       1.0381091       -33.66427
          1.165       1.0720389      -34.193838
          1.166       1.1064968      -34.720507
          1.167       1.1414799       -35.24428
          1.168       1.1769853      -35.765155
          1.169       1.2130102      -36.283132
           1.17       1.2495516      -36.791954
          1.171       1.2865941      -37.252138
          1.172       1.3240559      -37.662129
          1.173       1.3619184      -38.060332
          1.174       1.4001765       -38.45348
          1.175       1.4388253      -38.841571
          1.176       1.4778597      -39.224607
          1.177       1.5172745      -39.602586
          1.178       1.5570648      -39.975508
          1.179       1.5972256      -40.343375
           1.18       1.6377516      -40.717946
          1.181       1.6786614      -41.162613
          1.182       1.7200768      -41.686202
          1.183       1.7620338      -42.238482
          1.184       1.8045538      -42.812025
          1.185       1.8476579      -43.406832
          1.186       1.8913674        -44.0229
          1.187       1.9357037      -44.660232
          1.188       1.9806879      -45.318827
          1.189       2.0263414      -45.998684
           1.19       2.0726853      -46.705872
          1.191       2.1197531      -47.457875
          1.192        2.167601      -48.236266
          1.193       2.2162256       -49.00833
          1.194       2.2656177      -49.771204
          1.195        2.315768      -50.524887
          1.196       2.3666675      -51.269377
          1.197       2.4183068      -52.004676
          1.198       2.4706768      -52.730784
          1.199       2.5237684      -53.447699
            1.2       2.5775722      -54.124384
          1.201       2.6320171      -54.657807
          1.202       2.6868878      -55.071225
          1.203       2.7421596      -55.468125
          1.204       2.7978241      -55.856755
          1.205       2.8538731      -56.237113
          1.206       2.9102983      -56.609201
          1.207       2.9670915      -56.973018
          1.208       3.0242443      -57.328564
          1.209       3.0817486      -57.675839
           1.21        3.139596      -58.027035
          1.211       3.1978027      -58.414228
          1.212       3.2564245      -58.825217
          1.213       3.3154531      -59.226051
          1.214       3.3748766      -59.614861
          1.215       3.4346828      -59.991647
          1.216       3.4948599      -60.356409
          1.217       3.5553957      -60.709148
          1.218       3.6162782      -61.049863
          1.219       3.6774954      -61.378553
           1.22       3.7390353      -61.816402
          1.221       3.8011282      -62.612913
          1.222       3.8642611      -63.622662
          1.223       3.9283735      -64.561993
          1.224       3.9933851      -65.420987
          1.225       4.0592155      -66.199646
          1.226       4.1257844      -66.897969
          1.227       4.1930114      -67.515957
          1.228       4.2608163      -68.053608
          1.229       4.3291186      -68.510924
           1.23       4.3978381      -69.141326
          1.231       4.4674013      -70.391048
          1.232       4.5386202      -71.971937
          1.233       4.6113452      -73.392175
          1.234       4.6854046      -74.640912
          1.235        4.760627      -75.718147
          1.236       4.8368409       -76.62388
          1.237       4.9138748      -77.358112
          1.238       4.9915571      -77.920842
          1.239       5.0697164      -78.312071
           1.24       5.1481812      -79.032155
          1.241       5.2277807      -80.816519
          1.242       5.3098143      -83.139022
          1.243       5.3940588      -85.230744
          1.244       5.4802758      -87.083973
          1.245       5.5682267      -88.698709
          1.246       5.6576732      -90.074952
          1.247       5.7483766      -91.212703
          1.248       5.8400986      -92.111962
          1.249       5.9326006      -92.772728
           1.25       6.0256441      -93.956701
          1.251        6.120514      -96.702889
          1.252       6.2190498      -100.43282
          1.253       6.3213796      -104.28869
          1.254       6.4276272      -108.26847
          1.255       6.5379165      -112.37214
          1.256       6.6523715      -116.59973
          1.257        6.771116      -120.95121
          1.258       6.8942739       -125.4266
          1.259       7.0219692      -130.02611
           1.26       7.1543261      -136.74781
          1.261       7.2954648      -146.60272
          1.262       7.4475316      -156.24254
          1.263       7.6079499       -163.3058
          1.264       7.7741432       -167.7925
          1.265       7.9435349      -169.70264
          1.266       8.1135485      -169.03622
          1.267       8.2816073      -165.79325
          1.268        8.445135      -159.97372
          1.269       8.6015548      -151.58721
           1.27       8.7483094       -143.8183
          1.271       8.8891914      -140.02009
          1.272       9.0283495      -138.19265
          1.273       9.1655767      -136.15795
          1.274       9.3006654      -133.91598
          1.275       9.4334086      -131.46675
          1.276       9.5635989      -128.81024
          1.277       9.6910291      -125.94647
          1.278       9.8154919      -122.87543
          1.279         9.93678      -127.84089
           1.28       10.071174      -144.39368
          1.281       10.225567      -164.39368
          1.282       10.399961      -184.39368
          1.283       10.594355      -204.39369
          1.284       10.808748      -224.39369
          1.285       11.043142      -244.39368
          1.286       11.297536      -264.39368
          1.287       11.571929      -284.39368
          1.288       11.866323      -304.39368
          1.289       12.180717      -324.39368
           1.29        12.51511      -344.39368
          1.291       12.869504      -364.39369
          1.292       13.243898      -384.39369
          1.293       13.638292      -404.39368
          1.294       14.052685      -424.39368
          1.295       14.487079      -444.39368
          1.296       14.941473      -464.39368
          1.297       15.415866      -484.39368
          1.298        15.91026      -504.39369
          1.299       16.424654      -524.39369
            1.3       16.959047      -544.39368
          1.301       17.513441      -564.39368
          1.302       18.087835      -584.39368
          1.303       18.682228      -604.39368
          1.304       19.296622      -624.39368
          1.305       19.931016      -644.39368
          1.306       20.585409      -664.39369
          1.307       21.259803      -684.39369
          1.308       21.954197      -704.39368
          1.309        22.66859      -724.39368
           1.31       23.402984      -744.39368
          1.311       24.157378      -764.39368
          1.312       24.931771      -784.39368
          1.313       25.726165      -804.39369
          1.314       26.540559      -824.39369
          1.315       27.374953      -844.39368
          1.316       28.229346      -864.39368
          1.317        29.10374      -884.39368
          1.318       29.998134      -904.39368
          1.319       30.912527      -924.39368
           1.32       31.846921      -944.39368
          1.321       32.801315      -964.39369
          1.322       33.775708      -984.39369
          1.323       34.770102      -1004.3937
          1.324       35.784496      -1024.3937
          1.325       36.818889      -1044.3937
          1.326       37.873283      -1064.3937
          1.327       38.947677      -1084.3937
          1.328        40.04207      -1104.3937
          1.329       41.156464      -1124.3937
           1.33       42.290858      -1144.3937
          1.331       43.445251      -1164.3937
          1.332       44.619645      -1184.3937
          1.333       45.814039      -1204.3937
          1.334       47.028432      -1224.3937
          1.335       48.262826      -1244.3937
          1.336        49.51722      -1264.3937
          1.337       50.791614      -1284.3937
          1.338       52.086007      -1304.3937
          1.339       53.400401      -1324.3937
           1.34       54.734795      -1344.3937
          1.341       56.089188      -1364.3937
          1.342       57.463582      -1384.3937
          1.343       58.857976      -1404.3937
          1.344       60.272369      -1424.3937
          1.345       61.706763      -1444.3937
          1.346       63.161157      -1464.3937
          1.347        64.63555      -1484.3937
          1.348       66.129944      -1504.3937
          1.349       67.644338      -1524.3937
           1.35       69.178731      -1544.3937
          1.351       70.733125      -1564.3937
          1.352       72.307519      -1584.3937
          1.353       73.901912      -1604.3937
          1.354       75.516306      -1624.3937
          1.355         77.1507      -1644.3937
          1.356       78.805093      -1664.3937
          1.357       80.479487      -1684.3937
          1.358       82.173881      -1704.3937
          1.359       83.888274      -1724.3937
           1.36       85.622668      -1744.3937
          1.361       87.377062      -1764.3937
          1.362       89.151456      -1784.3937
          1.363       90.945849      -1804.3937
          1.364       92.760243      -1824.3937
          1.365       94.594637      -1844.3937
          1.366        96.44903      -1864.3937
          1.367       98.323424      -1884.3937
          1.368       100.21782      -1904.3937
          1.369       102.13221      -1924.3936
           1.37        104.0666      -1944.3937
          1.371         106.021      -1964.3937
          1.372       107.99539      -1984.3937
          1.373       109.98979      -2004.3936
          1.374       112.00418      -2024.3936
          1.375       114.03857      -2044.3937
          1.376       116.09297      -2064.3937
          1.377       118.16736      -2084.3937
          1.378       120.26175      -2104.3937
          1.379       122.37615      -2124.3936
           1.38       124.51054      -2144.3936
          1.381       126.66494      -2164.3937
          1.382       128.83933      -2184.3937
          1.383       131.03372      -2204.3937
          1.384       133.24812      -2224.3936
          1.385       135.48251      -2244.3936
          1.386        137.7369      -2264.3937
          1.387        140.0113      -2284.3937
          1.388       142.30569      -2304.3937
          1.389       144.62008      -2324.3936
           1.39       146.95448      -2344.3936
          1.391       149.30887      -2364.3937
          1.392       151.68327      -2384.3937
          1.393       154.07766      -2404.3937
          1.394       156.49205      -2424.3937
          1.395       158.92645      -2444.3936
          1.396       161.38084      -2464.3936
          1.397       163.85523      -2484.3937
          1.398       166.34963      -2504.3937
          1.399       168.86402      -2524.3937
            1.4       171.39842      -2524.3937
          1.401       173.91281      -2514.3937
          1.402        176.4272      -2514.3937
          1.403        178.9416      -2514.3937
          1.404       181.45599      -2514.3937
          1.405       183.97038      -2514.3937
          1.406       186.48478      -2514.3937
          1.407       188.99917      -2514.3937
          1.408       191.51357      -2514.3937
          1.409       194.02796      -2514.3937
           1.41       196.54235      -2514.3937
          1.411       199.05675      -2514.3937
          1.412       201.57114      -2514.3937
          1.413       204.08553      -2514.3937
          1.414       206.59993      -2514.3937
          1.415       209.11432      -2514.3937
          1.416       211.62871      -2514.3937
          1.417       214.14311      -2514.3937
          1.418        216.6575      -2514.3937
          1.419        219.1719      -2514.3937
           1.42       221.68629      -2514.3937
          1.421       224.20068      -2514.3937
          1.422       226.71508      -2514.3937
          1.423       229.22947      -2514.3937
          1.424       231.74386      -2514.3937
          1.425       234.25826      -2514.3937
          1.426       236.77265      -2514.3937
          1.427       239.28705      -2514.3937
          1.428       241.80144      -2514.3937
          1.429       244.31583      -2514.3937
           1.43       246.83023      -2514.3937
          1.431       249.34462      -2514.3937
          1.432       251.85901      -2514.3937
          1.433       254.37341      -2514.3937
          1.434        256.8878      -2514.3937
          1.435       259.40219      -2514.3937
          1.436       261.91659      -2514.3937
          1.437       264.43098      -2514.3937
          1.438       266.94538      -2514.3937
          1.439       269.45977      -2514.3937
           1.44       271.97416      -2514.3937
          1.441       274.48856      -2514.3937
          1.442       277.00295      -2514.3937
          1.443       279.51734      -2514.3937
          1.444       282.03174      -2514.3937
          1.445       284.54613      -2514.3937
          1.446       287.06053      -2514.3937
          1.447       289.57492      -2514.3937
          1.448       292.08931      -2514.3937
          1.449       294.60371      -2514.3937
           1.45        297.1181      -2514.3937
          1.451       299.63249      -2514.3937
          1.452       302.14689      -2514.3937
          1.453       304.66128      -2514.3937
          1.454       307.17568      -2514.3937
          1.455       309.69007      -2514.3937
          1.456       312.20446      -2514.3937
          1.457       314.71886      -2514.3937
          1.458       317.23325      -2514.3937
          1.459       319.74764      -2514.3937
           1.46       322.26204      -2514.3937
          1.461       324.77643      -2514.3937
          1.462       327.29082      -2514.3937
          1.463       329.80522      -2514.3937
          1.464       332.31961      -2514.3937
          1.465       334.83401      -2514.3937
          1.466        337.3484      -2514.3937
          1.467       339.86279      -2514.3937
          1.468       342.37719      -2514.3937
          1.469       344.89158      -2514.3937
           1.47       347.40597      -2514.3937
          1.471       349.92037      -2514.3937
          1.472       352.43476      -2514.3937
          1.473       354.94916      -2514.3937
          1.474       357.46355      -2514.3937
          1.475       359.97794      -2514.3937
          1.476       362.49234      -2514.3937
          1.477       365.00673      -2514.3937
          1.478       367.52112      -2514.3937
          1.479       370.03552      -2514.3937
           1.48       372.54991      -2514.3937
          1.481       375.06431      -2514.3937
          1.482        377.5787      -2514.3937
          1.483       380.09309      -2514.3937
          1.484       382.60749      -2514.3937
          1.485       385.12188      -2514.3937
          1.486       387.63627      -2514.3937
          1.487       390.15067      -2514.3937
          1.488       392.66506      -2514.3937
          1.489       395.17945      -2514.3937
           1.49       397.69385      -2514.3937
          1.491       400.20824      -2514.3937
          1.492       402.72264      -2514.3937
          1.493       405.23703      -2514.3937
          1.494       407.75142      -2514.3937
          1.495       410.26582      -2514.3937
          1.496       412.78021      -2514.3937
          1.497        415.2946      -2514.3937
          1.498         417.809      -2514.3937
          1.499       420.32339      -2514.3937
            1.5       422.83779               0
