          0.001       1367.2327       7356.5875
          0.002       1359.8861        7336.587
          0.003       1352.5595       7316.5875
          0.004       1345.2529       7296.5875
          0.005       1337.9664       7276.5875
          0.006       1330.6998       7256.5875
          0.007       1323.4532        7236.587
          0.008       1316.2266       7216.5875
          0.009         1309.02       7196.5875
           0.01       1301.8334       7176.5875
          0.011       1294.6668       7156.5875
          0.012       1287.5202        7136.587
          0.013       1280.3937       7116.5875
          0.014       1273.2871       7096.5875
          0.015       1266.2005       7076.5875
          0.016       1259.1339       7056.5875
          0.017       1252.0873        7036.587
          0.018       1245.0607       7016.5875
          0.019       1238.0541       6996.5875
           0.02       1231.0675       6976.5875
          0.021        1224.101       6956.5875
          0.022       1217.1544        6936.587
          0.023       1210.2278       6916.5875
          0.024       1203.3212       6896.5875
          0.025       1196.4346       6876.5875
          0.026        1189.568       6856.5875
          0.027       1182.7214        6836.587
          0.028       1175.8948       6816.5875
          0.029       1169.0883       6796.5875
           0.03       1162.3017       6776.5875
          0.031       1155.5351       6756.5875
          0.032       1148.7885        6736.587
          0.033       1142.0619       6716.5875
          0.034       1135.3553       6696.5875
          0.035       1128.6687       6676.5875
          0.036       1122.0021       6656.5875
          0.037       1115.3556        6636.587
          0.038        1108.729       6616.5875
          0.039       1102.1224       6596.5875
           0.04       1095.5358       6576.5875
          0.041       1088.9692       6556.5875
          0.042       1082.4226        6536.587
          0.043        1075.896       6516.5875
          0.044       1069.3894       6496.5875
          0.045       1062.9029       6476.5875
          0.046       1056.4363       6456.5875
          0.047       1049.9897        6436.587
          0.048       1043.5631       6416.5875
          0.049       1037.1565       6396.5875
           0.05       1030.7699       6376.5875
          0.051       1024.4033       6356.5875
          0.052       1018.0567        6336.587
          0.053       1011.7302       6316.5875
          0.054       1005.4236       6296.5876
          0.055       999.13698       6276.5872
          0.056       992.87039       6256.5874
          0.057       986.62381       6236.5874
          0.058       980.39722       6216.5874
          0.059       974.19063       6196.5874
           0.06       968.00404       6176.5874
          0.061       961.83746       6156.5874
          0.062       955.69087       6136.5874
          0.063       949.56428       6116.5874
          0.064       943.45769       6096.5874
          0.065       937.37111       6076.5874
          0.066       931.30452       6056.5874
          0.067       925.25793       6036.5874
          0.068       919.23134       6016.5874
          0.069       913.22476       5996.5874
           0.07       907.23817       5976.5874
          0.071       901.27158       5956.5874
          0.072       895.32499       5936.5874
          0.073       889.39841       5916.5874
          0.074       883.49182       5896.5874
          0.075       877.60523       5876.5874
          0.076       871.73864       5856.5874
          0.077       865.89206       5836.5874
          0.078       860.06547       5816.5874
          0.079       854.25888       5796.5874
           0.08        848.4723       5776.5874
          0.081       842.70571       5756.5874
          0.082       836.95912       5736.5874
          0.083       831.23253       5716.5874
          0.084       825.52595       5696.5874
          0.085       819.83936       5676.5874
          0.086       814.17277       5656.5874
          0.087       808.52618       5636.5874
          0.088        802.8996       5616.5874
          0.089       797.29301       5596.5874
           0.09       791.70642       5576.5874
          0.091       786.13983       5556.5874
          0.092       780.59325       5536.5874
          0.093       775.06666       5516.5874
          0.094       769.56007       5496.5874
          0.095       764.07348       5476.5874
          0.096        758.6069       5456.5874
          0.097       753.16031       5436.5874
          0.098       747.73372       5416.5874
          0.099       742.32713       5396.5874
            0.1       736.94055       5376.5874
          0.101       731.57396       5356.5874
          0.102       726.22737       5336.5874
          0.103       720.90078       5316.5874
          0.104        715.5942       5296.5874
          0.105       710.30761       5276.5874
          0.106       705.04102       5256.5874
          0.107       699.79444       5236.5874
          0.108       694.56785       5216.5874
          0.109       689.36126       5196.5874
           0.11       684.17467       5176.5874
          0.111       679.00809       5156.5874
          0.112        673.8615       5136.5874
          0.113       668.73491       5116.5874
          0.114       663.62832       5096.5874
          0.115       658.54174       5076.5874
          0.116       653.47515       5056.5874
          0.117       648.42856       5036.5874
          0.118       643.40197       5016.5874
          0.119       638.39539       4996.5874
           0.12        633.4088       4976.5874
          0.121       628.44221       4956.5874
          0.122       623.49562       4936.5874
          0.123       618.56904       4916.5874
          0.124       613.66245       4896.5874
          0.125       608.77586       4876.5874
          0.126       603.90927       4856.5874
          0.127       599.06269       4836.5874
          0.128        594.2361       4816.5874
          0.129       589.42951       4796.5874
           0.13       584.64293       4776.5874
          0.131       579.87634       4756.5874
          0.132       575.12975       4736.5874
          0.133       570.40316       4716.5874
          0.134       565.69658       4696.5874
          0.135       561.00999       4676.5874
          0.136        556.3434       4656.5874
          0.137       551.69681       4636.5874
          0.138       547.07023       4616.5874
          0.139       542.46364       4596.5874
           0.14       537.87705       4576.5874
          0.141       533.31046       4556.5874
          0.142       528.76388       4536.5874
          0.143       524.23729       4516.5874
          0.144        519.7307       4496.5874
          0.145       515.24411       4476.5874
          0.146       510.77753       4456.5874
          0.147       506.33094       4436.5874
          0.148       501.90435       4416.5874
          0.149       497.49776       4396.5874
           0.15       493.11118       4376.5874
          0.151       488.74459       4356.5874
          0.152         484.398       4336.5874
          0.153       480.07141       4316.5874
          0.154       475.76483       4296.5874
          0.155       471.47824       4276.5874
          0.156       467.21165       4256.5874
          0.157       462.96507       4236.5874
          0.158       458.73848       4216.5874
          0.159       454.53189       4196.5874
           0.16        450.3453       4176.5874
          0.161       446.17872       4156.5874
          0.162       442.03213       4136.5874
          0.163       437.90554       4116.5874
          0.164       433.79895       4096.5874
          0.165       429.71237       4076.5874
          0.166       425.64578       4056.5874
          0.167       421.59919       4036.5874
          0.168        417.5726       4016.5874
          0.169       413.56602       3996.5874
           0.17       409.57943       3976.5874
          0.171       405.61284       3956.5874
          0.172       401.66625       3936.5874
          0.173       397.73967       3916.5874
          0.174       393.83308       3896.5874
          0.175       389.94649       3876.5874
          0.176        386.0799       3856.5874
          0.177       382.23332       3836.5874
          0.178       378.40673       3816.5874
          0.179       374.60014       3796.5874
           0.18       370.81356       3776.5874
          0.181       367.04697       3756.5874
          0.182       363.30038       3736.5874
          0.183       359.57379       3716.5874
          0.184       355.86721       3696.5874
          0.185       352.18062       3676.5874
          0.186       348.51403       3656.5874
          0.187       344.86744       3636.5874
          0.188       341.24086       3616.5874
          0.189       337.63427       3596.5874
           0.19       334.04768       3576.5874
          0.191       330.48109       3556.5874
          0.192       326.93451       3536.5874
          0.193       323.40792       3516.5874
          0.194       319.90133       3496.5874
          0.195       316.41474       3476.5874
          0.196       312.94816       3456.5874
          0.197       309.50157       3436.5874
          0.198       306.07498       3416.5874
          0.199       302.66839       3396.5874
            0.2       299.28181       3376.5874
          0.201       295.91522       3356.5874
          0.202       292.56863       3336.5874
          0.203       289.24204       3316.5874
          0.204       285.93546       3296.5874
          0.205       282.64887       3276.5874
          0.206       279.38228       3256.5874
          0.207        276.1357       3236.5874
          0.208       272.90911       3216.5874
          0.209       269.70252       3196.5874
           0.21       266.51593       3176.5874
          0.211       263.34935       3156.5874
          0.212       260.20276       3136.5874
          0.213       257.07617       3116.5874
          0.214       253.96958       3096.5874
          0.215         250.883       3076.5874
          0.216       247.81641       3056.5874
          0.217       244.76982       3036.5874
          0.218       241.74323       3016.5874
          0.219       238.73665       2996.5874
           0.22       235.75006       2976.5874
          0.221       232.78347       2956.5874
          0.222       229.83688       2936.5874
          0.223        226.9103       2916.5874
          0.224       224.00371       2896.5874
          0.225       221.11712       2876.5874
          0.226       218.25053       2856.5874
          0.227       215.40395       2836.5874
          0.228       212.57736       2816.5874
          0.229       209.77077       2796.5874
           0.23       206.98419       2776.5874
          0.231        204.2176       2756.5874
          0.232       201.47101       2736.5874
          0.233       198.74442       2716.5874
          0.234       196.03784       2696.5874
          0.235       193.35125       2676.5874
          0.236       190.68466       2656.5874
          0.237       188.03807       2636.5874
          0.238       185.41149       2616.5874
          0.239        182.8049       2596.5874
           0.24       180.21831       2576.5874
          0.241       177.65172       2556.5874
          0.242       175.10514       2536.5874
          0.243       172.57855       2516.5874
          0.244       170.07196       2496.5874
          0.245       167.58537       2476.5874
          0.246       165.11879       2456.5874
          0.247        162.6722       2436.5874
          0.248       160.24561       2416.5874
          0.249       157.83902       2396.5874
           0.25       155.45244       2376.5874
          0.251       153.08585       2356.5874
          0.252       150.73926       2336.5874
          0.253       148.41267       2316.5874
          0.254       146.10609       2296.5874
          0.255        143.8195       2276.5874
          0.256       141.55291       2256.5874
          0.257       139.30633       2236.5874
          0.258       137.07974       2216.5874
          0.259       134.87315       2196.5874
           0.26       132.68656       2176.5874
          0.261       130.51998       2156.5874
          0.262       128.37339       2136.5874
          0.263        126.2468       2116.5874
          0.264       124.14021       2096.5874
          0.265       122.05363       2076.5874
          0.266       119.98704       2056.5874
          0.267       117.94045       2036.5874
          0.268       115.91386       2016.5874
          0.269       113.90728       1996.5874
           0.27       111.92069       1976.5874
          0.271        109.9541       1956.5874
          0.272       108.00751       1936.5874
          0.273       106.08093       1916.5874
          0.274       104.17434       1896.5874
          0.275       102.28775       1876.5874
          0.276       100.42116       1856.5874
          0.277       98.574577       1836.5874
          0.278        96.74799       1816.5874
          0.279       94.941402       1796.5874
           0.28       93.154815       1776.5874
          0.281       91.388228       1756.5874
          0.282        89.64164       1736.5874
          0.283       87.915053       1716.5874
          0.284       86.208465       1696.5874
          0.285       84.521878       1676.5874
          0.286       82.855291       1656.5874
          0.287       81.208703       1636.5874
          0.288       79.582116       1616.5874
          0.289       77.975528       1596.5874
           0.29       76.388941       1576.5874
          0.291       74.822354       1556.5874
          0.292       73.275766       1536.5874
          0.293       71.749179       1516.5874
          0.294       70.242591       1496.5874
          0.295       68.756004       1476.5874
          0.296       67.289417       1456.5874
          0.297       65.842829       1436.5874
          0.298       64.416242       1416.5874
          0.299       63.009654       1396.5874
            0.3       61.623067       1376.5874
          0.301        60.25648       1356.5874
          0.302       58.909892       1336.5874
          0.303       57.583305       1316.5874
          0.304       56.276717       1296.5874
          0.305        54.99013       1276.5874
          0.306       53.723543       1256.5874
          0.307       52.476955       1236.5874
          0.308       51.250368       1216.5874
          0.309        50.04378       1196.5874
           0.31       48.857193       1176.5874
          0.311       47.690606       1156.5874
          0.312       46.544018       1136.5874
          0.313       45.417431       1116.5874
          0.314       44.310843       1096.5874
          0.315       43.224256       1076.5874
          0.316       42.157669       1056.5874
          0.317       41.111081       1036.5874
          0.318       40.084494       1016.5874
          0.319       39.077906        996.5874
           0.32       38.091319        976.5874
          0.321       37.124732        956.5874
          0.322       36.178144        936.5874
          0.323       35.251557        916.5874
          0.324       34.344969        896.5874
          0.325       33.458382        876.5874
          0.326       32.591795        856.5874
          0.327       31.745207        836.5874
          0.328        30.91862        816.5874
          0.329       30.112032        796.5874
           0.33       29.325445        776.5874
          0.331       28.558858        756.5874
          0.332        27.81227        736.5874
          0.333       27.085683        716.5874
          0.334       26.379095        696.5874
          0.335       25.692508        676.5874
          0.336       25.025921        656.5874
          0.337       24.379333        636.5874
          0.338       23.752746        616.5874
          0.339       23.146158        596.5874
           0.34       22.559571        576.5874
          0.341       21.992984        556.5874
          0.342       21.446396        536.5874
          0.343       20.919809        516.5874
          0.344       20.413221        496.5874
          0.345       19.926634        476.5874
          0.346       19.460047        456.5874
          0.347       19.013459        436.5874
          0.348       18.586872        416.5874
          0.349       18.180284        396.5874
           0.35       17.793697        376.5874
          0.351        17.42711        356.5874
          0.352       17.080522        336.5874
          0.353       16.753935        316.5874
          0.354       16.447347        296.5874
          0.355        16.16076        276.5874
          0.356       15.894173        256.5874
          0.357       15.647585        236.5874
          0.358       15.420998        216.5874
          0.359        15.21441        196.5874
           0.36       15.027823        176.5874
          0.361       14.861236        156.5874
          0.362       14.714648        136.5874
          0.363       14.588061        116.5874
          0.364       14.481473         96.5874
          0.365       14.394886       80.224295
          0.366       14.321025       75.102615
          0.367       14.244681       77.950505
          0.368       14.165124       81.528455
          0.369       14.081624        85.83647
           0.37       13.993451       90.874555
          0.371       13.899875         96.6427
          0.372       13.800165       103.14091
          0.373       13.693593       110.36918
          0.374       13.579427        118.0429
          0.375       13.457507       124.12216
          0.376       13.331183       127.83049
          0.377       13.201846       130.40898
          0.378       13.070365       132.11992
          0.379       12.937606       132.96331
           0.38       12.804438       132.93915
          0.381       12.671728       132.04744
          0.382       12.540343       130.28817
          0.383       12.411152       127.66136
          0.384       12.285021       124.50132
          0.385       12.162149       122.59709
          0.386       12.039826       122.21886
          0.387       11.917711       121.97877
          0.388       11.795869       121.67343
          0.389       11.674364       121.30285
           0.39       11.553263       120.86702
          0.391        11.43263       120.36593
          0.392       11.312531        119.7996
          0.393       11.193031       119.16803
          0.394       11.074195       118.44376
          0.395       10.956144       117.52484
          0.396       10.839146        116.4398
          0.397       10.723264       115.30281
          0.398        10.60854       114.12505
          0.399       10.495014        112.9065
            0.4       10.382727       111.64716
          0.401        10.27172       110.34703
          0.402       10.162033       109.00612
          0.403       10.053707       107.62443
          0.404        9.946784       106.04957
          0.405       9.8416083       103.82542
          0.406       9.7391332       101.12813
          0.407        9.639352       98.474657
          0.408       9.5421839       95.902066
          0.409       9.4475479       93.410353
           0.41       9.3553632       90.999517
          0.411       9.2655488       88.669561
          0.412        9.178024       86.420481
          0.413       9.0927079        84.25228
          0.414       9.0095195       82.282431
          0.415        8.928143       80.802376
          0.416       8.8479147       79.683088
          0.417       8.7687768       78.605493
          0.418       8.6907037       77.553513
          0.419       8.6136698       76.527147
           0.42       8.5376494       75.526396
          0.421        8.462617       74.551259
          0.422       8.3885469       73.601737
          0.423       8.3154136       72.677829
          0.424       8.2431913       71.808715
          0.425       8.1717961       71.038417
          0.426       8.1011144        70.30671
          0.427       8.0311827       69.536273
          0.428       7.9620419       68.724855
          0.429        7.893733       67.872453
           0.43        7.826297        66.97907
          0.431       7.7597749       66.044704
          0.432       7.6942076       65.069356
          0.433       7.6296361       64.053026
          0.434       7.5661015        62.83471
          0.435       7.5039667       61.158579
          0.436       7.4437844       59.220599
          0.437       7.3855255       57.316644
          0.438       7.3291511       55.451799
          0.439       7.2746219       53.626064
           0.44        7.221899       51.839439
          0.441        7.170943       50.091924
          0.442       7.1217151       48.383518
          0.443        7.074176       46.714223
          0.444       7.0282867       45.134575
          0.445       6.9839069       43.662006
          0.446       6.9409626       42.158945
          0.447        6.899589       40.520328
          0.448        6.859922       38.745559
          0.449       6.8220979       36.834635
           0.45       6.7862527       34.787559
          0.451       6.7525227       32.604329
          0.452       6.7210441       30.284945
          0.453       6.6919528       27.829407
          0.454       6.6653852         25.7334
          0.455        6.640486       24.593958
          0.456       6.6161973       23.977017
          0.457        6.592532       23.346695
          0.458       6.5695039        22.70253
          0.459        6.547127        22.04452
           0.46       6.5254149       21.372665
          0.461       6.5043816       20.686966
          0.462        6.484041       19.987423
          0.463       6.4644068       19.274165
          0.464       6.4454926       18.707536
          0.465       6.4269917       18.412675
          0.466       6.4086673       18.203198
          0.467       6.3905853       17.927796
          0.468       6.3728117       17.586471
          0.469       6.3554124       17.179222
           0.47       6.3384533       16.706048
          0.471       6.3220003       16.166949
          0.472       6.3061194       15.561925
          0.473       6.2908764       14.892124
          0.474       6.2763351       14.313373
          0.475       6.2622497       13.891039
          0.476        6.248553       13.407165
          0.477       6.2354353       12.733107
          0.478       6.2230868       11.868868
          0.479       6.2116976       10.814445
           0.48       6.2014579       9.5698385
          0.481       6.1925579       8.1350495
          0.482       6.1851878        6.510077
          0.483       6.1795378       4.7059005
          0.484        6.175776       3.3712975
          0.485       6.1727952       2.9438215
          0.486       6.1698884        2.871054
          0.487       6.1670531        2.800821
          0.488       6.1642867        2.733123
          0.489       6.1615868         2.66796
           0.49       6.1589508       2.6053315
          0.491       6.1563762        2.545238
          0.492       6.1538603        2.487679
          0.493       6.1514008       2.4336235
          0.494       6.1489931        2.410942
          0.495       6.1465789       2.4257305
          0.496       6.1441416        2.442323
          0.497       6.1416943        2.445859
          0.498       6.1392499       2.4363395
          0.499       6.1368216       2.4137645
            0.5       6.1344224       2.3781335
          0.501       6.1320653        2.329447
          0.502       6.1297635        2.267705
          0.503       6.1275299       2.1915805
          0.504       6.1253803         2.08125
          0.505       6.1233674       1.9487135
          0.506       6.1214829        1.836503
          0.507       6.1196944        1.756654
          0.508       6.1179696       1.7091665
          0.509       6.1162761        1.694039
           0.51       6.1145815        1.711272
          0.511       6.1128535        1.760866
          0.512       6.1110598        1.842821
          0.513       6.1091679        1.955451
          0.514       6.1071489        2.068743
          0.515       6.1050304        2.154542
          0.516       6.1028398       2.2183715
          0.517       6.1005937        2.265584
          0.518       6.0983086         2.29618
          0.519       6.0960013        2.310159
           0.52       6.0936883       2.3075215
          0.521       6.0913863        2.288267
          0.522       6.0891118        2.252396
          0.523       6.0868815        2.201541
          0.524       6.0847087        2.151999
          0.525       6.0825775       2.1066965
          0.526       6.0804953        2.049792
          0.527       6.0784779        1.977183
          0.528       6.0765409       1.8888695
          0.529       6.0747002        1.784852
           0.53       6.0729712         1.66513
          0.531       6.0713699        1.529704
          0.532       6.0699118        1.378573
          0.533       6.0686127       1.2008785
          0.534       6.0675101       0.9238885
          0.535        6.066765        0.566626
          0.536       6.0663768        0.228235
          0.537       6.0663085       -0.073037
          0.538       6.0665229        -0.33719
          0.539       6.0669829      -0.5642245
           0.54       6.0676513        -0.75414
          0.541       6.0684912      -0.9069365
          0.542       6.0694652       -1.022614
          0.543       6.0705364      -1.1030375
          0.544       6.0716713       -1.164943
          0.545       6.0728663      -1.2229055
          0.546       6.0741171       -1.275461
          0.547       6.0754172      -1.3214415
          0.548         6.07676      -1.3608475
          0.549       6.0781389      -1.3936785
           0.55       6.0795473       -1.419934
          0.551       6.0809788       -1.439615
          0.552       6.0824266      -1.4527215
          0.553       6.0838842       -1.484908
          0.554       6.0853964         -1.6427
          0.555       6.0871696       -1.883014
          0.556       6.0891624      -2.0654915
          0.557       6.0913006      -2.1737285
          0.558       6.0935099       -2.207726
          0.559        6.095716       -2.167483
           0.56       6.0978448      -2.0529995
          0.561        6.099822      -1.8642765
          0.562       6.1015734      -1.6013125
          0.563       6.1030247       -1.205954
          0.564       6.1039853       -0.497556
          0.565       6.1040198       0.3990285
          0.566       6.1031872        1.213021
          0.567       6.1015937         1.92099
          0.568       6.0993453       2.5229365
          0.569       6.0965479        3.018861
           0.57       6.0933075        3.408763
          0.571       6.0897303        3.692642
          0.572       6.0859223       3.8704985
          0.573       6.0819893       4.0043125
          0.574       6.0779136       4.2837455
          0.575       6.0734218       4.6586365
          0.576       6.0685964       4.9377655
          0.577       6.0635463        5.107754
          0.578       6.0583809       5.1686015
          0.579       6.0532091        5.120309
           0.58       6.0481402       4.9628765
          0.581       6.0432834        4.696303
          0.582       6.0387476       4.3205895
          0.583       6.0346422       3.8465365
          0.584       6.0310546        3.356204
          0.585       6.0279298        2.947503
          0.586       6.0251595       2.6469825
          0.587       6.0226358       2.4545415
          0.588       6.0202505         2.37018
          0.589       6.0178954        2.393899
           0.59       6.0154627        2.525698
          0.591       6.0128441       2.7655765
          0.592       6.0099315       3.1135355
          0.593        6.006617        3.492874
          0.594       6.0029458       3.7336395
          0.595       5.9991497       3.8842945
          0.596       5.9951772       4.0910745
          0.597       5.9909676        4.358499
          0.598       5.9864602       4.6865685
          0.599       5.9815944       5.0752835
            0.6       5.9763096        5.524643
          0.601       5.9705451        6.034648
          0.602       5.9642403        6.605298
          0.603       5.9573345       7.1409375
          0.604       5.9499584       7.4606945
          0.605       5.9424131        7.621545
          0.606       5.9347154        7.768058
          0.607        5.926877        7.902611
          0.608       5.9189101       8.0252035
          0.609       5.9108266        8.135835
           0.61       5.9026385       8.2345065
          0.611       5.8943576        8.321217
          0.612        5.885996        8.395967
          0.613       5.8775657        8.473891
          0.614       5.8690482       8.5697745
          0.615       5.8604261       8.6592835
          0.616       5.8517297        8.718311
          0.617       5.8429895       8.7467325
          0.618       5.8342362       8.7445475
          0.619       5.8255004        8.711757
           0.62       5.8168127         8.64836
          0.621       5.8082037       8.5543575
          0.622        5.799704        8.429748
          0.623       5.7913442        8.250186
          0.624       5.7832036        8.015925
          0.625       5.7753123       7.7920055
          0.626       5.7676196       7.6188825
          0.627       5.7600746       7.4965675
          0.628       5.7526265        7.425061
          0.629       5.7452245       7.4043635
           0.63       5.7378177       7.4344745
          0.631       5.7303555       7.5153935
          0.632        5.722787        7.647099
          0.633       5.7150613       7.8110665
          0.634       5.7071648       7.9792275
          0.635       5.6991029       8.1525035
          0.636       5.6908598       8.3413805
          0.637       5.6824201       8.5458575
          0.638       5.6737681        8.765934
          0.639       5.6648882       9.0016115
           0.64       5.6557649       9.2528895
          0.641       5.6463824        9.519767
          0.642       5.6367253        9.804089
          0.643       5.6267743       10.318658
          0.644        5.616088       11.176177
          0.645       5.6044219       12.119692
          0.646       5.5918486       12.990509
          0.647       5.5784409       13.788625
          0.648       5.5642714       14.514041
          0.649       5.5494128       15.166759
           0.65       5.5339379       15.746778
          0.651       5.5179193       16.254096
          0.652       5.5014297       16.687404
          0.653       5.4845445       16.990838
          0.654        5.467448        17.17028
          0.655       5.4502039       17.328979
          0.656         5.43279       17.509747
          0.657       5.4151844       17.712585
          0.658       5.3973649       17.937493
          0.659       5.3793094       18.184469
           0.66       5.3609959       18.453516
          0.661       5.3424024        18.74463
          0.662       5.3235067       19.053465
          0.663       5.3042955       19.258083
          0.664       5.2849905       19.312912
          0.665       5.2656696       19.347376
          0.666       5.2462958       19.418882
          0.667       5.2268319       19.527428
          0.668       5.2072409       19.673016
          0.669       5.1874858       19.855645
           0.67       5.1675296       20.075315
          0.671       5.1473352       20.332027
          0.672       5.1268656       20.620439
          0.673       5.1060943       20.837587
          0.674       5.0851904       20.933999
          0.675       5.0642263       20.992451
          0.676       5.0432055       21.047566
          0.677       5.0221312       21.099344
          0.678       5.0010068       21.147785
          0.679       4.9798356        21.19289
           0.68        4.958621       21.234657
          0.681       4.9373663       21.273087
          0.682       4.9160748       21.308546
          0.683       4.8947492       21.346356
          0.684       4.8733821       21.389586
          0.685         4.85197       21.435081
          0.686        4.830512       21.481573
          0.687       4.8090069       21.529065
          0.688       4.7874538       21.577553
          0.689       4.7658518       21.627039
           0.69       4.7441998       21.677523
          0.691       4.7224967       21.729005
          0.692       4.7007417       21.789873
          0.693        4.678917       21.938112
          0.694       4.6568655       22.181667
          0.695       4.6345537       22.439173
          0.696       4.6119872       22.690906
          0.697       4.5891719       22.936868
          0.698       4.5661134       23.177059
          0.699       4.5428177       23.411479
            0.7       4.5192905       23.640128
          0.701       4.4955375       23.863005
          0.702       4.4715645       24.095778
          0.703       4.4473459       24.435907
          0.704       4.4226927       24.847774
          0.705       4.3976504       25.189276
          0.706       4.3723141       25.435727
          0.707       4.3467789       25.587124
          0.708       4.3211399       25.643469
          0.709        4.295492       25.604761
           0.71       4.2699303       25.471002
          0.711         4.24455       25.242189
          0.712        4.219446       24.945692
          0.713       4.1946586       24.745632
          0.714       4.1699547       24.661181
          0.715       4.1453362       24.551196
          0.716       4.1208523       24.392115
          0.717        4.096552       24.183938
          0.718       4.0724844       23.926664
          0.719       4.0486987       23.620294
           0.72       4.0252438       23.264827
          0.721        4.002169       22.860265
          0.722       3.9795233       22.406707
          0.723       3.9573556       21.920979
          0.724       3.9356814       21.441488
          0.725       3.9144726       20.991063
          0.726       3.8936992       20.570844
          0.727       3.8733309       20.180834
          0.728       3.8533376       19.821031
          0.729       3.8336889       19.491436
           0.73       3.8143547       19.192049
          0.731       3.7953048       18.922869
          0.732       3.7765089        18.70355
          0.733       3.7578977       18.598054
          0.734       3.7393128       18.576024
          0.735       3.7207456       18.555782
          0.736       3.7022013       18.530328
          0.737        3.683685        18.49966
          0.738        3.665202       18.463778
          0.739       3.6467574       18.422682
           0.74       3.6283566       18.376373
          0.741       3.6100047       18.324851
          0.742       3.5917069       18.273756
          0.743       3.5734572       18.240741
          0.744       3.5552254       18.223138
          0.745       3.5370109       18.205186
          0.746        3.518815        18.18581
          0.747       3.5006393       18.165009
          0.748        3.482485       18.142783
          0.749       3.4643537       18.119132
           0.75       3.4462467       18.094057
          0.751       3.4281656       18.067557
          0.752       3.4101116       18.029753
          0.753       3.3921061       17.954652
          0.754       3.3742023       17.847178
          0.755       3.3564117       17.729401
          0.756       3.3387435       17.602356
          0.757        3.321207        17.46604
          0.758       3.3038114       17.320456
          0.759       3.2865661       17.165605
           0.76       3.2694802       17.001483
          0.761       3.2525631       16.828093
          0.762       3.2358241       16.643442
          0.763       3.2192763       16.448769
          0.764       3.2029265       16.255392
          0.765       3.1867655       16.071569
          0.766       3.1707834       15.897464
          0.767       3.1549705       15.733078
          0.768       3.1393172       15.578411
          0.769       3.1238137       15.433464
           0.77       3.1084503       15.298234
          0.771       3.0932172       15.172724
          0.772       3.0781048        15.07158
          0.773       3.0630741       15.016045
          0.774       3.0480728       14.987695
          0.775       3.0330987       14.961172
          0.776       3.0181504       14.936145
          0.777       3.0032264       14.912611
          0.778       2.9883252       14.890572
          0.779       2.9734453       14.870028
           0.78       2.9585851       14.850978
          0.781       2.9437433       14.833422
          0.782       2.9289183       14.817294
          0.783       2.9141087       14.799603
          0.784       2.8993191       14.775737
          0.785       2.8845572       14.744008
          0.786       2.8698311       14.704413
          0.787       2.8551484       14.656949
          0.788       2.8405172        14.60162
          0.789       2.8259452       14.538424
           0.79       2.8114403       14.467361
          0.791       2.7970105       14.388431
          0.792       2.7826635       14.246613
          0.793       2.7685172        13.99396
          0.794       2.7546755       13.699942
          0.795       2.7411173        13.42696
          0.796       2.7278216       13.175021
          0.797       2.7147673       12.944124
          0.798       2.7019334       12.734272
          0.799       2.6892988       12.545462
            0.8       2.6768424       12.377695
          0.801       2.6645434       12.231023
          0.802       2.6523804        12.12718
          0.803        2.640289       12.074732
          0.804       2.6282309       12.038536
          0.805       2.6162119       11.996558
          0.806       2.6042378       11.948799
          0.807       2.5923143       11.895256
          0.808       2.5804473       11.835932
          0.809       2.5686425       11.770826
           0.81       2.5569057       11.699938
          0.811       2.5452426       11.623494
          0.812       2.5336587       11.565058
          0.813       2.5221125       11.541427
          0.814       2.5105758       11.530814
          0.815       2.4990509       11.517978
          0.816       2.4875399       11.502919
          0.817        2.476045       11.485638
          0.818       2.4645686       11.466135
          0.819       2.4531128        11.44441
           0.82       2.4416798       11.420462
          0.821       2.4302718       11.393799
          0.822       2.4188922       11.344788
          0.823       2.4075823       11.272302
          0.824       2.3963476       11.207794
          0.825       2.3851667       11.164701
          0.826       2.3740182       11.143025
          0.827       2.3628806       11.142765
          0.828       2.3517326       11.163919
          0.829       2.3405528       11.206489
           0.83       2.3293197       11.270476
          0.831       2.3180118        11.35564
          0.832       2.3066084       11.451857
          0.833       2.2951081       11.542796
          0.834       2.2835228       11.623256
          0.835       2.2718616       11.694485
          0.836       2.2601338       11.756486
          0.837       2.2483486       11.809257
          0.838       2.2365153       11.852797
          0.839        2.224643       11.887109
           0.84       2.2127411        11.91219
          0.841       2.2008187       11.930766
          0.842       2.1888796       11.987068
          0.843       2.1768445       12.086541
          0.844       2.1647065       12.175335
          0.845       2.1524939       12.235661
          0.846       2.1402351        12.26752
          0.847       2.1279588        12.27091
          0.848       2.1156933       12.245832
          0.849       2.1034671       12.192287
           0.85       2.0913088       12.110274
          0.851       2.0792466       12.000807
          0.852       2.0673071       11.881602
          0.853       2.0554834       11.771892
          0.854       2.0437634       11.671864
          0.855       2.0321397        11.57917
          0.856        2.020605       11.493808
          0.857       2.0091521       11.415779
          0.858       1.9977735       11.345083
          0.859       1.9864619       11.281721
           0.86         1.97521       11.225691
          0.861       1.9640105       11.169661
          0.862       1.9528707       11.053239
          0.863        1.941904       10.884726
          0.864       1.9311012       10.742366
          0.865       1.9204193        10.64304
          0.866       1.9098152       10.586749
          0.867       1.8992458       10.573492
          0.868       1.8886682       10.603271
          0.869       1.8780393       10.676083
           0.87        1.867316        10.79193
          0.871       1.8564554       10.938272
          0.872       1.8454395         11.0282
          0.873        1.834399       11.057522
          0.874       1.8233244       11.113009
          0.875        1.812173       11.211254
          0.876       1.8009019       11.352257
          0.877       1.7894685       11.536019
          0.878       1.7778299       11.762538
          0.879       1.7659434       12.031816
           0.88       1.7537662       12.343853
          0.881       1.7412557       12.673872
          0.882       1.7284185       12.876812
          0.883       1.7155021       12.932602
          0.884       1.7025533       12.960942
          0.885       1.6895802       12.981319
          0.886       1.6765907       12.993733
          0.887       1.6635927       12.998185
          0.888       1.6505943       12.994675
          0.889       1.6376034       12.983201
           0.89       1.6246279       12.963765
          0.891       1.6116758       12.939871
          0.892       1.5987481       12.927903
          0.893         1.58582       12.928612
          0.894       1.5728909       12.928147
          0.895       1.5599637       12.924791
          0.896       1.5470413       12.918543
          0.897       1.5341266       12.909402
          0.898       1.5212225       12.897369
          0.899       1.5083319       12.882444
            0.9       1.4954576       12.864626
          0.901       1.4826026       12.832622
          0.902       1.4697924       12.748287
          0.903       1.4571061       12.623167
          0.904       1.4445461       12.499219
          0.905       1.4321076       12.380004
          0.906       1.4197861       12.265522
          0.907       1.4075766       12.155775
          0.908       1.3954745       12.050761
          0.909       1.3834751       11.950481
           0.91       1.3715735       11.854935
          0.911       1.3597652       11.773112
          0.912       1.3480273       11.730394
          0.913       1.3363044       11.718409
          0.914       1.3245905       11.710755
          0.915       1.3128829       11.705796
          0.916       1.3011789       11.703534
          0.917       1.2894758       11.703966
          0.918        1.277771       11.707095
          0.919       1.2660616        11.71292
           0.92       1.2543451       11.721441
          0.921       1.2426188       11.730605
          0.922       1.2308839       11.735065
          0.923       1.2191486       11.735653
          0.924       1.2074126       11.736691
          0.925       1.1956752       11.738371
          0.926       1.1839359       11.740692
          0.927       1.1721939       11.743653
          0.928       1.1604486       11.747255
          0.929       1.1486994       11.751499
           0.93       1.1369456       11.756383
          0.931       1.1251866       11.775728
          0.932       1.1133941       11.831435
          0.933       1.1015237       11.902015
          0.934       1.0895901       11.957197
          0.935       1.0776093       11.996278
          0.936       1.0655975        12.01926
          0.937       1.0535708       12.026141
          0.938       1.0415453       12.016922
          0.939        1.029537       11.991603
           0.94        1.017562       11.950183
          0.941       1.0056366       11.897303
          0.942      0.99376744       11.845079
          0.943      0.98194644       11.797197
          0.944      0.97017305       11.749795
          0.945      0.95844685       11.702807
          0.946      0.94676743       11.656234
          0.947      0.93513438       11.610074
          0.948      0.92354729       11.564328
          0.949      0.91200573       11.518996
           0.95       0.9005093       11.474077
          0.951      0.88905757       11.418883
          0.952      0.87767153       11.339319
          0.953      0.86637893       11.245026
          0.954      0.85518148       11.149092
          0.955      0.84408075       11.051559
          0.956      0.83307836       10.952428
          0.957      0.82217589       10.851698
          0.958      0.81137496        10.74937
          0.959      0.80067715       10.645444
           0.96      0.79008407       10.539919
          0.961      0.77959732       10.451105
          0.962      0.76918186       10.398728
          0.963      0.75879986       10.366497
          0.964      0.74844887       10.336703
          0.965      0.73812645       10.309347
          0.966      0.72783018       10.284427
          0.967       0.7175576       10.261946
          0.968      0.70730629       10.241901
          0.969       0.6970738       10.224294
           0.97       0.6868577       10.209128
          0.971      0.67665554       10.197217
          0.972      0.66646326        10.18702
          0.973       0.6562815       10.174625
          0.974      0.64611401       10.158462
          0.975      0.63596458       10.138533
          0.976      0.62583695       10.114837
          0.977       0.6157349       10.087374
          0.978       0.6056622       10.056144
          0.979      0.59562261       10.021147
           0.98      0.58561991       9.9821702
          0.981      0.57565827       9.9214957
          0.982      0.56577692       9.8305619
          0.983      0.55599715       9.7306663
          0.984      0.54631558       9.6341616
          0.985      0.53672883       9.5410479
          0.986      0.52723349       9.4513252
          0.987      0.51782618       9.3649934
          0.988       0.5085035       9.2820525
          0.989      0.49926207       9.2025027
           0.99       0.4900985       9.1265381
          0.991      0.48100899       9.0622629
          0.992      0.47197397       9.0140529
          0.993      0.46298089       8.9742204
          0.994      0.45402553       8.9386121
          0.995      0.44510366        8.907228
          0.996      0.43621107        8.880068
          0.997      0.42734353       8.8571322
          0.998      0.41849681       8.8384207
          0.999      0.40966669       8.8239332
              1      0.40084894        8.813315
          1.001      0.39204006       8.7975469
          1.002      0.38325385       8.7712785
          1.003       0.3744975       8.7411547
          1.004      0.36577154       8.7105065
          1.005      0.35707649       8.6793338
          1.006      0.34841287       8.6476368
          1.007      0.33978121       8.6154152
          1.008      0.33118204       8.5826693
          1.009      0.32261588       8.5493989
           1.01      0.31408324       8.5122502
          1.011      0.30559138       8.4195561
          1.012      0.29724413       8.2604833
          1.013      0.28907041       8.0911342
          1.014      0.28106186       7.9301306
          1.015      0.27321015       7.7774725
          1.016      0.26550692       7.6331602
          1.017      0.25794383       7.4971932
          1.018      0.25051253       7.3695721
          1.019      0.24320468       7.2502964
           1.02      0.23601194       7.1382104
          1.021      0.22892826       7.0202589
          1.022      0.22197142       6.8938652
          1.023      0.21514053       6.7719992
          1.024      0.20842742       6.6583084
          1.025      0.20182391       6.5527928
          1.026      0.19532184       6.4554524
          1.027      0.18891301       6.3662871
          1.028      0.18258926       6.2852971
          1.029      0.17634242       6.2124824
           1.03       0.1701643       6.1471039
          1.031      0.16404821       6.0809523
          1.032      0.15800239       6.0084361
          1.033      0.15203134       5.9326687
          1.034      0.14613705       5.8548845
          1.035      0.14032157       5.7750834
          1.036      0.13458689       5.6932653
          1.037      0.12893504       5.6094304
          1.038      0.12336803       5.5235788
          1.039      0.11788788       5.4357102
           1.04      0.11249661        5.342716
          1.041      0.10720245       5.2242871
          1.042      0.10204803       5.0816263
          1.043     0.097039194       4.9371915
          1.044      0.09217365        4.795036
          1.045     0.087449122       4.6551599
          1.046      0.08286333       4.5175632
          1.047     0.078413996       4.3822458
          1.048     0.074098839       4.2492079
          1.049      0.06991558       4.1184492
           1.05      0.06586194       3.9886006
          1.051     0.061938379       3.8526239
          1.052     0.058156692       3.7114672
          1.053     0.054515444       3.5728495
          1.054     0.051010993       3.4378729
          1.055     0.047639698       3.3065372
          1.056     0.044397919       3.1788426
          1.057     0.041282013       3.0547889
          1.058     0.038288341       2.9343762
          1.059     0.035413261       2.8176045
           1.06     0.032653132        2.703913
          1.061     0.030005435       2.5908582
          1.062     0.027471416       2.4786076
          1.063      0.02504822       2.3694788
          1.064     0.022732458       2.2637391
          1.065     0.020520741       2.1613885
          1.066     0.018409681        2.062427
          1.067     0.016395887       1.9668546
          1.068     0.014475972       1.8746714
          1.069     0.012646545       1.7858772
           1.07     0.010904217       1.6910843
          1.071    0.0092643761       1.5596693
          1.072    0.0077848787       1.4019812
          1.073    0.0064604136       1.2524034
          1.074     0.005280072       1.1137344
          1.075    0.0042329449      0.98597427
          1.076    0.0033081234      0.86912302
          1.077    0.0024946988      0.76318065
          1.078    0.0017817621      0.66814716
          1.079    0.0011584045      0.58402254
           1.08   0.00061371707      0.48651541
          1.081   0.00018537369      0.30685853
          1.082               0     0.063801734
          1.083   5.7770222e-05     -0.17539788
          1.084   0.00035079576      -0.4067089
          1.085   0.00087118802     -0.63013132
          1.086    0.0016110584     -0.84566514
          1.087    0.0025625183      -1.0533104
          1.088    0.0037176791       -1.253067
          1.089    0.0050686523       -1.444935
           1.09    0.0066075492       -1.663044
          1.091    0.0083947403      -1.9803077
          1.092     0.010568165      -2.3560761
          1.093     0.013106893      -2.7077851
          1.094     0.015983735      -3.0323045
          1.095     0.019171502      -3.3296342
          1.096     0.022643003      -3.5997742
          1.097      0.02637105      -3.8427246
          1.098     0.030328452      -4.0584853
          1.099      0.03448802      -4.2470563
            1.1     0.038822565      -4.4431077
          1.101     0.043374236      -4.7145188
          1.102     0.048251602      -5.0340484
          1.103     0.053442333      -5.3398201
          1.104     0.058931243      -5.6304084
          1.105     0.064703149      -5.9058132
          1.106     0.070742869      -6.1660347
          1.107     0.077035219      -6.4110728
          1.108     0.083565015      -6.6409275
          1.109     0.090317074      -6.8555988
           1.11     0.097276212      -7.1071505
          1.111      0.10453137      -7.4756235
          1.112      0.11222746      -7.9121675
          1.113      0.12035571      -8.3391641
          1.114      0.12890579       -8.755823
          1.115      0.13786736      -9.1621441
          1.116      0.14723008      -9.5581276
          1.117      0.15698361      -9.9437733
          1.118      0.16711762      -10.319081
          1.119      0.17762177      -10.684052
           1.12      0.18848573      -11.104296
          1.121      0.19983037      -11.651056
          1.122      0.21178784      -12.245706
          1.123      0.22432178      -12.803802
          1.124      0.23739544      -13.325159
          1.125      0.25097209      -13.809775
          1.126      0.26501499      -14.257651
          1.127       0.2794874      -14.668787
          1.128      0.29435257      -15.043184
          1.129      0.30957376      -15.380846
           1.13      0.32511426       -15.74815
          1.131      0.34107007      -16.217664
          1.132      0.35754959      -16.736057
          1.133      0.37454218      -17.243801
          1.134      0.39203719      -17.740896
          1.135      0.41002397      -18.227341
          1.136      0.42849187      -18.703137
          1.137      0.44743025      -19.168283
          1.138      0.46682844      -19.622781
          1.139      0.48667581      -20.066928
           1.14       0.5069623       -20.57048
          1.141      0.52781677      -21.188677
          1.142      0.54933965      -21.854813
          1.143      0.57152639      -22.516391
          1.144      0.59437243      -23.173412
          1.145      0.61787322      -23.825876
          1.146      0.64202418      -24.473782
          1.147      0.66682078      -25.117131
          1.148      0.69225844      -25.755922
          1.149      0.71833262      -26.390474
           1.15      0.74503939      -27.042238
          1.151       0.7724171      -27.718603
          1.152       0.8004766      -28.390658
          1.153      0.82919842      -29.043241
          1.154      0.85856308      -29.676351
          1.155      0.88855112      -30.289989
          1.156      0.91914306      -30.884155
          1.157      0.95031943      -31.458849
          1.158      0.98206076       -32.01407
          1.159       1.0143476      -32.549538
           1.16       1.0471598       -33.05968
          1.161       1.0804669       -33.55695
          1.162       1.1142737      -34.066305
          1.163       1.1485995      -34.594957
          1.164       1.1834636      -35.142908
          1.165       1.2188854      -35.710156
          1.166        1.254884      -36.296703
          1.167       1.2914788      -36.902546
          1.168        1.328689      -37.527687
          1.169       1.3665341      -38.169956
           1.17        1.405029      -38.781939
          1.171        1.444098      -39.347414
          1.172       1.4837238      -39.915044
          1.173       1.5239281      -40.504478
          1.174       1.5647327      -41.115715
          1.175       1.6061595      -41.748755
          1.176       1.6482303      -42.403599
          1.177       1.6909667      -43.080247
          1.178       1.7343907      -43.778697
          1.179       1.7785241      -44.491965
           1.18       1.8233747      -45.112178
          1.181       1.8687485      -45.598587
          1.182       1.9145718      -46.044803
          1.183       1.9608381      -46.484305
          1.184       2.0075405      -46.917093
          1.185       2.0546723      -47.343167
          1.186       2.1022268      -47.762528
          1.187       2.1501973      -48.175176
          1.188       2.1985771      -48.581109
          1.189       2.2473595      -48.978262
           1.19       2.2965337      -49.347301
          1.191       2.3460541      -49.692697
          1.192       2.3959191      -50.042775
          1.193       2.4461397      -50.404123
          1.194       2.4967273      -50.776742
          1.195       2.5476932      -51.160631
          1.196       2.5990486      -51.555791
          1.197       2.6508048      -51.962221
          1.198        2.702973       -52.37992
          1.199       2.7555646      -52.817871
            1.2       2.8086088      -53.346345
          1.201       2.8622573      -53.958227
          1.202       2.9165252      -54.567081
          1.203       2.9713914      -55.154874
          1.204        3.026835      -55.721609
          1.205       3.0828347      -56.267283
          1.206       3.1393695      -56.791898
          1.207       3.1964185      -57.295453
          1.208       3.2539604      -57.777948
          1.209       3.3119744      -58.257526
           1.21       3.3704755      -58.847862
          1.211       3.4296701      -59.540661
          1.212       3.4895568      -60.210262
          1.213       3.5500906      -60.834831
          1.214       3.6112265      -61.414369
          1.215       3.6729193      -61.948875
          1.216       3.7351242      -62.438351
          1.217        3.797796      -62.882796
          1.218       3.8608898       -63.28221
          1.219       3.9243605      -63.681621
           1.22       3.9882531      -64.308153
          1.221       4.0529768      -65.139648
          1.222       4.1185323      -65.938828
          1.223       4.1848544      -66.672657
          1.224       4.2518777      -67.341138
          1.225       4.3195367      -67.944269
          1.226       4.3877662       -68.48205
          1.227       4.4565008      -68.954481
          1.228       4.5256752      -69.361564
          1.229       4.5952239        -69.8425
           1.23       4.6653602      -70.944096
          1.231       4.7371121      -72.530905
          1.232        4.810422      -73.996415
          1.233        4.885105      -75.277164
          1.234       4.9609763      -76.373153
          1.235       5.0378513      -77.284383
          1.236       5.1155451      -78.010852
          1.237        5.193873      -78.552561
          1.238       5.2726502       -78.90951
          1.239        5.351692      -79.298864
           1.24       5.4312479      -80.509385
          1.241       5.5127108      -82.523505
          1.242       5.5962949      -84.697214
          1.243       5.6821052      -86.975669
          1.244       5.7702463      -89.358871
          1.245       5.8608229      -91.846819
          1.246       5.9539399      -94.439514
          1.247       6.0497019      -97.136954
          1.248       6.1482138      -99.939142
          1.249       6.2495802      -103.68112
           1.25        6.355576       -110.1361
          1.251       6.4698524      -117.62038
          1.252       6.5908168      -123.37289
          1.253       6.7165982      -127.25444
          1.254       6.8453257      -129.26503
          1.255       6.9751283      -129.40465
          1.256        7.104135      -127.67332
          1.257       7.2304749      -124.07103
          1.258        7.352277      -118.59777
          1.259       7.4676704       -112.4663
           1.26       7.5772096      -108.81293
          1.261       7.6852963      -107.38336
          1.262       7.7919763      -105.91022
          1.263       7.8971167      -104.30404
          1.264       8.0005844      -102.56483
          1.265       8.1022464      -100.69258
          1.266       8.2019696      -98.687299
          1.267        8.299621      -96.548982
          1.268       8.3950676      -94.277629
          1.269       8.4881763      -99.255456
           1.27       8.5935785      -115.40222
          1.271       8.7189807      -135.40222
          1.272       8.8643829      -155.40222
          1.273       9.0297851      -175.40222
          1.274       9.2151873      -195.40222
          1.275       9.4205896      -215.40222
          1.276       9.6459918      -235.40222
          1.277        9.891394      -255.40222
          1.278       10.156796      -275.40222
          1.279       10.442198      -295.40222
           1.28       10.747601      -315.40222
          1.281       11.073003      -335.40222
          1.282       11.418405      -355.40222
          1.283       11.783807      -375.40222
          1.284        12.16921      -395.40222
          1.285       12.574612      -415.40222
          1.286       13.000014      -435.40222
          1.287       13.445416      -455.40222
          1.288       13.910818      -475.40222
          1.289       14.396221      -495.40222
           1.29       14.901623      -515.40222
          1.291       15.427025      -535.40222
          1.292       15.972427      -555.40221
          1.293        16.53783      -575.40221
          1.294       17.123232      -595.40222
          1.295       17.728634      -615.40222
          1.296       18.354036      -635.40222
          1.297       18.999438      -655.40222
          1.298       19.664841      -675.40222
          1.299       20.350243      -695.40222
            1.3       21.055645      -715.40222
          1.301       21.781047      -735.40222
          1.302       22.526449      -755.40221
          1.303       23.291852      -775.40221
          1.304       24.077254      -795.40222
          1.305       24.882656      -815.40222
          1.306       25.708058      -835.40222
          1.307       26.553461      -855.40222
          1.308       27.418863      -875.40222
          1.309       28.304265      -895.40222
           1.31       29.209667      -915.40222
          1.311       30.135069      -935.40222
          1.312       31.080472      -955.40221
          1.313       32.045874      -975.40221
          1.314       33.031276      -995.40222
          1.315       34.036678      -1015.4022
          1.316       35.062081      -1035.4022
          1.317       36.107483      -1055.4022
          1.318       37.172885      -1075.4022
          1.319       38.258287      -1095.4022
           1.32       39.363689      -1115.4022
          1.321       40.489092      -1135.4022
          1.322       41.634494      -1155.4022
          1.323       42.799896      -1175.4022
          1.324       43.985298      -1195.4022
          1.325       45.190701      -1215.4022
          1.326       46.416103      -1235.4022
          1.327       47.661505      -1255.4022
          1.328       48.926907      -1275.4022
          1.329       50.212309      -1295.4022
           1.33       51.517712      -1315.4022
          1.331       52.843114      -1335.4022
          1.332       54.188516      -1355.4022
          1.333       55.553918      -1375.4022
          1.334        56.93932      -1395.4022
          1.335       58.344723      -1415.4022
          1.336       59.770125      -1435.4022
          1.337       61.215527      -1455.4022
          1.338       62.680929      -1475.4022
          1.339       64.166332      -1495.4022
           1.34       65.671734      -1515.4022
          1.341       67.197136      -1535.4022
          1.342       68.742538      -1555.4022
          1.343        70.30794      -1575.4022
          1.344       71.893343      -1595.4022
          1.345       73.498745      -1615.4022
          1.346       75.124147      -1635.4022
          1.347       76.769549      -1655.4022
          1.348       78.434952      -1675.4022
          1.349       80.120354      -1695.4022
           1.35       81.825756      -1715.4022
          1.351       83.551158      -1735.4022
          1.352        85.29656      -1755.4022
          1.353       87.061963      -1775.4022
          1.354       88.847365      -1795.4022
          1.355       90.652767      -1815.4022
          1.356       92.478169      -1835.4022
          1.357       94.323572      -1855.4022
          1.358       96.188974      -1875.4022
          1.359       98.074376      -1895.4022
           1.36       99.979778      -1915.4022
          1.361       101.90518      -1935.4022
          1.362       103.85058      -1955.4022
          1.363       105.81598      -1975.4022
          1.364       107.80139      -1995.4022
          1.365       109.80679      -2015.4023
          1.366       111.83219      -2035.4023
          1.367       113.87759      -2055.4022
          1.368         115.943      -2075.4022
          1.369        118.0284      -2095.4022
           1.37        120.1338      -2115.4023
          1.371        122.2592      -2135.4023
          1.372        124.4046      -2155.4022
          1.373       126.57001      -2175.4022
          1.374       128.75541      -2195.4022
          1.375       130.96081      -2215.4023
          1.376       133.18621      -2235.4023
          1.377       135.43162      -2255.4022
          1.378       137.69702      -2275.4022
          1.379       139.98242      -2295.4022
           1.38       142.28782      -2315.4022
          1.381       144.61322      -2335.4023
          1.382       146.95863      -2355.4023
          1.383       149.32403      -2375.4022
          1.384       151.70943      -2395.4022
          1.385       154.11483      -2415.4022
          1.386       156.54024      -2435.4023
          1.387       158.98564      -2455.4023
          1.388       161.45104      -2475.4022
          1.389       163.93644      -2495.4022
           1.39       166.44184      -2515.4022
          1.391       168.96725      -2535.4023
          1.392       171.51265      -2555.4023
          1.393       174.07805      -2575.4022
          1.394       176.66345      -2595.4022
          1.395       179.26886      -2615.4022
          1.396       181.89426      -2635.4023
          1.397       184.53966      -2655.4023
          1.398       187.20506      -2675.4022
          1.399       189.89046      -2695.4022
            1.4       192.59587      -2695.4022
          1.401       195.28127      -2685.4022
          1.402       197.96667      -2685.4022
          1.403       200.65207      -2685.4022
          1.404       203.33748      -2685.4022
          1.405       206.02288      -2685.4022
          1.406       208.70828      -2685.4022
          1.407       211.39368      -2685.4022
          1.408       214.07908      -2685.4022
          1.409       216.76449      -2685.4022
           1.41       219.44989      -2685.4022
          1.411       222.13529      -2685.4022
          1.412       224.82069      -2685.4022
          1.413        227.5061      -2685.4022
          1.414        230.1915      -2685.4022
          1.415        232.8769      -2685.4022
          1.416        235.5623      -2685.4022
          1.417        238.2477      -2685.4022
          1.418       240.93311      -2685.4022
          1.419       243.61851      -2685.4022
           1.42       246.30391      -2685.4022
          1.421       248.98931      -2685.4022
          1.422       251.67472      -2685.4022
          1.423       254.36012      -2685.4022
          1.424       257.04552      -2685.4022
          1.425       259.73092      -2685.4022
          1.426       262.41632      -2685.4022
          1.427       265.10173      -2685.4022
          1.428       267.78713      -2685.4022
          1.429       270.47253      -2685.4022
           1.43       273.15793      -2685.4022
          1.431       275.84334      -2685.4022
          1.432       278.52874      -2685.4022
          1.433       281.21414      -2685.4022
          1.434       283.89954      -2685.4022
          1.435       286.58494      -2685.4022
          1.436       289.27035      -2685.4022
          1.437       291.95575      -2685.4022
          1.438       294.64115      -2685.4022
          1.439       297.32655      -2685.4022
           1.44       300.01195      -2685.4022
          1.441       302.69736      -2685.4022
          1.442       305.38276      -2685.4022
          1.443       308.06816      -2685.4022
          1.444       310.75356      -2685.4022
          1.445       313.43897      -2685.4022
          1.446       316.12437      -2685.4022
          1.447       318.80977      -2685.4022
          1.448       321.49517      -2685.4022
          1.449       324.18057      -2685.4022
           1.45       326.86598      -2685.4022
          1.451       329.55138      -2685.4022
          1.452       332.23678      -2685.4022
          1.453       334.92218      -2685.4022
          1.454       337.60759      -2685.4022
          1.455       340.29299      -2685.4022
          1.456       342.97839      -2685.4022
          1.457       345.66379      -2685.4022
          1.458       348.34919      -2685.4022
          1.459        351.0346      -2685.4022
           1.46          353.72      -2685.4022
          1.461        356.4054      -2685.4022
          1.462        359.0908      -2685.4022
          1.463       361.77621      -2685.4022
          1.464       364.46161      -2685.4022
          1.465       367.14701      -2685.4022
          1.466       369.83241      -2685.4022
          1.467       372.51781      -2685.4022
          1.468       375.20322      -2685.4022
          1.469       377.88862      -2685.4022
           1.47       380.57402      -2685.4022
          1.471       383.25942      -2685.4022
          1.472       385.94483      -2685.4022
          1.473       388.63023      -2685.4022
          1.474       391.31563      -2685.4022
          1.475       394.00103      -2685.4022
          1.476       396.68643      -2685.4022
          1.477       399.37184      -2685.4022
          1.478       402.05724      -2685.4022
          1.479       404.74264      -2685.4022
           1.48       407.42804      -2685.4022
          1.481       410.11345      -2685.4022
          1.482       412.79885      -2685.4022
          1.483       415.48425      -2685.4022
          1.484       418.16965      -2685.4022
          1.485       420.85505      -2685.4022
          1.486       423.54046      -2685.4022
          1.487       426.22586      -2685.4022
          1.488       428.91126      -2685.4022
          1.489       431.59666      -2685.4022
           1.49       434.28206      -2685.4022
          1.491       436.96747      -2685.4022
          1.492       439.65287      -2685.4022
          1.493       442.33827      -2685.4022
          1.494       445.02367      -2685.4022
          1.495       447.70908      -2685.4022
          1.496       450.39448      -2685.4022
          1.497       453.07988      -2685.4022
          1.498       455.76528      -2685.4022
          1.499       458.45068      -2685.4022
            1.5       461.13609               0
