          0.002       41685.966       1005374.2
          0.004       39723.689       958044.15
          0.006        37853.79       912942.29
          0.008        36071.92       869963.69
           0.01       34373.935       829008.41
          0.012       32755.886       789981.17
          0.014        31214.01       752791.21
          0.016       29744.721       717352.06
          0.018       28344.602       683581.26
           0.02       27010.396        651400.3
          0.022       25739.001       620734.32
          0.024       24527.459       591512.01
          0.026       23372.953       563665.39
          0.028       22272.798        537129.7
           0.03       21224.434       511843.24
          0.032       20225.425        487747.2
          0.034       19273.445       464785.52
          0.036       18366.283        442904.8
          0.038       17501.826       422054.17
           0.04       16678.066       402185.12
          0.042       15893.086       383251.45
          0.044        15145.06       365209.11
          0.046       14432.249       348016.16
          0.048       13752.995        331632.6
           0.05       13105.719       316020.33
          0.052       12488.914       301143.03
          0.054       11901.147       286966.12
          0.056        11341.05       273456.61
          0.058        10807.32       260583.09
           0.06       10298.717       248315.62
          0.062       9814.0578       236625.66
          0.064       9352.2146       225486.03
          0.066       8912.1136       214870.83
          0.068       8492.7313       204755.35
           0.07       8093.0922       195116.08
          0.072        7712.267        185930.6
          0.074       7349.3699       177177.54
          0.076       7003.5568       168836.55
          0.078       6674.0236       160888.23
           0.08       6360.0039       153314.09
          0.082       6060.7673       146096.52
          0.084       5775.6178       139218.74
          0.086       5503.8923       132664.73
          0.088       5244.9589       126419.28
           0.09       4998.2152       120467.83
          0.092       4763.0875       114796.57
          0.094       4539.0289       109392.29
          0.096       4325.5184       104242.43
          0.098       4122.0592       99335.005
            0.1       3928.1783        94658.61
          0.102       3743.4248       90202.366
          0.104       3567.3689       85955.908
          0.106       3399.6012       81909.361
          0.108       3239.7314       78053.313
           0.11       3087.3879       74378.796
          0.112       2942.2163       70877.265
          0.114       2803.8788       67540.575
          0.116        2672.054       64360.967
          0.118        2546.435       61331.045
           0.12       2426.7298       58443.762
          0.122       2312.6599       55692.405
          0.124       2203.9602       53070.573
          0.126       2100.3776       50572.169
          0.128       2001.6715       48191.382
           0.13       1907.6121       45922.676
          0.132       1817.9808       43760.774
          0.134        1732.569       41700.647
          0.136       1651.1782       39737.505
          0.138        1573.619       37866.782
           0.14       1499.7111       36084.128
          0.142       1429.2825       34385.395
          0.144       1362.1695       32766.633
          0.146        1298.216       31224.078
          0.148       1237.2732       29754.142
           0.15       1179.1994       28353.406
          0.152       1123.8595       27018.612
          0.154       1071.1249       25746.657
          0.156       1020.8729       24534.581
          0.158       972.98661       23379.566
           0.16       927.35465       22278.926
          0.162       883.87091       21230.101
          0.164       842.43425       20230.651
          0.166       802.94831       19278.252
          0.168       765.32124        18370.69
           0.17       729.46555       17505.853
          0.172       695.29783        16681.73
          0.174       662.73863       15896.404
          0.176       631.71221       15148.048
          0.178       602.14643       14434.924
           0.18       573.97252       13755.371
          0.182       547.12495       13107.809
          0.184       521.54129       12490.732
          0.186       497.16202       11902.706
          0.188       473.93046       11342.362
           0.19       451.79257       10808.398
          0.192       430.69687       10299.571
          0.194       410.59429       9814.6976
          0.196       391.43808        9352.651
          0.198       373.18369       8912.3561
            0.2       355.78866        8492.789
          0.202       339.21253       8092.9739
          0.204       323.41676       7711.9809
          0.206       308.36461       7348.9239
          0.208       294.02106       7002.9585
           0.21       280.35277       6673.2801
          0.212       267.32794       6359.1221
          0.214       254.91628       6059.7536
          0.216       243.08893       5774.4785
          0.218       231.81837       5502.6334
           0.22        221.0784       5243.5858
          0.222       210.84403       4996.7334
          0.224       201.09146       4761.5022
          0.226       191.79802       4537.3449
          0.228       182.94208       4323.7402
           0.23       174.50306       4120.1915
          0.232       166.46132       3926.2252
          0.234       158.79816       3741.3902
          0.236       151.49576       3565.2568
          0.238       144.53713       3397.4151
           0.24        137.9061        3237.475
          0.242       131.58723       3085.0644
          0.244       125.56584       2939.8288
          0.246       119.82791       2801.4304
          0.248       114.36012       2669.5474
           0.25       109.14973       2543.8731
          0.252       104.18462       2424.1152
          0.254       99.453265        2309.995
          0.256       94.944644       2201.2474
          0.258       90.648275       2097.6192
           0.26       86.554167       1998.8696
          0.262       82.652797       1904.7688
          0.264       78.935092        1815.098
          0.266       75.392405       1729.6486
          0.268       72.016497       1648.2219
           0.27       68.799517       1570.6285
          0.272       65.733983        1496.688
          0.274       62.812765       1426.2284
          0.276       60.029069       1359.0859
          0.278       57.376422       1295.1042
           0.28       54.848653       1234.1345
          0.282       52.439883       1176.0352
          0.284       50.144512       1120.6709
          0.286         47.9572       1067.9131
          0.288       45.872859        1017.639
           0.29       43.886644       969.73155
          0.292       41.993933       924.07949
          0.294       40.190326       880.57659
          0.296       38.471627       1595.3567
          0.298       33.808899       2225.8643
            0.3        29.56817       977.46975
          0.302        29.89902       679.87993
          0.304        26.84865       1047.6982
          0.306       25.708227       903.99211
          0.308       23.232681        1048.112
           0.31       21.515779       688.20862
          0.312       20.479847        663.8708
          0.314       18.860296       615.27661
          0.316       18.018741       364.90567
          0.318       17.400673       572.73796
           0.32       15.727789       560.38815
          0.322        15.15912       372.16261
          0.324       14.239138       467.05092
          0.326       13.290917       507.92425
          0.328       12.207441       363.84412
           0.33        11.83554       307.80295
          0.332       10.976229       373.29762
          0.334        10.34235       286.51172
          0.336       9.8301826       262.96289
          0.338       9.2904981       281.01274
           0.34       8.7061316        281.7204
          0.342       8.1636165       263.25704
          0.344       7.6531034       215.52946
          0.346       7.3014987       207.65094
          0.348       6.8224997        203.7637
           0.35       6.4864439       182.12276
          0.352       6.0940087       198.06242
          0.354       5.6941942       166.96798
          0.356       5.4261367       142.97813
          0.358       5.1222817       155.40702
           0.36       4.8045086       159.27481
          0.362       4.4851825       125.36899
          0.364       4.3030327       97.899771
          0.366       4.0935834       112.33028
          0.368       3.8537116       101.89413
           0.37       3.6860069       105.20737
          0.372       3.4328821        114.1788
          0.374       3.2292917        86.96435
          0.376       3.0850247         69.7701
          0.378       2.9502113       62.519325
           0.38       2.8349474       71.536246
          0.382       2.6640663       86.610827
          0.384       2.4885041       70.342325
          0.386        2.382697       60.265346
          0.388       2.2474427        73.14452
           0.39       2.0901189       57.854162
          0.392        2.016026       38.418492
          0.394        1.936445       38.887319
          0.396       1.8604768       45.386644
          0.398       1.7548984       43.727387
            0.4       1.6855672       45.645162
          0.402       1.5723177       55.225789
          0.404       1.4646641       48.775186
          0.406        1.377217       18.979919
          0.408       1.3887444       25.937371
           0.41       1.2734675       58.894533
          0.412       1.1531663       44.364064
          0.414       1.0960113       29.393291
          0.416       1.0355931       31.022335
          0.418      0.97192192        44.55159
           0.42      0.85738673       37.537964
          0.422      0.82177007       16.628787
          0.424      0.79087158       20.596527
          0.426      0.73938396       31.122994
          0.428      0.66637961       43.823839
           0.43       0.5640886       33.186398
          0.432      0.53363401       28.802597
          0.434      0.44887821       22.293317
          0.436      0.44446074       7.6290513
          0.438      0.41836201       26.163619
           0.44      0.33980627       27.594801
          0.442       0.3079828       20.677823
          0.444      0.25709498       29.045842
          0.446      0.19179943       14.385227
          0.448      0.19955407       17.726431
           0.45      0.12089371       19.099004
          0.452      0.12315806       13.571489
          0.454     0.066607755       18.827924
          0.456     0.047846361       17.277383
          0.458   -0.0025017782       12.428947
           0.46   -0.0018694256        12.95252
          0.462    -0.054311856       19.689939
          0.464    -0.080629181       4.2858379
          0.466    -0.071455208       6.2700077
          0.468     -0.10570921       16.200742
           0.47     -0.13625817       10.052535
          0.472     -0.14591935       8.7053123
          0.474     -0.17107942        2.180117
          0.476     -0.15463982       14.309654
          0.478     -0.22831804       13.166511
           0.48     -0.20730586      -6.3413485
          0.482     -0.20295265       12.793695
          0.484     -0.25848064       8.0638254
          0.486     -0.23520795      -9.6130545
          0.488     -0.22002843       1.5829563
           0.49     -0.24153977       9.6160564
          0.492     -0.25849265      -2.8551013
          0.494     -0.23011937      -9.4826249
          0.496     -0.22056215       5.0842853
          0.498     -0.25045651       0.5821409
            0.5     -0.22289072      -6.2146741
          0.502     -0.22559781      -2.7499421
          0.504     -0.21189095       1.7420803
          0.506     -0.23256613     -0.50184545
          0.508     -0.20988357      -14.216074
           0.51     -0.17570183       4.8716759
          0.512     -0.22937027       1.1486393
          0.514     -0.18029639     -0.47347255
          0.516     -0.22747638       -3.570221
          0.518     -0.16601551      -7.4259423
           0.52     -0.19777261      -15.816535
          0.522     -0.10274937      -21.305619
          0.524     -0.11255013         2.77063
          0.526     -0.11383189      -1.8862761
          0.528     -0.10500503      -7.9480792
           0.53    -0.082039573      -17.126229
          0.532    -0.036500114       -13.53806
          0.534    -0.027887334      -9.8383512
          0.536    0.0028532909      -1.3653165
          0.538    -0.022426068      -2.4153381
           0.54     0.012514643      -1.9934382
          0.542    -0.014452315      -7.1191734
          0.544     0.040991337      -20.053113
          0.546     0.065760136       -5.207463
          0.548     0.061821189      -4.6593094
           0.55     0.084397373      -7.4721784
          0.552     0.091709902      -12.379588
          0.554      0.13391572      -3.8988684
          0.556      0.10730538       4.8226434
          0.558      0.11462515     -0.32035927
           0.56      0.10858681      -11.418695
          0.562      0.16029993      -25.685314
          0.564      0.21132807       -12.01683
          0.566      0.20836725      0.73532423
          0.568      0.20838677       -14.39902
           0.57      0.26596333      -12.654529
          0.572      0.25900489      -7.5097176
          0.574       0.2960022      -3.1575407
          0.576      0.27163505      -2.0446545
          0.578      0.30418082      -16.128819
           0.58      0.33615033      -11.929306
          0.582      0.35189805      -5.8317604
          0.584      0.35947737       4.2545174
          0.586      0.33487998      -5.0931419
          0.588      0.37984994      -17.226338
           0.59      0.40378533       -1.908637
          0.592      0.38748448      -5.3043617
          0.594      0.42500277      -6.6290582
          0.596      0.41400072      -7.7758982
          0.598      0.45610637      -14.685504
            0.6      0.47274273      -2.4219169
          0.602      0.46579404      -5.5559862
          0.604      0.49496668      -3.9068021
          0.606      0.48142124      -12.829095
          0.608      0.54628305      -8.6417745
           0.61      0.51598834       2.6419353
          0.612      0.53571531       3.0743689
          0.614      0.50369087       12.971289
          0.616      0.48383016      -3.9094755
          0.618      0.51932877      -18.466761
           0.62       0.5576972      -14.949178
          0.622      0.57912548       9.2424826
          0.624      0.52072727       5.7993387
          0.626      0.55592813      -10.385606
          0.628       0.5622697      -4.1256722
           0.63      0.57243081      -7.4988439
          0.632      0.59226507       5.2495809
          0.634      0.55143249       6.9456331
          0.636      0.56448254      -0.2665877
          0.638      0.55249884     -0.31079395
           0.64      0.56572571      -3.0729811
          0.642      0.56479077      0.58573522
          0.644      0.56338277      -7.3452109
          0.646      0.59417161      -1.5142948
          0.648      0.56943995       8.3205812
           0.65      0.56088928       2.7330832
          0.652      0.55850762      -4.0862927
          0.654      0.57723446      -2.6758329
          0.656      0.56921095       11.376708
          0.658      0.53172762      -4.2631414
           0.66      0.58626352       -9.151783
          0.662      0.56833475       5.9649899
          0.664      0.56240356       2.2283853
          0.666      0.55942121      0.98077322
          0.668      0.55848046     -0.27392625
           0.67      0.56051692        3.035627
          0.672      0.54633796     -0.89171855
          0.674      0.56408379      -2.2937138
          0.676      0.55551281      0.56211857
          0.678      0.56183532       5.9162581
           0.68      0.53184778       5.4515399
          0.682      0.54002916      -8.1962481
          0.684      0.56463277       0.2756163
          0.686      0.53892669        7.518713
          0.688      0.53455792        2.248185
           0.69      0.52993395      -0.6674708
          0.692       0.5372278      -1.5529426
          0.694      0.53614572       8.9927184
          0.696      0.50125693       1.3642737
          0.698      0.53068863       7.3378914
            0.7      0.47190536       5.7655317
          0.702       0.5076265      -8.7326445
          0.704      0.50683594       8.3694924
          0.706      0.47414853       10.637344
          0.708      0.46428657       3.3863432
           0.71      0.46060316       6.1253394
          0.712      0.43978521       5.6533466
          0.714      0.43798977       3.9749714
          0.716      0.42388532       3.0045137
          0.718      0.42597172       5.4632509
           0.72      0.40203232       7.1747205
          0.722      0.39727284        2.620468
          0.724      0.39155045       2.3251965
          0.726      0.38797205        1.864108
          0.728      0.38409401      0.83267445
           0.73      0.38464135       2.5394097
          0.732      0.37393638       15.190065
          0.734      0.32388109       5.6965839
          0.736      0.35115004      -4.6599144
          0.738      0.34252075       4.7604151
           0.74      0.33210838       8.9818355
          0.742      0.30659341       11.046485
          0.744      0.28792244       6.7056033
          0.746      0.27977099      -1.0419713
          0.748      0.29209032         2.09784
           0.75      0.27137963       5.1952741
          0.752      0.27130923       2.9223293
          0.754      0.25969032       7.6956606
          0.756      0.24052659      -0.9163399
          0.758      0.26335568       1.3523843
           0.76      0.23511705     -0.39268865
          0.762      0.26492643      -2.6197483
          0.764      0.24559604       9.6038915
          0.766      0.22651086       5.5586918
          0.768      0.22336127       2.5219965
           0.77      0.21642288       5.1219603
          0.772      0.20287343       2.9064428
          0.774      0.20479711      -1.4046192
          0.776      0.20849191       2.2868647
          0.778      0.19564965       8.5438075
           0.78      0.17431668       8.9491547
          0.782      0.15985303       1.3340365
          0.784      0.16898053       6.7997617
          0.786      0.13265398       7.9648802
          0.788      0.13712101       4.6158148
           0.79      0.11419072       5.7657168
          0.792      0.11405815      -6.1089249
          0.794      0.13862642      -5.1255819
          0.796      0.13456047        3.814189
          0.798      0.12336967       5.8926183
            0.8         0.11099       1.3788976
          0.802      0.11785408       3.7781385
          0.804     0.095877447      0.35370458
          0.806      0.11643926       5.0284452
          0.808     0.075763666       7.4652335
           0.81     0.086578324      -4.7289983
          0.812      0.09467966      0.51787731
          0.814     0.084506814       5.3189419
          0.816     0.073403892       7.8545759
          0.818     0.053088511      -1.1629813
           0.82     0.078055817       3.4921698
          0.822     0.039119832       11.053175
          0.824     0.033843116      -4.1578181
          0.826     0.055751104         4.23999
          0.828     0.016883156       11.584328
           0.83    0.0094137912       2.6552151
          0.832    0.0062622951      -1.0536692
          0.834     0.013628468        -5.55524
          0.836     0.028483255       6.0995234
          0.838    -0.010769626       11.848551
           0.84    -0.018910949      0.85815509
          0.842    -0.014202246       2.3918652
          0.844     -0.02847841       8.7131895
          0.846    -0.049055004       3.5179442
          0.848    -0.042550186       6.2325655
           0.85    -0.073985266        5.910102
          0.852    -0.066190594       4.0121953
          0.854    -0.090034047       4.5192026
          0.856    -0.084267404      -1.6968306
          0.858    -0.083246725      -3.5984071
           0.86    -0.069873776      -3.2155483
          0.862    -0.070384532       4.7572657
          0.864    -0.088902839       4.7299722
          0.866     -0.08930442       7.7555831
          0.868     -0.11992517       6.5178859
           0.87     -0.11537596        7.449704
          0.872     -0.14972399       4.6973198
          0.874     -0.13416524      0.46983057
          0.876     -0.15160331       4.5369332
          0.878     -0.15231298       1.3326091
           0.88     -0.15693375       3.8474301
          0.882      -0.1677027       1.7866041
          0.884     -0.16408016       1.6304785
          0.886     -0.17422461       1.5584887
          0.888     -0.17031412       3.5527238
           0.89     -0.18843551        3.119535
          0.892     -0.18279226       2.1605242
          0.894      -0.1970776       1.2797672
          0.896     -0.18791133     -0.99768808
          0.898     -0.19308685        3.114825
            0.9     -0.20037063      -1.1368391
          0.902     -0.18853949      -4.9722515
          0.904     -0.18048162     -0.15157657
          0.906     -0.18793319      -1.7889325
          0.908     -0.17332589       0.3601819
           0.91     -0.18937391      -1.4380939
          0.912     -0.16757351      -5.9996452
          0.914     -0.16537533      -3.4867598
          0.916     -0.15362647      -7.1206729
          0.918     -0.13689264      0.95053687
           0.92     -0.15742862       4.0941899
          0.922      -0.1532694       -2.949947
          0.924     -0.14562883      -3.0524191
          0.926     -0.14105973     -0.66991212
          0.928     -0.14294919      -3.9573789
           0.93     -0.12523021     -0.17395593
          0.932     -0.14225336       2.6137806
          0.934     -0.13568533      -1.4124016
          0.936     -0.13660376      -6.1817521
          0.938     -0.11095832      -6.2063039
           0.94     -0.11177854       1.8057375
          0.942     -0.11818127     -0.40243695
          0.944     -0.11016879      -7.9588316
          0.946    -0.086345948      -1.2155313
          0.948     -0.10530667     -0.48439011
           0.95    -0.084408388      0.94736833
          0.952     -0.10909614       3.4103621
          0.954    -0.098049836      -8.1928885
          0.956    -0.076324586      -8.5175304
          0.958    -0.063979715       2.2595144
           0.96    -0.085362644       5.0786186
          0.962    -0.084294189        1.290944
          0.964     -0.09052642       -2.195589
          0.966    -0.075511833      -3.9986145
          0.968    -0.074531962      -4.1778436
           0.97    -0.058800459      0.20582835
          0.972    -0.075355275       1.9634785
          0.974    -0.066654373      -2.4144904
          0.976    -0.065697313       1.1092119
          0.978     -0.07109122         2.13408
           0.98    -0.074233634       2.7430148
          0.982     -0.08206328      -1.9433115
          0.984    -0.066460388      -4.5593921
          0.986    -0.063825711     -0.46206556
          0.988    -0.064612125       6.2088692
           0.99    -0.088661188       3.5769688
          0.992    -0.078920001       2.7289794
          0.994    -0.099577105       2.4625273
          0.996     -0.08877011       2.5244397
          0.998     -0.10967486       5.9456498
              1     -0.11255271      0.15142425
          1.002     -0.11028056         3.14252
          1.004     -0.12512279       2.6292972
          1.006     -0.12079775       5.0998961
          1.008     -0.14552237         9.90335
           1.01     -0.16041115       5.1875877
          1.012     -0.16627272       3.8737624
          1.014      -0.1759062       11.710005
          1.016     -0.21311275       8.5086406
          1.018     -0.20994076       6.3865979
           1.02     -0.23865914       11.347502
          1.022     -0.25533077       7.8071325
          1.024     -0.26988767       9.6962538
          1.026     -0.29411579       10.308158
          1.028      -0.3111203       15.887425
           1.03     -0.35766549       14.050279
          1.032     -0.36732142       1.4362873
          1.034     -0.36341063        3.724363
          1.036     -0.38221887       10.460291
          1.038      -0.4052518       3.6648585
           1.04      -0.3968783        1.538353
          1.042     -0.41140521       3.8630379
          1.044     -0.41233045        1.889856
          1.046     -0.41896463       4.0040782
          1.048     -0.42834677      0.60033092
           1.05     -0.42136596       1.9163734
          1.052     -0.43601226       4.2179004
          1.054     -0.43823756      -2.4371902
          1.056      -0.4262635       1.5805932
          1.058     -0.44455993       1.1874807
           1.06     -0.43101342      -2.1607298
          1.062     -0.43591701       4.1823138
          1.064     -0.44774268       6.9961288
          1.066     -0.46390153       5.7561508
          1.068     -0.47076728       1.0040984
           1.07     -0.46791792      -1.9528809
          1.072     -0.46295576       1.0657456
          1.074     -0.47218091       3.5536034
          1.076     -0.47717017       8.1688927
          1.078     -0.50485648       7.1496908
           1.08     -0.50576893       4.4302053
          1.082      -0.5225773       5.0860168
          1.084       -0.526113     -0.49990523
          1.086     -0.52057768       3.9359603
          1.088     -0.54185684        8.693094
           1.09     -0.55535005      0.72289305
          1.092     -0.54474841     -0.34063285
          1.094     -0.55398752       3.4599878
          1.096     -0.55858836       4.6693434
          1.098      -0.5726649      -2.1970259
            1.1     -0.54980026      -5.8494021
          1.102     -0.54926729      0.44028133
          1.104     -0.55156139       1.0108332
          1.106     -0.55331062       6.0301214
          1.108     -0.57568187       4.1788574
           1.11     -0.57002605       2.1674021
          1.112     -0.58435148     -0.87036762
          1.114     -0.56654458       1.3281087
          1.116     -0.58966391        5.243355
          1.118       -0.587518        0.055519
           1.12     -0.58988599       5.0210978
          1.122     -0.60760239       4.4081425
          1.124     -0.60751856      0.82708382
          1.126     -0.61091073        2.267164
          1.128     -0.61658722       5.1823641
           1.13     -0.63164018      0.67106235
          1.132     -0.61927147      0.31035383
          1.134      -0.6328816       6.0451465
          1.136     -0.64345205       6.8483204
          1.138     -0.66027488       4.5161651
           1.14     -0.66151671      -1.2450367
          1.142     -0.65529473      0.53629797
          1.144      -0.6636619          7.4915
          1.146     -0.68526073       5.6896242
          1.148      -0.6864204      -1.3327696
           1.15     -0.67992965     -0.57616537
          1.152     -0.68411574      -0.1697152
          1.154     -0.67925079       1.5406471
          1.156     -0.69027833       4.4645343
          1.158     -0.69710893       4.1879443
           1.16      -0.7070301       2.9609514
          1.162     -0.70895274       2.1284992
          1.164      -0.7155441       2.1833035
          1.166     -0.71768595       0.8169976
          1.168     -0.71881209       2.7357854
           1.17     -0.72862909       2.8343448
          1.172     -0.73014947      0.37773238
          1.174     -0.73014002     -0.64777127
          1.176     -0.72755839       1.6012788
          1.178     -0.73654514       4.1330347
           1.18     -0.74409053       3.1068939
          1.182     -0.74897271      -1.6551977
          1.184     -0.73746973       1.8271704
          1.186     -0.75628139       3.8118996
          1.188     -0.75271733      -2.0490837
           1.19     -0.74808506      -5.3476195
          1.192     -0.73132685      -1.5134752
          1.194     -0.74203116       3.1634927
          1.196     -0.74398083     -0.44640147
          1.198     -0.74024555      0.80364773
            1.2     -0.74719542       1.9287644
          1.202     -0.74796061      0.42043742
          1.204     -0.74887717      -1.7005887
          1.206     -0.74115825      -0.3279737
          1.208     -0.74756527      -2.8766592
           1.21     -0.72965162      -3.9335132
          1.212     -0.73183122     0.019028775
          1.214     -0.72972773       0.6168899
          1.216     -0.73429878       2.6345628
          1.218     -0.74026598      0.66164283
           1.22     -0.73694535      -3.8187026
          1.222     -0.72499117      -4.5518665
          1.224     -0.71873788      0.59834268
          1.226     -0.72738454      -3.1697051
          1.228     -0.70605906      -4.8175249
           1.23     -0.70811444      0.25325365
          1.232     -0.70707208      -4.2345808
          1.234     -0.69117612       -7.753551
          1.236     -0.67605787      -1.7796343
          1.238     -0.68405758       2.8233002
           1.24     -0.68735107       -3.550089
          1.242     -0.66985723      -7.2978018
          1.244     -0.65815987      -4.5379843
          1.246     -0.65170529      -2.3599253
          1.248     -0.64872017      -1.3325887
           1.25     -0.64637494      -4.2456024
          1.252     -0.63173776      -2.6525141
          1.254     -0.63576488     -0.64933803
          1.256      -0.6291404      -5.9970943
          1.258      -0.6117765      -5.7895554
           1.26     -0.60598218      -1.7117511
          1.262      -0.6049295      0.35010765
          1.264     -0.60738261      -5.5414211
          1.266     -0.58276381      -6.1775286
          1.268      -0.5826725      -2.2239224
           1.27     -0.57386812      -2.9056835
          1.272     -0.57104977      -3.8544672
          1.274     -0.55845026      -4.3274234
          1.276     -0.55374007      -3.7631604
          1.278     -0.54339761      -4.5871163
           1.28     -0.53539161      -4.7122286
          1.282      -0.5245487      -3.1247623
          1.284     -0.52289256      -2.3396868
          1.286     -0.51518995      -5.0902634
          1.288      -0.5025315      -1.9999817
           1.29     -0.50719002      -3.3120188
          1.292     -0.48928343      -2.4221199
          1.294     -0.49750155      0.81985025
          1.296     -0.49256283      -4.9498778
          1.298     -0.47770203      -6.5817968
            1.3     -0.46623564      -2.9278877
          1.302     -0.46599048      -4.2563462
          1.304     -0.44921026      -4.6462008
          1.306     -0.44740568       1.6133963
          1.308     -0.45566384      -5.3346364
           1.31     -0.42606713       -9.330655
          1.312     -0.41834122      -2.9455267
          1.314     -0.41428503       -2.563706
          1.316      -0.4080864      -4.5210556
          1.318     -0.39620081      -2.2010423
           1.32     -0.39928223      0.51403067
          1.322     -0.39825693       -1.048519
          1.324     -0.39508815     -0.34580015
          1.326     -0.39687373       -6.127071
          1.328     -0.37057987      -9.2337362
           1.33     -0.35993878      -3.5464097
          1.332     -0.35639423      -3.8153105
          1.334     -0.34467754      -1.9191821
          1.336      -0.3487175      -2.5477475
          1.338     -0.33448655      -6.2767194
           1.34     -0.32361062     0.009216025
          1.342     -0.33452342       1.3808153
          1.344     -0.32913389      -5.1451962
          1.346     -0.31394263      -3.2652721
          1.348      -0.3160728      0.50105378
           1.35     -0.31594685      -2.8323236
          1.352      -0.3047435      -7.4736212
          1.354     -0.28605236      -3.1180192
          1.356     -0.29227143      -1.1134707
          1.358     -0.28159848       -3.948544
           1.36     -0.27647725      -2.9641635
          1.362     -0.26974182      0.96421753
          1.364     -0.28033412     0.054020725
          1.366     -0.26995791      -5.3190734
          1.368     -0.25905783      -1.8587332
           1.37     -0.26252297      -2.3227884
          1.372     -0.24976667      -2.9364752
          1.374     -0.25077707     -0.84577375
          1.376     -0.24638358     -0.45370967
          1.378     -0.24896223        -1.18957
           1.38      -0.2416253      -5.6778261
          1.382     -0.22625093      -5.0029526
          1.384     -0.22161349       0.1876259
          1.386     -0.22700143      -2.0900642
          1.388     -0.21325323       -3.272969
           1.39     -0.21390956      0.86242968
          1.392     -0.21670295      -0.3030047
          1.394     -0.21269754      -2.6047418
          1.396     -0.20628398      -1.4114688
          1.398     -0.20705166      -6.9810821
            1.4     -0.17835965      -2.0847673
          1.402     -0.19871259       1.8595693
          1.404     -0.18579793      -2.8227005
          1.406     -0.18742179      -1.9488555
          1.408     -0.17800251      -4.0604527
           1.41     -0.17117998      -4.0710699
          1.412     -0.16171823       0.6437227
          1.414     -0.17375487     -0.40734237
          1.416     -0.16008886       -2.620381
          1.418     -0.16327335       2.3145922
           1.42     -0.16934723      -3.7231252
          1.422     -0.14838085      -7.6021243
          1.424     -0.13893873     -0.36395577
          1.426     -0.14692502       2.8356343
          1.428     -0.15028127       -1.173925
           1.43     -0.14222932      -4.3551731
          1.432     -0.13286058      -2.5308525
          1.434     -0.13210591       1.6962358
          1.436     -0.13964552     -0.49706937
          1.438     -0.13011764      -5.6544226
           1.44     -0.11702783      -3.2769202
          1.442     -0.11700996      -2.8953721
          1.444     -0.10544634       0.1232983
          1.446     -0.11750315      -1.2012805
          1.448     -0.10064122      -2.0797247
           1.45     -0.10918425      -3.1458723
          1.452     -0.08805773      -4.5320786
          1.454    -0.091055937      0.50930398
          1.456    -0.090094946      -1.5568496
          1.458    -0.084828538       0.7638849
           1.46    -0.093150486     -0.69712405
          1.462    -0.082040042        -3.60348
          1.464    -0.078736566      0.87176838
          1.466    -0.085527116      0.26568405
          1.468    -0.079799302      -4.3342971
           1.47    -0.068189927      -7.9724298
          1.472    -0.047909583      -1.5426392
          1.474     -0.06201937       1.4551376
          1.476    -0.053730133     -0.25808358
          1.478    -0.060987036      -2.7615506
           1.48     -0.04268393      -4.0362899
          1.482    -0.044841876       1.6603694
          1.484    -0.049325408     -0.26939336
          1.486    -0.043764303      -4.2722575
          1.488    -0.032236378      -1.3724549
           1.49    -0.038274483       3.8264152
          1.492    -0.047542039      -2.9760533
          1.494     -0.02637027      -2.2957892
          1.496    -0.038358882        2.474529
          1.498    -0.036268386      -2.1063806
            1.5     -0.02993336      -2.7430689
          1.502     -0.02529611      -1.3187947
          1.504    -0.024658181      0.76598543
          1.506    -0.028360052      -1.0153135
          1.508    -0.020596927      -4.8486092
           1.51   -0.0089656152     -0.89362376
          1.512    -0.017022432      -2.6061074
          1.514    0.0014588144       -5.662488
          1.516    0.0056275204     -0.94270339
          1.518     0.005229628       3.0193081
           1.52   -0.0064497118         2.27565
          1.522   -0.0038729722      -1.5181372
          1.524  -0.00037716282      -1.0350371
          1.526   0.00026717635      -1.3491425
          1.528     0.005019407       -3.794544
           1.53     0.015445352       1.5756905
          1.532   -0.0012833551       2.0366424
          1.534    0.0072987829      -4.0366054
          1.536     0.014863067     -0.62949005
          1.538    0.0098167431       2.3014744
           1.54    0.0056571692     -0.68768301
          1.542     0.012567475      -3.3073371
          1.544     0.018886518       5.0201924
          1.546   -0.0075132945       2.1291032
          1.548     0.010370105      -4.2060068
           1.55    0.0093107328      -3.4920659
          1.552     0.024338368      -2.5587903
          1.554     0.019545894       2.0933144
          1.556     0.015965111      0.67869738
          1.558     0.016831105      -1.3224226
           1.56     0.021254801     -0.65619532
          1.562     0.019455886     -0.45362573
          1.564     0.023069304     -0.65162078
          1.566     0.022062369     -0.88177352
          1.568     0.026596398      -3.0653474
           1.57     0.034323759      -1.7355944
          1.572     0.033538775       2.0427329
          1.574     0.026152827     -0.27025549
          1.576     0.034619797      0.20783555
          1.578     0.025321485      0.72828776
           1.58     0.031706646       1.1211986
          1.582      0.02083669      0.75776067
          1.584     0.028675604      0.22003706
          1.586     0.019956542     -0.36739131
          1.588     0.030145169       1.0845753
           1.59     0.015618241     -0.53084926
          1.592     0.032268566      -5.3513532
          1.594     0.037023654     -0.15229334
          1.596     0.032877739       3.3916191
          1.598     0.023457177     -0.75408022
            1.6      0.03589406      -3.1968737
          1.602     0.036244672       2.3058291
          1.604     0.026670744       1.1531784
          1.606     0.031631959      -3.0504607
          1.608     0.038872587      -1.8807961
           1.61     0.039155143      0.21893846
          1.612     0.037996833      0.10007066
          1.614      0.03875486      0.20732088
          1.616     0.037167549      -2.1673745
          1.618     0.047424358       3.2006826
           1.62     0.024364819       2.1589725
          1.622     0.038788468      -3.7337155
          1.624     0.039299681     -0.63839954
          1.626     0.041342066       2.5119961
          1.628     0.029251696     -0.09512515
           1.63     0.041722567       -2.396704
          1.632     0.038838512       -1.462996
          1.634     0.047574551     -0.44064538
          1.636     0.040601094      -1.5949933
          1.638     0.053954524       1.0654154
           1.64     0.036339432       2.5127801
          1.642     0.043903404      -4.8819547
          1.644      0.05586725      -1.6246759
          1.646     0.050402107        2.332649
          1.648     0.046536654       1.3512233
           1.65     0.044997214      -0.2900636
          1.652     0.047696909      -1.3859381
          1.654     0.050540967       2.3510845
          1.656     0.038292571       2.1081714
          1.658     0.042108281     -0.62962154
           1.66     0.040811057     -0.63568757
          1.662     0.044651031       -1.686909
          1.664     0.047558693       1.7612163
          1.666     0.037606166      -1.0803637
          1.668     0.051880148      -1.4761173
           1.67     0.043510635     -0.75007422
          1.672     0.054880444      -2.6140699
          1.674     0.053966915      0.58754714
          1.676     0.052530256       2.5134985
          1.678     0.043912921      -1.7289842
           1.68     0.059446193      -2.3558714
          1.682     0.053336406       0.9152772
          1.684     0.055785084      -2.6170416
          1.686     0.063804573      0.96066952
          1.688     0.051942406       3.0320095
           1.69     0.051676535     -0.18233946
          1.692     0.052671764     -0.46071345
          1.694     0.053519389       1.1199586
          1.696     0.048191929      -1.8516296
          1.698     0.060925907      -3.1617471
            1.7     0.060838918     -0.12642136
          1.702     0.061431592       3.1806905
          1.704     0.048116156    -0.014762497
          1.706     0.061490642      -2.8901986
          1.708      0.05967695      0.75781802
           1.71      0.05845937        1.907064
          1.712     0.052048694     -0.49513057
          1.714     0.060439893      -2.0766677
          1.716     0.060355365       3.0241112
          1.718     0.048343448       1.0391581
           1.72     0.056198733      -3.1949833
          1.722     0.061123381      -0.9853242
          1.724     0.060140029     -0.99799197
          1.726     0.065115349     -0.69189464
          1.728     0.062907608       1.5159855
           1.73     0.059051407      0.57915157
          1.732     0.060591002       1.7302942
          1.734      0.05213023        1.023583
          1.736      0.05649667       1.4946266
          1.738     0.046151724       2.3026653
           1.74     0.047286008     -0.86452658
          1.742      0.04960983       2.4113423
          1.744     0.037640639       1.0057498
          1.746     0.045586831      -2.8552715
          1.748     0.049061726       1.9009241
           1.75     0.037983135       3.4469801
          1.752     0.035273805       1.4529227
          1.754     0.032171444      -2.7335676
          1.756     0.046208076      -1.7419588
          1.758     0.039139279     -0.83309258
           1.76     0.049540446      -1.8318507
          1.762     0.046466682      0.62556841
          1.764     0.047038172     -0.26943475
          1.766     0.047544421    -0.069649457
          1.768      0.04731677       3.7146853
           1.77      0.03268568      0.79279502
          1.772      0.04414559      -3.2002143
          1.774     0.045486537     -0.74417443
          1.776     0.047122288      0.97865021
          1.778     0.041571936       2.5774431
           1.78     0.036812515       2.2498912
          1.782     0.032572371      -1.1567427
          1.784     0.041439486     -0.71104761
          1.786     0.035416561       1.7393753
          1.788     0.034481985       -0.378224
           1.79     0.036929457       1.4325091
          1.792     0.028751948      0.44168015
          1.794     0.035162737      -2.5064758
          1.796     0.038777852     -0.44293868
          1.798     0.036934491       1.4575344
            1.8     0.032947714       2.1274671
          1.802     0.028424623     -0.90996445
          1.804     0.036587572      -1.4858183
          1.806     0.034367896     -0.28152218
          1.808     0.037713661       1.2887557
           1.81     0.029212873       4.6974176
          1.812      0.01892399       1.4480862
          1.814     0.023420529     -0.23969682
          1.816     0.019882778      0.12276316
          1.818     0.022929476      -1.5417214
           1.82     0.026049663     0.045344805
          1.822     0.022748097       2.2364909
          1.824       0.0171037       2.7078943
          1.826     0.011916519      0.05471444
          1.828     0.016884842      -1.5155765
           1.83     0.017978825       -1.662133
          1.832     0.023533374       1.7449489
          1.834      0.01099903       1.5880381
          1.836     0.017181221       1.4529349
          1.838    0.0051872902      0.94436504
           1.84     0.013403761     -0.95207327
          1.842    0.0089955833      0.52244806
          1.844     0.011313969    -0.004360241
          1.846    0.0090130242     -0.85722651
          1.848     0.014742875       -1.086912
           1.85     0.013360672       1.4317158
          1.852    0.0090160117       3.2914942
          1.854    0.0001946956       1.0831371
          1.856    0.0046834632        -1.16464
          1.858    0.0048532555     -0.82553037
           1.86    0.0079855847      -1.0495393
          1.862    0.0090514127     -0.58924179
          1.864     0.010342552      0.30305293
          1.866     0.007839201       2.3328941
          1.868    0.0010109755     0.015109874
           1.87    0.0077787615      0.33787523
          1.872   -0.0003405254       1.5663019
          1.874     0.001513554      0.37022965
          1.876    -0.001821444      0.74684201
          1.878    -0.001473814     -0.26847973
           1.88   -0.0007475251     -0.94734648
          1.882    0.0023155719       -1.118714
          1.884    0.0037273309     -0.67249266
          1.886    0.0050055426     -0.66832308
          1.888    0.0064006232     -0.11885442
           1.89    0.0054809602      -1.3283626
          1.892     0.011714074       0.9991418
          1.894     0.001484393       2.7757422
          1.896   0.00061110485      0.38844503
          1.898   -6.938707e-05       1.4670913
            1.9   -0.0052572603      0.93429735
          1.902   -0.0038065765     -0.49490508
          1.904     -0.00327764      -1.5202714
          1.906     0.002274509      -3.4038145
          1.908     0.010337618      0.90803668
           1.91   -0.0013576378       2.1463157
          1.912     0.001752355       1.7428281
          1.914     -0.00832895       1.5824179
          1.916   -0.0045773166      -0.2135773
          1.918   -0.0074746408      0.70129449
           1.92   -0.0073824946      -1.3188131
          1.922   -0.0021993882      0.83498235
          1.924    -0.010722424       1.5975491
          1.926   -0.0085895847     -0.56580551
          1.928   -0.0084592019     -0.79021334
           1.93   -0.0054287314     0.019215524
          1.932    -0.008536064       1.7242151
          1.934    -0.012325592       2.1366978
          1.936    -0.017082855      -1.0860194
          1.938    -0.007981514      -2.1323564
           1.94   -0.0085534297      0.59945778
          1.942    -0.010379345       1.5582417
          1.944    -0.014786396     -0.20699676
          1.946   -0.0095513581      0.65241233
          1.948    -0.017396046     0.088740643
           1.95   -0.0099063207      -1.2238922
          1.952    -0.012500477      -1.2805012
          1.954    -0.004784316     -0.11400885
          1.956    -0.012044441      0.62712454
          1.958   -0.0072928142      -0.2824115
           1.96    -0.010914795      0.99635554
          1.962    -0.011278236      -2.8127144
          1.964   0.00033606218     -0.79222706
          1.966   -0.0081093281       1.5230011
          1.968   -0.0057559421     -0.17978718
           1.97   -0.0073901794       3.1966333
          1.972    -0.018542475       1.4073859
          1.974    -0.013019723       -5.361401
          1.976    0.0029031288      -4.7362549
          1.978    0.0059252965       2.1395579
           1.98   -0.0056551028       3.0115905
          1.982   -0.0061210657     -0.39884053
          1.984   -0.0040597407      -2.7248538
          1.986    0.0047783494      -1.3003363
          1.988    0.0011416046       3.3190737
           1.99   -0.0084979455     -0.43176552
          1.992    0.0028686667      -2.7869059
          1.994    0.0026496783       1.3976637
          1.996    -0.002721988      0.53868136
          1.998   0.00049495284       -0.680497
              2               0      0.12373821
          2.002               0               0
          2.004               0               0
          2.006               0               0
          2.008               0               0
           2.01               0               0
          2.012               0               0
          2.014               0               0
          2.016               0               0
          2.018               0               0
           2.02               0               0
          2.022               0               0
          2.024               0               0
          2.026               0               0
          2.028               0               0
           2.03               0               0
          2.032               0               0
          2.034               0               0
          2.036               0               0
          2.038               0               0
           2.04               0               0
          2.042               0               0
          2.044               0               0
          2.046               0               0
          2.048               0               0
           2.05               0               0
          2.052               0               0
          2.054               0               0
          2.056               0               0
          2.058               0               0
           2.06               0               0
          2.062               0               0
          2.064               0               0
          2.066               0               0
          2.068               0               0
           2.07               0               0
          2.072               0               0
          2.074               0               0
          2.076               0               0
          2.078               0               0
           2.08               0               0
          2.082               0               0
          2.084               0               0
          2.086               0               0
          2.088               0               0
           2.09               0               0
          2.092               0               0
          2.094               0               0
          2.096               0               0
          2.098               0               0
            2.1               0               0
          2.102               0               0
          2.104               0               0
          2.106               0               0
          2.108               0               0
           2.11               0               0
          2.112               0               0
          2.114               0               0
          2.116               0               0
          2.118               0               0
           2.12               0               0
          2.122               0               0
          2.124               0               0
          2.126               0               0
          2.128               0               0
           2.13               0               0
          2.132               0               0
          2.134               0               0
          2.136               0               0
          2.138               0               0
           2.14               0               0
          2.142               0               0
          2.144               0               0
          2.146               0               0
          2.148               0               0
           2.15               0               0
          2.152               0               0
          2.154               0               0
          2.156               0               0
          2.158               0               0
           2.16               0               0
          2.162               0               0
          2.164               0               0
          2.166               0               0
          2.168               0               0
           2.17               0               0
          2.172               0               0
          2.174               0               0
          2.176               0               0
          2.178               0               0
           2.18               0               0
          2.182               0               0
          2.184               0               0
          2.186               0               0
          2.188               0               0
           2.19               0               0
          2.192               0               0
          2.194               0               0
          2.196               0               0
          2.198               0               0
            2.2               0               0
          2.202               0               0
          2.204               0               0
          2.206               0               0
          2.208               0               0
           2.21               0               0
          2.212               0               0
          2.214               0               0
          2.216               0               0
          2.218               0               0
           2.22               0               0
          2.222               0               0
          2.224               0               0
          2.226               0               0
          2.228               0               0
           2.23               0               0
          2.232               0               0
          2.234               0               0
          2.236               0               0
          2.238               0               0
           2.24               0               0
          2.242               0               0
          2.244               0               0
          2.246               0               0
          2.248               0               0
           2.25               0               0
          2.252               0               0
          2.254               0               0
          2.256               0               0
          2.258               0               0
           2.26               0               0
          2.262               0               0
          2.264               0               0
          2.266               0               0
          2.268               0               0
           2.27               0               0
          2.272               0               0
          2.274               0               0
          2.276               0               0
          2.278               0               0
           2.28               0               0
          2.282               0               0
          2.284               0               0
          2.286               0               0
          2.288               0               0
           2.29               0               0
          2.292               0               0
          2.294               0               0
          2.296               0               0
          2.298               0               0
            2.3               0               0
          2.302               0               0
          2.304               0               0
          2.306               0               0
          2.308               0               0
           2.31               0               0
          2.312               0               0
          2.314               0               0
          2.316               0               0
          2.318               0               0
           2.32               0               0
          2.322               0               0
          2.324               0               0
          2.326               0               0
          2.328               0               0
           2.33               0               0
          2.332               0               0
          2.334               0               0
          2.336               0               0
          2.338               0               0
           2.34               0               0
          2.342               0               0
          2.344               0               0
          2.346               0               0
          2.348               0               0
           2.35               0               0
          2.352               0               0
          2.354               0               0
          2.356               0               0
          2.358               0               0
           2.36               0               0
          2.362               0               0
          2.364               0               0
          2.366               0               0
          2.368               0               0
           2.37               0               0
          2.372               0               0
          2.374               0               0
          2.376               0               0
          2.378               0               0
           2.38               0               0
          2.382               0               0
          2.384               0               0
          2.386               0               0
          2.388               0               0
           2.39               0               0
          2.392               0               0
          2.394               0               0
          2.396               0               0
          2.398               0               0
            2.4               0               0
          2.402               0               0
          2.404               0               0
          2.406               0               0
          2.408               0               0
           2.41               0               0
          2.412               0               0
          2.414               0               0
          2.416               0               0
          2.418               0               0
           2.42               0               0
          2.422               0               0
          2.424               0               0
          2.426               0               0
          2.428               0               0
           2.43               0               0
          2.432               0               0
          2.434               0               0
          2.436               0               0
          2.438               0               0
           2.44               0               0
          2.442               0               0
          2.444               0               0
          2.446               0               0
          2.448               0               0
           2.45               0               0
          2.452               0               0
          2.454               0               0
          2.456               0               0
          2.458               0               0
           2.46               0               0
          2.462               0               0
          2.464               0               0
          2.466               0               0
          2.468               0               0
           2.47               0               0
          2.472               0               0
          2.474               0               0
          2.476               0               0
          2.478               0               0
           2.48               0               0
          2.482               0               0
          2.484               0               0
          2.486               0               0
          2.488               0               0
           2.49               0               0
          2.492               0               0
          2.494               0               0
          2.496               0               0
          2.498               0               0
            2.5               0               0
          2.502               0               0
          2.504               0               0
          2.506               0               0
          2.508               0               0
           2.51               0               0
          2.512               0               0
          2.514               0               0
          2.516               0               0
          2.518               0               0
           2.52               0               0
          2.522               0               0
          2.524               0               0
          2.526               0               0
          2.528               0               0
           2.53               0               0
          2.532               0               0
          2.534               0               0
          2.536               0               0
          2.538               0               0
           2.54               0               0
          2.542               0               0
          2.544               0               0
          2.546               0               0
          2.548               0               0
           2.55               0               0
          2.552               0               0
          2.554               0               0
          2.556               0               0
          2.558               0               0
           2.56               0               0
          2.562               0               0
          2.564               0               0
          2.566               0               0
          2.568               0               0
           2.57               0               0
          2.572               0               0
          2.574               0               0
          2.576               0               0
          2.578               0               0
           2.58               0               0
          2.582               0               0
          2.584               0               0
          2.586               0               0
          2.588               0               0
           2.59               0               0
          2.592               0               0
          2.594               0               0
          2.596               0               0
          2.598               0               0
            2.6               0               0
          2.602               0               0
          2.604               0               0
          2.606               0               0
          2.608               0               0
           2.61               0               0
          2.612               0               0
          2.614               0               0
          2.616               0               0
          2.618               0               0
           2.62               0               0
          2.622               0               0
          2.624               0               0
          2.626               0               0
          2.628               0               0
           2.63               0               0
          2.632               0               0
          2.634               0               0
          2.636               0               0
          2.638               0               0
           2.64               0               0
          2.642               0               0
          2.644               0               0
          2.646               0               0
          2.648               0               0
           2.65               0               0
          2.652               0               0
          2.654               0               0
          2.656               0               0
          2.658               0               0
           2.66               0               0
          2.662               0               0
          2.664               0               0
          2.666               0               0
          2.668               0               0
           2.67               0               0
          2.672               0               0
          2.674               0               0
          2.676               0               0
          2.678               0               0
           2.68               0               0
          2.682               0               0
          2.684               0               0
          2.686               0               0
          2.688               0               0
           2.69               0               0
          2.692               0               0
          2.694               0               0
          2.696               0               0
          2.698               0               0
            2.7               0               0
          2.702               0               0
          2.704               0               0
          2.706               0               0
          2.708               0               0
           2.71               0               0
          2.712               0               0
          2.714               0               0
          2.716               0               0
          2.718               0               0
           2.72               0               0
          2.722               0               0
          2.724               0               0
          2.726               0               0
          2.728               0               0
           2.73               0               0
          2.732               0               0
          2.734               0               0
          2.736               0               0
          2.738               0               0
           2.74               0               0
          2.742               0               0
          2.744               0               0
          2.746               0               0
          2.748               0               0
           2.75               0               0
          2.752               0               0
          2.754               0               0
          2.756               0               0
          2.758               0               0
           2.76               0               0
          2.762               0               0
          2.764               0               0
          2.766               0               0
          2.768               0               0
           2.77               0               0
          2.772               0               0
          2.774               0               0
          2.776               0               0
          2.778               0               0
           2.78               0               0
          2.782               0               0
          2.784               0               0
          2.786               0               0
          2.788               0               0
           2.79               0               0
          2.792               0               0
          2.794               0               0
          2.796               0               0
          2.798               0               0
            2.8               0               0
          2.802               0               0
          2.804               0               0
          2.806               0               0
          2.808               0               0
           2.81               0               0
          2.812               0               0
          2.814               0               0
          2.816               0               0
          2.818               0               0
           2.82               0               0
          2.822               0               0
          2.824               0               0
          2.826               0               0
          2.828               0               0
           2.83               0               0
          2.832               0               0
          2.834               0               0
          2.836               0               0
          2.838               0               0
           2.84               0               0
          2.842               0               0
          2.844               0               0
          2.846               0               0
          2.848               0               0
           2.85               0               0
          2.852               0               0
          2.854               0               0
          2.856               0               0
          2.858               0               0
           2.86               0               0
          2.862               0               0
          2.864               0               0
          2.866               0               0
          2.868               0               0
           2.87               0               0
          2.872               0               0
          2.874               0               0
          2.876               0               0
          2.878               0               0
           2.88               0               0
          2.882               0               0
          2.884               0               0
          2.886               0               0
          2.888               0               0
           2.89               0               0
          2.892               0               0
          2.894               0               0
          2.896               0               0
          2.898               0               0
            2.9               0               0
          2.902               0               0
          2.904               0               0
          2.906               0               0
          2.908               0               0
           2.91               0               0
          2.912               0               0
          2.914               0               0
          2.916               0               0
          2.918               0               0
           2.92               0               0
          2.922               0               0
          2.924               0               0
          2.926               0               0
          2.928               0               0
           2.93               0               0
          2.932               0               0
          2.934               0               0
          2.936               0               0
          2.938               0               0
           2.94               0               0
          2.942               0               0
          2.944               0               0
          2.946               0               0
          2.948               0               0
           2.95               0               0
          2.952               0               0
          2.954               0               0
          2.956               0               0
          2.958               0               0
           2.96               0               0
          2.962               0               0
          2.964               0               0
          2.966               0               0
          2.968               0               0
           2.97               0               0
          2.972               0               0
          2.974               0               0
          2.976               0               0
          2.978               0               0
           2.98               0               0
          2.982               0               0
          2.984               0               0
          2.986               0               0
          2.988               0               0
           2.99               0               0
          2.992               0               0
          2.994               0               0
          2.996               0               0
          2.998               0               0
              3               0               0
          3.002               0               0
          3.004               0               0
          3.006               0               0
          3.008               0               0
           3.01               0               0
          3.012               0               0
          3.014               0               0
          3.016               0               0
          3.018               0               0
           3.02               0               0
          3.022               0               0
          3.024               0               0
          3.026               0               0
          3.028               0               0
           3.03               0               0
          3.032               0               0
          3.034               0               0
          3.036               0               0
          3.038               0               0
           3.04               0               0
          3.042               0               0
          3.044               0               0
          3.046               0               0
          3.048               0               0
           3.05               0               0
          3.052               0               0
          3.054               0               0
          3.056               0               0
          3.058               0               0
           3.06               0               0
          3.062               0               0
          3.064               0               0
          3.066               0               0
          3.068               0               0
           3.07               0               0
          3.072               0               0
          3.074               0               0
          3.076               0               0
          3.078               0               0
           3.08               0               0
          3.082               0               0
          3.084               0               0
          3.086               0               0
          3.088               0               0
           3.09               0               0
          3.092               0               0
          3.094               0               0
          3.096               0               0
          3.098               0               0
            3.1               0               0
          3.102               0               0
          3.104               0               0
          3.106               0               0
          3.108               0               0
           3.11               0               0
          3.112               0               0
          3.114               0               0
          3.116               0               0
          3.118               0               0
           3.12               0               0
          3.122               0               0
          3.124               0               0
          3.126               0               0
          3.128               0               0
           3.13               0               0
          3.132               0               0
          3.134               0               0
          3.136               0               0
          3.138               0               0
           3.14               0               0
          3.142               0               0
          3.144               0               0
          3.146               0               0
          3.148               0               0
           3.15               0               0
          3.152               0               0
          3.154               0               0
          3.156               0               0
          3.158               0               0
           3.16               0               0
          3.162               0               0
          3.164               0               0
          3.166               0               0
          3.168               0               0
           3.17               0               0
          3.172               0               0
          3.174               0               0
          3.176               0               0
          3.178               0               0
           3.18               0               0
          3.182               0               0
          3.184               0               0
          3.186               0               0
          3.188               0               0
           3.19               0               0
          3.192               0               0
          3.194               0               0
          3.196               0               0
          3.198               0               0
            3.2               0               0
          3.202               0               0
          3.204               0               0
          3.206               0               0
          3.208               0               0
           3.21               0               0
          3.212               0               0
          3.214               0               0
          3.216               0               0
          3.218               0               0
           3.22               0               0
          3.222               0               0
          3.224               0               0
          3.226               0               0
          3.228               0               0
           3.23               0               0
          3.232               0               0
          3.234               0               0
          3.236               0               0
          3.238               0               0
           3.24               0               0
          3.242               0               0
          3.244               0               0
          3.246               0               0
          3.248               0               0
           3.25               0               0
          3.252               0               0
          3.254               0               0
          3.256               0               0
          3.258               0               0
           3.26               0               0
          3.262               0               0
          3.264               0               0
          3.266               0               0
          3.268               0               0
           3.27               0               0
          3.272               0               0
          3.274               0               0
          3.276               0               0
          3.278               0               0
           3.28               0               0
          3.282               0               0
          3.284               0               0
          3.286               0               0
          3.288               0               0
           3.29               0               0
          3.292               0               0
          3.294               0               0
          3.296               0               0
          3.298               0               0
            3.3               0               0
          3.302               0               0
          3.304               0               0
          3.306               0               0
          3.308               0               0
           3.31               0               0
          3.312               0               0
          3.314               0               0
          3.316               0               0
          3.318               0               0
           3.32               0               0
          3.322               0               0
          3.324               0               0
          3.326               0               0
          3.328               0               0
           3.33               0               0
          3.332               0               0
          3.334               0               0
          3.336               0               0
          3.338               0               0
           3.34               0               0
          3.342               0               0
          3.344               0               0
          3.346               0               0
          3.348               0               0
           3.35               0               0
          3.352               0               0
          3.354               0               0
          3.356               0               0
          3.358               0               0
           3.36               0               0
          3.362               0               0
          3.364               0               0
          3.366               0               0
          3.368               0               0
           3.37               0               0
          3.372               0               0
          3.374               0               0
          3.376               0               0
          3.378               0               0
           3.38               0               0
          3.382               0               0
          3.384               0               0
          3.386               0               0
          3.388               0               0
           3.39               0               0
          3.392               0               0
          3.394               0               0
          3.396               0               0
          3.398               0               0
            3.4               0               0
          3.402               0               0
          3.404               0               0
          3.406               0               0
          3.408               0               0
           3.41               0               0
          3.412               0               0
          3.414               0               0
          3.416               0               0
          3.418               0               0
           3.42               0               0
          3.422               0               0
          3.424               0               0
          3.426               0               0
          3.428               0               0
           3.43               0               0
          3.432               0               0
          3.434               0               0
          3.436               0               0
          3.438               0               0
           3.44               0               0
          3.442               0               0
          3.444               0               0
          3.446               0               0
          3.448               0               0
           3.45               0               0
          3.452               0               0
          3.454               0               0
          3.456               0               0
          3.458               0               0
           3.46               0               0
          3.462               0               0
          3.464               0               0
          3.466               0               0
          3.468               0               0
           3.47               0               0
          3.472               0               0
          3.474               0               0
          3.476               0               0
          3.478               0               0
           3.48               0               0
          3.482               0               0
          3.484               0               0
          3.486               0               0
          3.488               0               0
           3.49               0               0
          3.492               0               0
          3.494               0               0
          3.496               0               0
          3.498               0               0
            3.5               0               0
