          0.002       10505.334       186368.32
          0.004       10139.266       179816.78
          0.006       9786.0665       173495.54
          0.008       9445.2836       167396.52
           0.01       9116.4805        161511.9
          0.012        8799.236       155834.15
          0.014       8493.1439       150355.99
          0.016        8197.812       145070.41
          0.018       7912.8622       139970.64
           0.02       7637.9294       135050.15
          0.022       7372.6616       130302.63
          0.024       7116.7189          125722
          0.026       6869.7736        121302.4
          0.028       6631.5094       117038.16
           0.03        6401.621       112923.83
          0.032        6179.814       108954.13
          0.034       5965.8044       105123.98
          0.036       5759.3181       101428.48
          0.038       5560.0905       97862.887
           0.04       5367.8666       94422.638
          0.042          5182.4       91103.327
          0.044       5003.4532       87900.702
          0.046       4830.7972       84810.661
          0.048       4664.2106       81829.247
           0.05       4503.4802       78952.641
          0.052          4348.4       76177.159
          0.054       4198.7715       73499.245
          0.056       4054.4031        70915.47
          0.058       3915.1097       68422.524
           0.06        3780.713       66017.215
          0.062       3651.0408       63696.461
          0.064       3525.9271       61457.291
          0.066       3405.2116       59296.836
          0.068       3288.7398       57212.329
           0.07       3176.3623         55201.1
          0.072       3067.9354       53260.573
          0.074         2963.32       51388.264
          0.076       2862.3823       49581.773
          0.078       2764.9929       47838.787
           0.08       2671.0272       46157.073
          0.082       2580.3646       44534.479
          0.084       2492.8893       42968.924
          0.086       2408.4889       41458.404
          0.088       2327.0556       40000.986
           0.09        2248.485         38594.8
          0.092       2172.6764       37238.048
          0.094       2099.5328        35928.99
          0.096       2028.9605       34665.951
          0.098        1960.869       33447.312
            0.1       1895.1712       32271.514
          0.102        1831.783       31137.049
          0.104        1770.623       30042.464
          0.106       1711.6131       28986.358
          0.108       1654.6776       27967.379
           0.11       1599.7436        26984.22
          0.112       1546.7407       26035.623
          0.114       1495.6011       25120.373
          0.116       1446.2592       24237.297
          0.118       1398.6519       23385.265
           0.12       1352.7182       22563.185
          0.122       1308.3992       21770.004
          0.124       1265.6381       21004.706
          0.126       1224.3803       20266.312
          0.128       1184.5729       19553.875
           0.13       1146.1648       18866.482
          0.132        1109.107       18203.254
          0.134       1073.3518       17563.342
          0.136       1038.8536       16945.924
          0.138       1005.5681       16350.211
           0.14       973.45276        15775.44
          0.142       942.46637       15220.873
          0.144       912.56927       14685.802
          0.146       883.72316       14169.541
          0.148        855.8911       13671.429
           0.15       829.03744       13190.826
          0.152       803.12779       12727.119
          0.154       778.12897       12279.713
          0.156       754.00894       11848.035
          0.158       730.73683       11431.532
           0.16       708.28282        11029.67
          0.162       686.61815       10641.936
          0.164       665.71507       10267.832
          0.166       645.54682        9906.879
          0.168       626.08756       9558.6149
           0.17       607.31236       9222.5936
          0.172       589.19718       8898.3847
          0.174       571.71882        8585.573
          0.176       554.85489       8283.7578
          0.178       538.58379       7992.5525
           0.18       522.88468       7711.5842
          0.182       507.73745        7440.493
          0.184       493.12271       7178.9317
          0.186       479.02173       6926.5652
          0.188       465.41645       6683.0703
           0.19       452.28944       6448.1353
          0.192       439.62391        6221.459
          0.194       427.40361       6002.7513
          0.196        415.6129        5791.732
          0.198       404.23668       5588.1308
            0.2       393.26038        5391.687
          0.202       382.66993       5202.1489
          0.204       372.45178       5019.2738
          0.206       362.59284       4842.8274
          0.208       353.08047       4672.5838
           0.21        343.9025       4508.3249
          0.212       335.04717       4349.8403
          0.214       326.50314       4196.9271
          0.216       318.25946       4049.3893
          0.218       310.30558        3907.038
           0.22       302.63131       3769.6909
          0.222       295.22682       3637.1721
          0.224       288.08262       3509.3118
          0.226       281.18957       3385.9462
          0.228       274.53884       3266.9175
           0.23        268.1219        3152.073
          0.232       261.93055       3041.2658
          0.234       255.95684       2934.3539
          0.236       250.19313       2831.2003
          0.238       244.63204        2731.673
           0.24       239.26644       2635.6444
          0.242       234.08946       2542.9915
          0.244       229.09447       2453.5958
          0.246       224.27508       2367.3427
          0.248        219.6251       2284.1217
           0.25       215.13859       2203.8262
          0.252        210.8098       2126.3534
          0.254       206.63318       2051.6041
          0.256       202.60338       1979.4825
          0.258       198.71525       1909.8962
           0.26        194.9638       1842.7562
          0.262       191.34422       1777.9764
          0.264       187.85189       1715.4738
          0.266       184.48233       1655.1684
          0.268       181.23122       1596.9831
           0.27       178.09439       1540.8431
          0.272       175.06784       1486.6766
          0.274       172.14769       1434.4144
          0.276       169.33019       1383.9893
          0.278       166.61173       1335.3368
           0.28       163.98884       1288.3947
          0.282       161.45815       1243.1028
          0.284       159.01643       1199.4031
          0.286       156.66054       1157.2396
          0.288       154.38747       1116.5582
           0.29       152.19431        1077.307
          0.292       150.07824       1039.4356
          0.294       148.03656       1002.8955
          0.296       146.06666       967.63998
          0.298         144.166        933.6238
            0.3       142.33216        900.8034
          0.302       140.56279       869.13675
          0.304       138.85562       838.58332
          0.306       137.20846       809.10397
          0.308        135.6192       780.66093
           0.31       134.08581       753.21775
          0.312       132.60633        726.7393
          0.314       131.17886        701.1917
          0.316       129.80156       676.54218
          0.318       128.47269       652.75915
           0.32       127.19053        629.8122
          0.322       125.95344       607.67195
          0.324       124.75984          586.31
          0.326        123.6082       565.69898
          0.328       122.49704       545.81253
           0.33       121.42495       1032.8203
          0.332       118.36576       1864.1631
          0.334        113.9683        2875.347
          0.336       106.86437       3388.0163
          0.338       100.41623       3433.6075
           0.34       93.129944       3358.3378
          0.342        86.98288       2829.4898
          0.344       81.811985       2540.5294
          0.346       76.820762         2635.79
          0.348       71.268825       2645.7845
           0.35       66.237624       2332.1548
          0.352       61.940206       2117.7587
          0.354        57.76659       2204.6075
          0.356       53.121776       2191.2993
          0.358       49.001392       2103.4978
           0.36       44.707784       2220.5829
          0.362       40.119061       1913.8603
          0.364       37.052343       1607.0279
          0.366       33.690949       1499.3982
          0.368        31.05475       1384.7543
           0.37       28.151932       1427.1018
          0.372       25.346343       1323.4525
          0.374       22.858122       1029.7726
          0.376       21.227252       811.75653
          0.378       19.611096       851.99519
           0.38       17.819272        839.1752
          0.382       16.254395       690.45102
          0.384       15.057468       498.09987
          0.386       14.261996       401.45824
          0.388       13.451635       426.88478
           0.39       12.554456       397.04221
          0.392       11.863466       358.56205
          0.394       11.120208       338.44693
          0.396       10.509678       319.49489
          0.398       9.8422287       286.52815
            0.4       9.3635655       236.92869
          0.402        8.894514       203.85006
          0.404       8.5481653       191.02998
          0.406        8.130394       192.47865
          0.408       7.7782507       192.74468
           0.41       7.3594153       174.66619
          0.412       7.0795859       148.47665
          0.414       6.7655087       162.47201
          0.416       6.4296978       129.57685
          0.418       6.2472013       110.26407
           0.42       5.9886416       122.03274
          0.422       5.7590704       127.87769
          0.424       5.4771308       131.12219
          0.426       5.2345816       114.70221
          0.428        5.018322       107.63059
           0.43       4.8040593       125.72436
          0.432       4.5154245       113.11817
          0.434       4.3515866       96.522478
          0.436       4.1293346       95.464551
          0.438       3.9697284        92.28347
           0.44       3.7602007       89.072767
          0.442       3.6134373       86.025137
          0.444       3.4161002       98.605764
          0.446       3.2190143       83.433197
          0.448       3.0823674       80.377185
           0.45       2.8975055       95.642973
          0.452       2.6997955       93.907213
          0.454       2.5218767       81.009852
          0.456       2.3757561       78.213058
          0.458       2.2090244       92.331503
           0.46       2.0064301       94.512566
          0.462       1.8309742       77.199957
          0.464       1.6976303       65.161211
          0.466       1.5703293       74.119023
          0.468       1.4011542       82.358231
           0.47       1.2408964        68.83775
          0.472       1.1258032       75.612689
          0.474      0.93844564       71.720333
          0.476      0.83892183       44.959377
          0.478      0.75860814       59.753382
           0.48       0.5999083       67.614677
          0.482      0.48814943       55.697961
          0.484      0.37711646       59.811212
          0.486      0.24890458         69.7553
          0.488     0.098095257       50.830605
           0.49     0.045582158       39.809518
          0.492    -0.061142816       52.977582
          0.494     -0.16632817       58.118742
          0.496     -0.29361778        48.23238
          0.498     -0.35925769       29.424095
            0.5     -0.41131416       36.754653
          0.502      -0.5062763       38.917925
          0.504     -0.56698586        38.63452
          0.506     -0.66081438         31.6456
          0.508     -0.69356826       20.411303
           0.51     -0.74245959       24.716971
          0.512     -0.79243614       21.341122
          0.514     -0.82782408       24.609107
          0.516     -0.89087257       22.030117
          0.518     -0.91594455       13.759848
           0.52     -0.94591197       15.530955
          0.522     -0.97806837       15.940925
          0.524      -1.0096757       9.0132036
          0.526      -1.0141212        17.24547
          0.528      -1.0786575       14.548647
           0.53      -1.0723158      -2.0612485
          0.532      -1.0704126        14.80137
          0.534      -1.1315212        14.15331
          0.536      -1.1270258       10.440544
          0.538      -1.1732834       5.0707175
           0.54      -1.1473087        9.999354
          0.542      -1.2132808       14.996338
          0.544       -1.207294        4.239152
          0.546      -1.2302374       10.641542
          0.548      -1.2498602        6.476654
           0.55      -1.2561441       -1.147793
          0.552       -1.245269       9.8551793
          0.554      -1.2955648       7.5915368
          0.556      -1.2756352         4.15632
          0.558      -1.3121901       -1.312479
           0.56      -1.2703852      -5.2629693
          0.562      -1.2911382      -2.3340637
          0.564       -1.261049       -3.632127
          0.566      -1.2766097       11.327599
          0.568      -1.3063594      -9.9954738
           0.57      -1.2366278      -8.3567533
          0.572      -1.2729324       10.692179
          0.574      -1.2793965     -0.48899825
          0.576      -1.2709764      -3.3105697
          0.578      -1.2661542      -5.6572487
           0.58      -1.2483474      -2.2371665
          0.582      -1.2572055      -3.3791627
          0.584      -1.2348307      -2.8260885
          0.586      -1.2459012       3.8651908
          0.588      -1.2502915      -1.4235505
           0.59       -1.240207      -12.163356
          0.592      -1.2016381      -10.116263
          0.594      -1.1997419       2.0707702
          0.596      -1.2099211       -11.40052
          0.598      -1.1541399      -3.4351073
            0.6      -1.1961807       10.081786
          0.602       -1.194467      -7.9419815
          0.604      -1.1644128      -19.486726
          0.606      -1.1165201      -10.259401
          0.608      -1.1233752      -7.7044888
           0.61      -1.0857021      -16.721985
          0.612      -1.0564872      -5.8936018
          0.614      -1.0621277       -2.726626
          0.616      -1.0455807      -15.677171
          0.618     -0.99941905      -12.228676
           0.62     -0.99666604       0.8070859
          0.622      -1.0026474      -21.448815
          0.624     -0.91087078      -26.205162
          0.626     -0.89782675       -16.18309
          0.628     -0.84613842     -0.95570692
           0.63     -0.89400392       4.8582838
          0.632     -0.86557156      -18.976452
          0.634     -0.81809811      -7.4035169
          0.636     -0.83595749      -2.1422869
          0.638     -0.80952896      -22.364247
           0.64      -0.7465005      -23.402329
          0.642     -0.71591965      -9.2835993
          0.644     -0.70936611      -14.805181
          0.646     -0.65669893      -19.971584
          0.648     -0.62947977       -12.13914
           0.65     -0.60814237      -6.5739206
          0.652     -0.60318409       -10.83509
          0.654     -0.56480201      -15.351502
          0.656     -0.54177808       -20.86507
          0.658     -0.48134172      -9.7158401
           0.66     -0.50291472       0.2527266
          0.662     -0.48235263       -5.892282
          0.664     -0.47934559      -7.0211506
          0.666     -0.45426803      -19.238458
          0.668     -0.40239176      -17.999882
           0.67      -0.3822685      -12.175747
          0.672     -0.35368877      -9.1233712
          0.674     -0.34577502      -8.9116856
          0.676     -0.31804203      -16.414413
          0.678     -0.28011737      -11.953236
           0.68     -0.27022909      -9.5914796
          0.682     -0.24175145      -11.199425
          0.684     -0.22543139      -10.832301
          0.686     -0.19842224      -7.7126536
          0.688     -0.19458077      -10.789964
           0.69     -0.15526239       -19.51842
          0.692     -0.11650709      -14.147391
          0.694    -0.098672823      -12.981695
          0.696    -0.064580311      -6.8371239
          0.698    -0.071324328       2.9973378
            0.7    -0.076569662       3.5620009
          0.702    -0.085572331      -2.9720139
          0.704    -0.064681607      -7.7067376
          0.706    -0.054745381      -5.7330601
          0.708    -0.041749366      -20.746335
           0.71     0.028239958      -19.016564
          0.712     0.034316892       -9.478998
          0.714      0.06615595      -4.6687522
          0.716     0.052991901      -2.7918928
          0.718     0.077323521      0.35325669
           0.72     0.051578874       9.3540005
          0.722     0.039907519     -0.85363025
          0.724     0.054993395      -2.7927917
          0.726     0.051078686      0.45122977
          0.728     0.053188476      0.16065427
           0.73     0.050436069       2.3704372
          0.732     0.043706727      -1.2056847
          0.734     0.055258807       -3.012752
          0.736     0.055757735       -1.786822
          0.738     0.062406095       -3.824793
           0.74     0.071056907        5.512032
          0.742     0.040357967       3.8028085
          0.744     0.055845673     -0.86743235
          0.746     0.043827697      0.79644823
          0.748      0.05265988       1.2405167
           0.75      0.03886563      -1.7331472
          0.752     0.059592469      0.24214016
          0.754     0.037897069       11.390715
          0.756      0.01402961       11.309985
          0.758   -0.0073428728       7.5650174
           0.76    -0.016230459       1.4331056
          0.762    -0.013075295      -1.2228888
          0.764    -0.011338904       10.804283
          0.766    -0.056292429       10.854406
          0.768     -0.05475653      -3.1980104
           0.77    -0.043500387      0.65466853
          0.772    -0.057375204       14.057925
          0.774    -0.099732087       16.055746
          0.776     -0.12159819       10.583734
          0.778     -0.14206702       3.1739226
           0.78     -0.13429388       1.5264344
          0.782     -0.14817276       12.580186
          0.784     -0.18461462       10.612591
          0.786     -0.19062312       4.5507573
          0.788     -0.20281765       8.5574522
           0.79     -0.22485293       11.852847
          0.792     -0.25022904       10.674465
          0.794     -0.26755079       9.0065146
          0.796      -0.2862551        10.67388
          0.798     -0.31024631       4.5811816
            0.8     -0.30457982       7.6321958
          0.802      -0.3407751       16.172552
          0.804     -0.36927003       3.4802376
          0.806     -0.35469605       1.6995147
          0.808     -0.37606809       6.1307222
           0.81     -0.37921893       9.2735316
          0.812     -0.41316222       6.5223005
          0.814     -0.40530814       5.1595152
          0.816     -0.43380028       12.959972
          0.818     -0.45714803       6.5548243
           0.82     -0.46001958     -0.50429508
          0.822     -0.45513085       7.6702765
          0.824     -0.49070068      0.47234955
          0.826     -0.45702024      -6.4179347
          0.828     -0.46502894       3.0712451
           0.83     -0.46930522       6.0113636
          0.832      -0.4890744       4.4567552
          0.834     -0.48713225      -2.9080802
          0.836     -0.47744208       3.4096389
          0.838      -0.5007708       1.2285866
           0.84     -0.48235642      -4.1176888
          0.842     -0.48430005       5.2177305
          0.844     -0.50322735       4.3579352
          0.846     -0.50173179      -1.2612267
          0.848     -0.49818244      -6.3780155
           0.85     -0.47621972      -8.1075939
          0.852     -0.46575206      -4.1872454
          0.854     -0.45947074      -6.1700615
          0.856     -0.44107182      -6.5021987
          0.858     -0.43346195     -0.24427908
           0.86      -0.4400947      -3.5303887
          0.862     -0.41934039      -9.2053279
          0.864     -0.40327339      -8.3343581
          0.866     -0.38600296      -4.5115725
          0.868      -0.3852271      -1.0692157
           0.87      -0.3817261      -7.1775822
          0.872     -0.35651677      -6.9634455
          0.874     -0.35387232      -4.9509226
          0.876     -0.33671308      -10.843803
          0.878      -0.3104971      -7.3512845
           0.88     -0.30730794      -2.4135582
          0.882     -0.30084287      -11.107967
          0.884     -0.26287608      -6.4064336
          0.886     -0.27521714      -3.0070276
          0.888     -0.25084797      -10.460683
           0.89      -0.2333744      -9.8962502
          0.892     -0.21126297      -10.723382
          0.894     -0.19048087      -8.3968383
          0.896     -0.17767561      -3.6738853
          0.898     -0.17578533      -2.3497471
            0.9     -0.16827662      -4.0508391
          0.902     -0.15958198      -1.3626539
          0.904     -0.16282601      -7.0352752
          0.906     -0.13144087      -12.265996
          0.908     -0.11376202      -11.534427
           0.91    -0.085303166      -12.516346
          0.912     -0.06369664      -10.102247
          0.914    -0.044894179      -11.701874
          0.916    -0.016889143      -4.9770313
          0.918    -0.024986054      0.70272599
           0.92    -0.019700047      -9.1738649
          0.922     0.011709406      -9.0854796
          0.924     0.016641871      -10.296457
          0.926     0.052895232      -7.6109482
          0.928     0.047085663      -8.8886119
           0.93      0.08844968      -12.103117
          0.932      0.09549813      -7.3090001
          0.934      0.11768568      -5.3291955
          0.936      0.11681491      -8.9923457
          0.938      0.15365506      -13.943175
           0.94      0.17258761      -5.2055457
          0.942      0.17447725      -6.8174333
          0.944      0.19985734      -9.3336234
          0.946      0.21181174      -10.110174
          0.948      0.24029804      -12.270962
           0.95      0.26089559      -8.0961682
          0.952      0.27268271      -5.6604669
          0.954      0.28353746      -6.0354253
          0.956      0.29682441       -10.66485
          0.958      0.32619686      -7.5311486
           0.96      0.32694901      -8.2769364
          0.962       0.3593046      -4.4768473
          0.964       0.3448564       2.4131643
          0.966      0.34965195      -3.7925943
          0.968      0.36002678      -1.7368477
           0.97      0.35659934      -1.6074365
          0.972      0.36645652      -4.8260097
          0.974      0.37590337      -2.2300701
          0.976       0.3753768      0.25273757
          0.978      0.37489242       6.8727629
           0.98      0.34788575       10.310967
          0.982      0.33364856       2.8384637
          0.984       0.3365319       3.1844113
          0.986      0.32091091       9.5880035
          0.988      0.29817988      -1.1534624
           0.99      0.32552476     -0.53758808
          0.992      0.30033023       6.8018892
          0.994       0.2983172       10.917078
          0.996      0.25666192       8.5274109
          0.998      0.26420756       7.2923366
              1      0.22749258       14.040774
          1.002      0.20804446       14.195881
          1.004      0.17070905       13.652537
          1.006      0.15343432        1.275436
          1.008      0.16560731       3.3396228
           1.01      0.14007582       8.1664885
          1.012      0.13294135       9.7966235
          1.014      0.10088933       5.0170287
          1.016      0.11287324       0.7382034
          1.018     0.097936517       9.6952184
           1.02     0.074092365       4.4524818
          1.022      0.08012659      -3.0554326
          1.024     0.086314095       2.0756697
          1.026     0.071823911     -0.92979227
          1.028     0.090033264      -2.7976685
           1.03     0.083014585       1.8082314
          1.032     0.082800339       2.0806186
          1.034     0.074692111     -0.51959468
          1.036     0.084878718      -7.9921949
          1.038      0.10666089      -4.8432339
           1.04      0.10425165       3.7439255
          1.042     0.091685188      -3.0543413
          1.044      0.11646902      -16.569829
          1.046      0.15796451      -3.3968507
          1.048      0.13005642       5.8153048
           1.05      0.13470329      0.27571123
          1.052      0.12895358      -2.8238624
          1.054      0.14599874       -4.175755
          1.056       0.1456566       0.6049691
          1.058      0.14357886        6.692036
           1.06      0.11888845       10.903931
          1.062     0.099963135       2.5070781
          1.064      0.10886014       -3.200181
          1.066      0.11276386       5.6211718
          1.068     0.086375452       9.7874091
           1.07     0.073614222       2.4514881
          1.072       0.0765695      0.71212971
          1.074     0.070765703        9.451478
          1.076     0.038763588       9.0354594
          1.078     0.034623866      -2.5080293
           1.08     0.048795705       4.4356533
          1.082     0.016881252       8.6650819
          1.084     0.014135378        5.298788
          1.086   -0.0043138998       5.9999189
          1.088   -0.0098642979       6.5821391
           1.09    -0.030642456       4.8976414
          1.092    -0.029454863       2.8491942
          1.094    -0.042039233       4.8349933
          1.096    -0.048794837        2.521854
          1.098    -0.052126649       3.5777224
            1.1    -0.063105726       3.6749451
          1.102    -0.066826429       4.8414699
          1.104    -0.082471605       7.1743691
          1.106    -0.095523906       3.1205941
          1.108    -0.094953982       -1.761405
           1.11    -0.088478286       4.4307667
          1.112     -0.11267705       6.8117547
          1.114      -0.1157253       4.6681514
          1.116     -0.13134965       5.0918703
          1.118     -0.13609279     -0.19182965
           1.12     -0.13058234       2.0108343
          1.122     -0.14413612       2.1491829
          1.124     -0.13917907      0.28203567
          1.126     -0.14526427       5.5997868
          1.128     -0.16157821      0.99722168
           1.13     -0.14925315     -0.26298748
          1.132     -0.16052626        9.332686
          1.134      -0.1865839       6.7173377
          1.136     -0.18739562     -0.37153758
          1.138     -0.18509775      -2.9631477
           1.14     -0.17554302      0.63315632
          1.142     -0.18763037       5.5497257
          1.144     -0.19774193      -1.3143365
          1.146     -0.18237303       2.0163771
          1.148     -0.20580744       6.2001753
           1.15     -0.20717373       1.1441527
          1.152     -0.21038405        1.849391
          1.154     -0.21457129        4.594931
          1.156     -0.22876377      0.51008775
          1.158     -0.21661164       -5.178651
           1.16     -0.20804917       0.0020669
          1.162     -0.21661991       5.7256941
          1.164     -0.23095194       6.1341119
          1.166     -0.24115636      -2.0604293
          1.168     -0.22271022      -3.6394271
           1.17     -0.22659865       4.8877091
          1.172     -0.24226106       4.6503734
          1.174     -0.24520014      -1.3770001
          1.176     -0.23675306      -1.2436671
          1.178     -0.24022547      0.23207592
           1.18     -0.23768136     -0.54604805
          1.182     -0.23804128       1.5029745
          1.184     -0.24369326       1.6213542
          1.186      -0.2445267      -1.5470284
          1.188     -0.23750515      -4.2077982
           1.19      -0.2276955      -3.3072602
          1.192     -0.22427611     -0.08752375
          1.194     -0.22734541      -1.3325772
          1.196      -0.2189458      -1.5764172
          1.198     -0.22103974     -0.93024363
            1.2     -0.21522483      -3.5882223
          1.202     -0.20668685     -0.72608818
          1.204     -0.21232047       8.7914356
          1.206     -0.24185259       0.5586157
          1.208     -0.21455494       -3.107756
           1.21     -0.22942157        1.517999
          1.212     -0.22062693       2.1214117
          1.214     -0.23790722       0.0799519
          1.216     -0.22094674      -2.4534969
          1.218     -0.22809323      -2.6733222
           1.22     -0.21025345        -5.74216
          1.222     -0.20512459     -0.43130428
          1.224     -0.20852823      -1.2183775
          1.226     -0.20025108      -2.4468956
          1.228     -0.19874065      -3.8530625
           1.23     -0.18483883       1.6572025
          1.232     -0.20536946       0.0553853
          1.234     -0.18506037      -2.7178745
          1.236     -0.19449796       2.2697643
          1.238     -0.19413943      -2.2844729
           1.24     -0.18536007       1.6191312
          1.242     -0.20061595        5.080925
          1.244     -0.20568377       -1.241193
          1.246     -0.19565118      -2.9517239
          1.248     -0.19387688      -1.3024423
           1.25     -0.19044141       1.0314654
          1.252     -0.19800274       1.2205333
          1.254     -0.19532354      -2.9842057
          1.256     -0.18606591      -6.4343918
          1.258     -0.16958598       -3.771799
           1.26     -0.17097872       1.9805808
          1.262      -0.1775083       3.4615755
          1.264     -0.18482502       1.6194169
          1.266     -0.18398597      -1.7484753
          1.268     -0.17783112       -3.049117
           1.27      -0.1717895      -4.7875797
          1.272      -0.1586808      -2.6504714
          1.274     -0.16118761       2.7499702
          1.276     -0.16968068       2.5929435
          1.278     -0.17155939       2.9608361
           1.28     -0.18152403      -2.3937693
          1.282     -0.16198431      -1.9570013
          1.284     -0.17369602     -0.98983148
          1.286     -0.15802499       -6.295705
          1.288      -0.1485132       1.2150402
           1.29     -0.16288515       1.6363951
          1.292     -0.15505878      -4.3083667
          1.294     -0.14565168      0.70087013
          1.296     -0.15786226      0.28381062
          1.298     -0.14678692      -2.0404325
            1.3     -0.14970053       -1.282206
          1.302      -0.1416581      -2.7977421
          1.304     -0.13850956       -4.004345
          1.306     -0.12564072      -5.9236297
          1.308     -0.11481504      0.64732785
           1.31     -0.12823003       4.4857425
          1.312     -0.13275801      -2.1315978
          1.314     -0.11970364      -4.0828084
          1.316     -0.11642678       2.9461789
          1.318     -0.13148835       0.6822784
           1.32     -0.11915589        -3.60422
          1.322     -0.11707147      -3.1209977
          1.324      -0.1066719       2.8144454
          1.326     -0.12832926       4.2258234
          1.328      -0.1235752      -0.4039104
           1.33     -0.12671361      -1.5979097
          1.332     -0.11718356      -3.5134368
          1.334     -0.11265987      -3.1463382
          1.336      -0.1045982         1.28847
          1.338     -0.11781375       2.2632032
           1.34     -0.11365102       -2.498667
          1.342     -0.10781908      -3.7232361
          1.344    -0.098758073      -2.2608293
          1.346    -0.098775761     -0.76164975
          1.348    -0.095711474     -0.79402056
           1.35    -0.095599679      0.32773595
          1.352    -0.097022418     0.035793155
          1.354    -0.095742852      -1.2021357
          1.356    -0.092213875      -4.5258793
          1.358    -0.077639334      -1.1862561
           1.36    -0.087468851      -2.5186922
          1.362    -0.067564566      -3.3747009
          1.364    -0.073970047     -0.63041722
          1.366    -0.065042897      0.11177469
          1.368    -0.074417146    -0.048028608
           1.37    -0.064850782      -2.0792799
          1.372    -0.066100027       -1.418266
          1.374    -0.059177718      -2.1238289
          1.376    -0.057604711      0.43044844
          1.378    -0.060899512       1.0135935
           1.38    -0.061659085      -0.5920963
          1.382    -0.058531127      -1.7035703
          1.384    -0.054844804     0.052231462
          1.386    -0.058740053      -1.2250152
          1.388    -0.049944743      -4.0299701
           1.39    -0.042620172      -3.8780924
          1.392    -0.034432373      -2.8664159
          1.394    -0.031154509      -4.0981166
          1.396    -0.018039907      -3.2454658
          1.398    -0.018172645        3.103947
            1.4    -0.030455695      0.01870973
          1.402    -0.018247484      -2.6658657
          1.404    -0.019792232      -1.5542026
          1.406    -0.012030674      -1.7353919
          1.408    -0.012850665       -2.194408
           1.41   -0.0032530416      -3.3461056
          1.412   0.00053375781      -1.2881872
          1.414     0.001899707      -1.2531639
          1.416    0.0055464135      -4.4414302
          1.418     0.019665428      0.30006811
           1.42     0.004346141     -0.49090972
          1.422     0.021629067      -4.4994442
          1.424     0.022343918       2.8001076
          1.426     0.010428636       4.2228565
          1.428    0.0054524916      -3.7347059
           1.43      0.02536746      -3.8850634
          1.432     0.020992745      0.89670819
          1.434     0.021780627     -0.25311628
          1.436      0.02200521       1.2744639
          1.438     0.016682772      -0.1409306
           1.44     0.022568933      -4.4398967
          1.442     0.034442359      -1.0386973
          1.444     0.026723722        3.321921
          1.446     0.021154675       -1.535033
          1.448     0.032863854      -2.8091286
           1.45     0.032391189       2.6875229
          1.452     0.022113762      0.08393407
          1.454     0.032055453      -2.2568701
          1.456     0.031141243     -0.12910411
          1.458     0.032571869       1.2717467
           1.46     0.026054256       -2.391527
          1.462     0.042137977       -5.740468
          1.464     0.049016128       2.5152325
          1.466     0.032077047       5.9614526
          1.468     0.025170318      -1.0586122
           1.47     0.036311496      -3.7945243
          1.472     0.040348415      -2.8888158
          1.474     0.047866759     -0.21740153
          1.476     0.041218021      0.26981402
          1.478     0.046787503        -4.06267
           1.48     0.057468701      0.12461947
          1.482     0.046289025      0.31912331
          1.484     0.056192208       1.7041779
          1.486     0.039472314        2.353877
          1.488       0.0467767      -3.6990471
           1.49     0.054268502      -3.8602113
          1.492     0.062217545       3.1347779
          1.494      0.04172939       5.0110132
          1.496     0.042173492      -0.8760947
          1.498     0.045233769     -0.43276256
            1.5     0.043904542       1.5582559
          1.502     0.039000746     0.021484578
          1.504     0.043818604     -0.79614798
          1.506     0.042185338      0.52399689
          1.508     0.041722617       -1.002178
           1.51      0.04619405      -1.0423641
          1.512     0.045892073     -0.25862837
          1.514     0.047228563      0.11541358
          1.516     0.045430419       -0.612738
          1.518     0.049679515     0.047713275
           1.52     0.045239566     -0.32377737
          1.522     0.050974624       2.3810992
          1.524     0.035715169       6.0215145
          1.526     0.026888566       1.3727976
          1.528     0.030223978     -0.53189554
           1.53     0.029016149     -0.91167088
          1.532     0.033870662     -0.67796612
          1.534     0.031728013       1.8927351
          1.536     0.026299721      -1.7613852
          1.538     0.038773554      -1.1499109
           1.54     0.030899365       3.6564075
          1.542     0.024147924     -0.43584906
          1.544     0.032642761      -3.5453601
          1.546     0.038329364      0.85658128
          1.548     0.029216436       4.6293903
           1.55     0.019811803     -0.22773838
          1.552      0.03012739      -3.7040269
          1.554      0.03462791      0.35536138
          1.556     0.028705944       1.8929852
          1.558     0.027055969      0.22208622
           1.56     0.027817599       1.0141132
          1.562     0.022999517       2.0737084
          1.564     0.019522766      -1.3385815
          1.566     0.028353843      -1.6060072
          1.568     0.025946795       1.0512951
           1.57     0.024148662       1.9150776
          1.572     0.018286484      -1.4431871
          1.574     0.029921411      0.59409538
          1.576     0.015910103       1.3466196
          1.578     0.024534932     -0.97617446
           1.58       0.0198148       4.3377019
          1.582    0.0071841247    -0.027011897
          1.584     0.019922848      -2.8180381
          1.586     0.018456277       1.3459081
          1.588     0.014539216      0.55260962
           1.59     0.016245839      -1.9499154
          1.592     0.022338877     -0.92469563
          1.594     0.019944621       3.1120525
          1.596    0.0098906673       3.5294232
          1.598    0.0058269283     -0.14575907
            1.6     0.010473704     0.041742562
          1.602    0.0056599581      0.87820717
          1.604    0.0069608749      -4.0965252
          1.606     0.022046059      -1.3214754
          1.608     0.012246776     -0.38010458
           1.61     0.023566477      -1.3749065
          1.612     0.017746403       1.8547775
          1.614     0.016147367      -1.9120782
          1.616     0.025394716      0.39682838
          1.618     0.014560054       2.5756011
           1.62     0.015092311     -0.21816955
          1.622     0.015432732      -1.2273382
          1.624     0.020001664     -0.69887932
          1.626     0.018228249      -1.8923489
          1.628      0.02757106     -0.59559396
           1.63     0.020610625       3.0247366
          1.632     0.015472113       1.4517966
          1.634     0.014803439      -2.2829294
          1.636      0.02460383     -0.54822219
          1.638     0.016996327       2.0473904
           1.64     0.016414269      -0.6430224
          1.642     0.019568417    -0.000818735
          1.644     0.016417544     -0.55566641
          1.646     0.021791083      -1.8050917
          1.648     0.023637911       2.1438387
           1.65     0.013215728       1.6916088
          1.652     0.016871475        1.085669
          1.654    0.0088730514       2.3673179
          1.656    0.0074022038      -1.8420367
          1.658     0.016241198     -0.42186145
           1.66    0.0090896496      -1.1652144
          1.662     0.020902056      -1.5358017
          1.664     0.015232857      -1.1473838
          1.666     0.025491591      -3.8263609
          1.668       0.0305383       1.3233098
           1.67     0.020198352       1.2864567
          1.672     0.025392473      -3.5151319
          1.674     0.034258879       -1.974228
          1.676     0.033289385       1.1178791
          1.678     0.029787363      -0.2650904
           1.68     0.034349747      0.84822496
          1.682     0.026394463       3.5705955
          1.684     0.020067365      -2.2977051
          1.686     0.035585283      -0.7615641
          1.688     0.023113621       1.4862373
           1.69     0.029640334      -1.6986256
          1.692     0.029908124       -2.704969
          1.694      0.04046021      -3.2715442
          1.696       0.0429943     -0.72491557
          1.698     0.043359872       2.7349409
            1.7     0.032054537       2.6099741
          1.702     0.032919976      -2.3572188
          1.704     0.041483412      -1.7945953
          1.706     0.040098357       2.6984755
          1.708      0.03068951      0.54914198
           1.71     0.037901789     -0.41740091
          1.712     0.032359114     -0.37833111
          1.714     0.039415114      -1.2124984
          1.716     0.037209107     -0.13588808
          1.718     0.039958666     -0.34332442
           1.72     0.038582405      0.45395983
          1.722     0.038142827      -0.5126983
          1.724     0.040633198      0.18109052
          1.726     0.037418465       1.2681918
          1.728     0.035560431     -0.73069643
           1.73     0.040341251        -1.89836
          1.732     0.043153871       2.4148718
          1.734     0.030681763          3.0427
          1.736     0.030983071      0.25402807
          1.738     0.029665651     -0.33887912
           1.74     0.032338588       -3.589706
          1.742     0.044024475      -1.1116235
          1.744     0.036785081       4.3852561
          1.746     0.026483451     -0.17694417
          1.748     0.037492858      -1.7692869
           1.75     0.033560598      0.86169935
          1.752     0.034046061       2.2974202
          1.754     0.024370917      0.50596391
          1.756     0.032022205      -2.5531922
          1.758     0.034583686     0.002173045
           1.76     0.032013513     -0.39598183
          1.762     0.036167613       1.4145215
          1.764     0.026355427        2.175952
          1.766     0.027463806      -2.0189276
          1.768     0.034431138      -1.8078994
           1.77     0.034695403      0.56963706
          1.772     0.032152589       3.0986393
          1.774     0.022300846       1.2077229
          1.776     0.027321698      -2.8507888
          1.778     0.033704001        1.340485
           1.78     0.021959758      0.64852878
          1.782     0.031109886      -2.5167672
          1.784     0.032026827       1.4173751
          1.786     0.025440386     -0.03127842
          1.788      0.03215194      -2.2210627
           1.79     0.034324636       1.3067192
          1.792     0.026925064       2.1716625
          1.794     0.025637986       1.5386054
          1.796     0.020770642    -0.071095195
          1.798     0.025922367      -3.6076791
            1.8     0.035201359      0.86505441
          1.802      0.02246215       1.5166952
          1.804     0.029134578     -0.41994459
          1.806     0.024141928       3.2637351
          1.808     0.016079638       1.5646831
           1.81     0.017883195      -1.1411837
          1.812     0.020644372      0.57561757
          1.814     0.015580725      -1.3259857
          1.816     0.025948315      -1.5981489
          1.818     0.021973321      0.79800467
           1.82     0.022756296      0.48258132
          1.822     0.020042996     -0.62727196
          1.824     0.025265384     -0.77479983
          1.826     0.023142195      0.18902002
          1.828     0.024509304      -1.0398087
           1.83      0.02730143      0.29428222
          1.832     0.023332175       1.3174381
          1.834     0.022031677       2.0241737
          1.836     0.015235481       2.7941268
          1.838      0.01085517      -1.4104404
           1.84     0.020877242     -0.46035531
          1.842     0.012696591       2.2036998
          1.844     0.012062443      -1.2949665
          1.846     0.017876457      -2.4124995
          1.848     0.021712441      0.79749029
           1.85     0.014686496       2.0240985
          1.852     0.013616047      -1.0720891
          1.854     0.018974853     -0.46948065
          1.856      0.01549397       4.2901164
          1.858    0.0018143872       2.7114371
           1.86    0.0046482212      -1.0988993
          1.862    0.0062099844   -0.0026610085
          1.864    0.0046588652      0.37399432
          1.866    0.0047140071     -0.53586111
          1.868    0.0068023097     -0.47661267
           1.87    0.0066204578       2.6677542
          1.872   -0.0038687072     -0.17258763
          1.874    0.0073108083       -3.763028
          1.876     0.011183405     -0.44199243
          1.878    0.0090787781      -1.0083071
           1.88     0.015216633       2.6058976
          1.882   -0.0013448124       3.8103941
          1.884  -2.4943004e-05      -1.6999283
          1.886    0.0054549006       1.1879152
          1.888   -0.0047766037     -0.30477228
           1.89    0.0066739898      -4.0673288
          1.892     0.011492712       1.2070204
          1.894    0.0018459083       3.5760839
          1.896    -0.002811624       1.2447761
          1.898   -0.0031331961      -1.2833205
            1.9    0.0023216582      -1.3481243
          1.902     0.002259301      -1.0555134
          1.904    0.0065437119       1.2279831
          1.906   -0.0026526315       1.4704975
          1.908   0.00066172198       -3.630871
           1.91     0.011870853     -0.48608568
          1.912    0.0026060647        3.308415
          1.914   -0.0013628074      0.97481664
          1.916   -0.0012932019       -1.487244
          1.918    0.0045861686       -1.934117
           1.92    0.0064432662     -0.38681545
          1.922    0.0061334304      0.40719062
          1.924    0.0048145037       1.6066116
          1.926  -0.00029301586     -0.65492314
          1.928    0.0074341963      -3.7599314
           1.93      0.01474671     0.098570362
          1.932    0.0070399148      0.85790258
          1.934     0.011315099     -0.17192496
          1.936    0.0077276147      0.59420498
          1.938    0.0089382795     -0.26290305
           1.94    0.0087792269       1.1970948
          1.942    0.0041499003       1.3760239
          1.944    0.0032751311   -0.0086012845
          1.946    0.0041843054      -2.8381264
          1.948     0.014627637      -1.9155005
           1.95     0.011846307       2.2020677
          1.952    0.0058193659      0.87835369
          1.954    0.0083328926       -2.405621
          1.956      0.01544185        2.776531
          1.958   -0.0027732312        3.241027
           1.96     0.002477742       -1.242819
          1.962    0.0021980449     -0.58030243
          1.964    0.0047989517      -1.4277073
          1.966    0.0079088743     -0.43934863
          1.968    0.0065563462      -2.0173514
           1.97      0.01597828      -1.7600751
          1.972     0.013596647       1.3726665
          1.974     0.010487614        5.012436
          1.976   -0.0064530973       2.7415738
          1.978  -0.00047868124      -4.4057367
           1.98      0.01116985      -1.9857688
          1.982    0.0074643939       1.5095883
          1.984    0.0051314961      -1.1610997
          1.986     0.012108793       2.4229947
          1.988   -0.0045604825      0.88779637
           1.99    0.0085576072      -1.6983663
          1.992    0.0022329826     0.076852191
          1.994    0.0082501984      -1.1805123
          1.996    0.0069550317     -0.43417419
          1.998    0.0099868951       1.7387579
              2               0       2.4967238
          2.002               0               0
          2.004               0               0
          2.006               0               0
          2.008               0               0
           2.01               0               0
          2.012               0               0
          2.014               0               0
          2.016               0               0
          2.018               0               0
           2.02               0               0
          2.022               0               0
          2.024               0               0
          2.026               0               0
          2.028               0               0
           2.03               0               0
          2.032               0               0
          2.034               0               0
          2.036               0               0
          2.038               0               0
           2.04               0               0
          2.042               0               0
          2.044               0               0
          2.046               0               0
          2.048               0               0
           2.05               0               0
          2.052               0               0
          2.054               0               0
          2.056               0               0
          2.058               0               0
           2.06               0               0
          2.062               0               0
          2.064               0               0
          2.066               0               0
          2.068               0               0
           2.07               0               0
          2.072               0               0
          2.074               0               0
          2.076               0               0
          2.078               0               0
           2.08               0               0
          2.082               0               0
          2.084               0               0
          2.086               0               0
          2.088               0               0
           2.09               0               0
          2.092               0               0
          2.094               0               0
          2.096               0               0
          2.098               0               0
            2.1               0               0
          2.102               0               0
          2.104               0               0
          2.106               0               0
          2.108               0               0
           2.11               0               0
          2.112               0               0
          2.114               0               0
          2.116               0               0
          2.118               0               0
           2.12               0               0
          2.122               0               0
          2.124               0               0
          2.126               0               0
          2.128               0               0
           2.13               0               0
          2.132               0               0
          2.134               0               0
          2.136               0               0
          2.138               0               0
           2.14               0               0
          2.142               0               0
          2.144               0               0
          2.146               0               0
          2.148               0               0
           2.15               0               0
          2.152               0               0
          2.154               0               0
          2.156               0               0
          2.158               0               0
           2.16               0               0
          2.162               0               0
          2.164               0               0
          2.166               0               0
          2.168               0               0
           2.17               0               0
          2.172               0               0
          2.174               0               0
          2.176               0               0
          2.178               0               0
           2.18               0               0
          2.182               0               0
          2.184               0               0
          2.186               0               0
          2.188               0               0
           2.19               0               0
          2.192               0               0
          2.194               0               0
          2.196               0               0
          2.198               0               0
            2.2               0               0
          2.202               0               0
          2.204               0               0
          2.206               0               0
          2.208               0               0
           2.21               0               0
          2.212               0               0
          2.214               0               0
          2.216               0               0
          2.218               0               0
           2.22               0               0
          2.222               0               0
          2.224               0               0
          2.226               0               0
          2.228               0               0
           2.23               0               0
          2.232               0               0
          2.234               0               0
          2.236               0               0
          2.238               0               0
           2.24               0               0
          2.242               0               0
          2.244               0               0
          2.246               0               0
          2.248               0               0
           2.25               0               0
          2.252               0               0
          2.254               0               0
          2.256               0               0
          2.258               0               0
           2.26               0               0
          2.262               0               0
          2.264               0               0
          2.266               0               0
          2.268               0               0
           2.27               0               0
          2.272               0               0
          2.274               0               0
          2.276               0               0
          2.278               0               0
           2.28               0               0
          2.282               0               0
          2.284               0               0
          2.286               0               0
          2.288               0               0
           2.29               0               0
          2.292               0               0
          2.294               0               0
          2.296               0               0
          2.298               0               0
            2.3               0               0
          2.302               0               0
          2.304               0               0
          2.306               0               0
          2.308               0               0
           2.31               0               0
          2.312               0               0
          2.314               0               0
          2.316               0               0
          2.318               0               0
           2.32               0               0
          2.322               0               0
          2.324               0               0
          2.326               0               0
          2.328               0               0
           2.33               0               0
          2.332               0               0
          2.334               0               0
          2.336               0               0
          2.338               0               0
           2.34               0               0
          2.342               0               0
          2.344               0               0
          2.346               0               0
          2.348               0               0
           2.35               0               0
          2.352               0               0
          2.354               0               0
          2.356               0               0
          2.358               0               0
           2.36               0               0
          2.362               0               0
          2.364               0               0
          2.366               0               0
          2.368               0               0
           2.37               0               0
          2.372               0               0
          2.374               0               0
          2.376               0               0
          2.378               0               0
           2.38               0               0
          2.382               0               0
          2.384               0               0
          2.386               0               0
          2.388               0               0
           2.39               0               0
          2.392               0               0
          2.394               0               0
          2.396               0               0
          2.398               0               0
            2.4               0               0
          2.402               0               0
          2.404               0               0
          2.406               0               0
          2.408               0               0
           2.41               0               0
          2.412               0               0
          2.414               0               0
          2.416               0               0
          2.418               0               0
           2.42               0               0
          2.422               0               0
          2.424               0               0
          2.426               0               0
          2.428               0               0
           2.43               0               0
          2.432               0               0
          2.434               0               0
          2.436               0               0
          2.438               0               0
           2.44               0               0
          2.442               0               0
          2.444               0               0
          2.446               0               0
          2.448               0               0
           2.45               0               0
          2.452               0               0
          2.454               0               0
          2.456               0               0
          2.458               0               0
           2.46               0               0
          2.462               0               0
          2.464               0               0
          2.466               0               0
          2.468               0               0
           2.47               0               0
          2.472               0               0
          2.474               0               0
          2.476               0               0
          2.478               0               0
           2.48               0               0
          2.482               0               0
          2.484               0               0
          2.486               0               0
          2.488               0               0
           2.49               0               0
          2.492               0               0
          2.494               0               0
          2.496               0               0
          2.498               0               0
            2.5               0               0
          2.502               0               0
          2.504               0               0
          2.506               0               0
          2.508               0               0
           2.51               0               0
          2.512               0               0
          2.514               0               0
          2.516               0               0
          2.518               0               0
           2.52               0               0
          2.522               0               0
          2.524               0               0
          2.526               0               0
          2.528               0               0
           2.53               0               0
          2.532               0               0
          2.534               0               0
          2.536               0               0
          2.538               0               0
           2.54               0               0
          2.542               0               0
          2.544               0               0
          2.546               0               0
          2.548               0               0
           2.55               0               0
          2.552               0               0
          2.554               0               0
          2.556               0               0
          2.558               0               0
           2.56               0               0
          2.562               0               0
          2.564               0               0
          2.566               0               0
          2.568               0               0
           2.57               0               0
          2.572               0               0
          2.574               0               0
          2.576               0               0
          2.578               0               0
           2.58               0               0
          2.582               0               0
          2.584               0               0
          2.586               0               0
          2.588               0               0
           2.59               0               0
          2.592               0               0
          2.594               0               0
          2.596               0               0
          2.598               0               0
            2.6               0               0
          2.602               0               0
          2.604               0               0
          2.606               0               0
          2.608               0               0
           2.61               0               0
          2.612               0               0
          2.614               0               0
          2.616               0               0
          2.618               0               0
           2.62               0               0
          2.622               0               0
          2.624               0               0
          2.626               0               0
          2.628               0               0
           2.63               0               0
          2.632               0               0
          2.634               0               0
          2.636               0               0
          2.638               0               0
           2.64               0               0
          2.642               0               0
          2.644               0               0
          2.646               0               0
          2.648               0               0
           2.65               0               0
          2.652               0               0
          2.654               0               0
          2.656               0               0
          2.658               0               0
           2.66               0               0
          2.662               0               0
          2.664               0               0
          2.666               0               0
          2.668               0               0
           2.67               0               0
          2.672               0               0
          2.674               0               0
          2.676               0               0
          2.678               0               0
           2.68               0               0
          2.682               0               0
          2.684               0               0
          2.686               0               0
          2.688               0               0
           2.69               0               0
          2.692               0               0
          2.694               0               0
          2.696               0               0
          2.698               0               0
            2.7               0               0
          2.702               0               0
          2.704               0               0
          2.706               0               0
          2.708               0               0
           2.71               0               0
          2.712               0               0
          2.714               0               0
          2.716               0               0
          2.718               0               0
           2.72               0               0
          2.722               0               0
          2.724               0               0
          2.726               0               0
          2.728               0               0
           2.73               0               0
          2.732               0               0
          2.734               0               0
          2.736               0               0
          2.738               0               0
           2.74               0               0
          2.742               0               0
          2.744               0               0
          2.746               0               0
          2.748               0               0
           2.75               0               0
          2.752               0               0
          2.754               0               0
          2.756               0               0
          2.758               0               0
           2.76               0               0
          2.762               0               0
          2.764               0               0
          2.766               0               0
          2.768               0               0
           2.77               0               0
          2.772               0               0
          2.774               0               0
          2.776               0               0
          2.778               0               0
           2.78               0               0
          2.782               0               0
          2.784               0               0
          2.786               0               0
          2.788               0               0
           2.79               0               0
          2.792               0               0
          2.794               0               0
          2.796               0               0
          2.798               0               0
            2.8               0               0
          2.802               0               0
          2.804               0               0
          2.806               0               0
          2.808               0               0
           2.81               0               0
          2.812               0               0
          2.814               0               0
          2.816               0               0
          2.818               0               0
           2.82               0               0
          2.822               0               0
          2.824               0               0
          2.826               0               0
          2.828               0               0
           2.83               0               0
          2.832               0               0
          2.834               0               0
          2.836               0               0
          2.838               0               0
           2.84               0               0
          2.842               0               0
          2.844               0               0
          2.846               0               0
          2.848               0               0
           2.85               0               0
          2.852               0               0
          2.854               0               0
          2.856               0               0
          2.858               0               0
           2.86               0               0
          2.862               0               0
          2.864               0               0
          2.866               0               0
          2.868               0               0
           2.87               0               0
          2.872               0               0
          2.874               0               0
          2.876               0               0
          2.878               0               0
           2.88               0               0
          2.882               0               0
          2.884               0               0
          2.886               0               0
          2.888               0               0
           2.89               0               0
          2.892               0               0
          2.894               0               0
          2.896               0               0
          2.898               0               0
            2.9               0               0
          2.902               0               0
          2.904               0               0
          2.906               0               0
          2.908               0               0
           2.91               0               0
          2.912               0               0
          2.914               0               0
          2.916               0               0
          2.918               0               0
           2.92               0               0
          2.922               0               0
          2.924               0               0
          2.926               0               0
          2.928               0               0
           2.93               0               0
          2.932               0               0
          2.934               0               0
          2.936               0               0
          2.938               0               0
           2.94               0               0
          2.942               0               0
          2.944               0               0
          2.946               0               0
          2.948               0               0
           2.95               0               0
          2.952               0               0
          2.954               0               0
          2.956               0               0
          2.958               0               0
           2.96               0               0
          2.962               0               0
          2.964               0               0
          2.966               0               0
          2.968               0               0
           2.97               0               0
          2.972               0               0
          2.974               0               0
          2.976               0               0
          2.978               0               0
           2.98               0               0
          2.982               0               0
          2.984               0               0
          2.986               0               0
          2.988               0               0
           2.99               0               0
          2.992               0               0
          2.994               0               0
          2.996               0               0
          2.998               0               0
              3               0               0
          3.002               0               0
          3.004               0               0
          3.006               0               0
          3.008               0               0
           3.01               0               0
          3.012               0               0
          3.014               0               0
          3.016               0               0
          3.018               0               0
           3.02               0               0
          3.022               0               0
          3.024               0               0
          3.026               0               0
          3.028               0               0
           3.03               0               0
          3.032               0               0
          3.034               0               0
          3.036               0               0
          3.038               0               0
           3.04               0               0
          3.042               0               0
          3.044               0               0
          3.046               0               0
          3.048               0               0
           3.05               0               0
          3.052               0               0
          3.054               0               0
          3.056               0               0
          3.058               0               0
           3.06               0               0
          3.062               0               0
          3.064               0               0
          3.066               0               0
          3.068               0               0
           3.07               0               0
          3.072               0               0
          3.074               0               0
          3.076               0               0
          3.078               0               0
           3.08               0               0
          3.082               0               0
          3.084               0               0
          3.086               0               0
          3.088               0               0
           3.09               0               0
          3.092               0               0
          3.094               0               0
          3.096               0               0
          3.098               0               0
            3.1               0               0
          3.102               0               0
          3.104               0               0
          3.106               0               0
          3.108               0               0
           3.11               0               0
          3.112               0               0
          3.114               0               0
          3.116               0               0
          3.118               0               0
           3.12               0               0
          3.122               0               0
          3.124               0               0
          3.126               0               0
          3.128               0               0
           3.13               0               0
          3.132               0               0
          3.134               0               0
          3.136               0               0
          3.138               0               0
           3.14               0               0
          3.142               0               0
          3.144               0               0
          3.146               0               0
          3.148               0               0
           3.15               0               0
          3.152               0               0
          3.154               0               0
          3.156               0               0
          3.158               0               0
           3.16               0               0
          3.162               0               0
          3.164               0               0
          3.166               0               0
          3.168               0               0
           3.17               0               0
          3.172               0               0
          3.174               0               0
          3.176               0               0
          3.178               0               0
           3.18               0               0
          3.182               0               0
          3.184               0               0
          3.186               0               0
          3.188               0               0
           3.19               0               0
          3.192               0               0
          3.194               0               0
          3.196               0               0
          3.198               0               0
            3.2               0               0
          3.202               0               0
          3.204               0               0
          3.206               0               0
          3.208               0               0
           3.21               0               0
          3.212               0               0
          3.214               0               0
          3.216               0               0
          3.218               0               0
           3.22               0               0
          3.222               0               0
          3.224               0               0
          3.226               0               0
          3.228               0               0
           3.23               0               0
          3.232               0               0
          3.234               0               0
          3.236               0               0
          3.238               0               0
           3.24               0               0
          3.242               0               0
          3.244               0               0
          3.246               0               0
          3.248               0               0
           3.25               0               0
          3.252               0               0
          3.254               0               0
          3.256               0               0
          3.258               0               0
           3.26               0               0
          3.262               0               0
          3.264               0               0
          3.266               0               0
          3.268               0               0
           3.27               0               0
          3.272               0               0
          3.274               0               0
          3.276               0               0
          3.278               0               0
           3.28               0               0
          3.282               0               0
          3.284               0               0
          3.286               0               0
          3.288               0               0
           3.29               0               0
          3.292               0               0
          3.294               0               0
          3.296               0               0
          3.298               0               0
            3.3               0               0
          3.302               0               0
          3.304               0               0
          3.306               0               0
          3.308               0               0
           3.31               0               0
          3.312               0               0
          3.314               0               0
          3.316               0               0
          3.318               0               0
           3.32               0               0
          3.322               0               0
          3.324               0               0
          3.326               0               0
          3.328               0               0
           3.33               0               0
          3.332               0               0
          3.334               0               0
          3.336               0               0
          3.338               0               0
           3.34               0               0
          3.342               0               0
          3.344               0               0
          3.346               0               0
          3.348               0               0
           3.35               0               0
          3.352               0               0
          3.354               0               0
          3.356               0               0
          3.358               0               0
           3.36               0               0
          3.362               0               0
          3.364               0               0
          3.366               0               0
          3.368               0               0
           3.37               0               0
          3.372               0               0
          3.374               0               0
          3.376               0               0
          3.378               0               0
           3.38               0               0
          3.382               0               0
          3.384               0               0
          3.386               0               0
          3.388               0               0
           3.39               0               0
          3.392               0               0
          3.394               0               0
          3.396               0               0
          3.398               0               0
            3.4               0               0
          3.402               0               0
          3.404               0               0
          3.406               0               0
          3.408               0               0
           3.41               0               0
          3.412               0               0
          3.414               0               0
          3.416               0               0
          3.418               0               0
           3.42               0               0
          3.422               0               0
          3.424               0               0
          3.426               0               0
          3.428               0               0
           3.43               0               0
          3.432               0               0
          3.434               0               0
          3.436               0               0
          3.438               0               0
           3.44               0               0
          3.442               0               0
          3.444               0               0
          3.446               0               0
          3.448               0               0
           3.45               0               0
          3.452               0               0
          3.454               0               0
          3.456               0               0
          3.458               0               0
           3.46               0               0
          3.462               0               0
          3.464               0               0
          3.466               0               0
          3.468               0               0
           3.47               0               0
          3.472               0               0
          3.474               0               0
          3.476               0               0
          3.478               0               0
           3.48               0               0
          3.482               0               0
          3.484               0               0
          3.486               0               0
          3.488               0               0
           3.49               0               0
          3.492               0               0
          3.494               0               0
          3.496               0               0
          3.498               0               0
            3.5               0               0
