          0.002       1916150.5        59470318
          0.004       1800897.8        55893284
          0.006       1692577.3        52531403
          0.008       1590772.2        49371732
           0.01       1495090.4        46402111
          0.012       1405163.7        43611107
          0.014         1320646        40987976
          0.016       1241211.8        38522622
          0.018       1166555.5        36205556
           0.02       1096389.6        34027856
          0.022         1030444        31981141
          0.024       968465.02        30057532
          0.026       910213.92        28249625
          0.028       855466.52        26550461
           0.03       804012.08        24953498
          0.032       755652.53        23452589
          0.034       710201.72        22041958
          0.036       667484.69        20716174
          0.038       627337.02        19470133
           0.04       589604.16        18299039
          0.042       554140.87        17198384
          0.044       520810.63        16163932
          0.046       489485.14        15191700
          0.048       460043.83        14277947
           0.05       432373.35        13419154
          0.052       406367.21        12612015
          0.054       381925.29        11853425
          0.056       358953.51        11140463
          0.058       337363.44        10470384
           0.06       317071.97       9840608.9
          0.062          298001       9248713.8
          0.064       280077.12       8692420.2
          0.066       263231.32       8169586.6
          0.068       247398.77       7678200.5
           0.07       232518.52       7216370.5
          0.072       218533.29       6782318.7
          0.074       205389.25       6374374.3
          0.076       193035.79         5990967
          0.078       181425.38         5630621
           0.08       170513.31       5291949.2
          0.082       160257.58       4973647.9
          0.084       150618.72       4674491.8
          0.086       141559.61       4393329.5
          0.088        133045.4       4129078.6
           0.09        125043.3       3880721.9
          0.092       117522.51       3647303.4
          0.094       110454.09       3427924.5
          0.096       103810.81         3221741
          0.098       97567.123         3027959
            0.1       91698.978       2845832.7
          0.102       86183.792       2674660.9
          0.104       81000.335       2513784.8
          0.106       76128.653       2362585.2
          0.108       71549.994       2220479.9
           0.11       67246.733         2086922
          0.112       63202.306       1961397.3
          0.114       59401.144       1843422.8
          0.116       55828.615       1732544.2
          0.118       52470.967       1628334.7
           0.12       49315.276       1530393.3
          0.122       46349.394       1438342.9
          0.124       43561.904       1351829.1
          0.126       40942.078         1270519
          0.128       38479.828       1194099.6
           0.13       36165.679       1122276.6
          0.132       33990.722       1054773.7
          0.134       31946.585        991330.9
          0.136       30025.398       931704.11
          0.138       28219.768       875663.78
           0.14       26522.743       822994.16
          0.142       24927.792       773492.53
          0.144       23428.773       726968.33
          0.146       22019.918       683242.48
          0.148       20695.803       642146.67
           0.15       19451.332       603522.69
          0.152       18281.713       567221.87
          0.154       17182.444       533104.49
          0.156       16149.295        501039.2
          0.158       15178.287       470902.59
           0.16       14265.684       442578.64
          0.162       13407.973       415958.32
          0.164       12601.851       390939.17
          0.166       11844.216       367424.88
          0.168       11132.152       345324.92
           0.17       10462.916       324554.25
          0.172       9833.9346       305032.89
          0.174       9242.7849        286685.7
          0.176       8687.1917       269442.07
          0.178       8165.0166       253235.61
           0.18       7674.2493       238003.94
          0.182       7213.0008       223688.42
          0.184       6779.4956       210233.96
          0.186        6372.065       197588.77
          0.188       5989.1406       185704.15
           0.19       5629.2484       174534.38
          0.192        5291.003       164036.45
          0.194       4973.1026       154169.95
          0.196       4674.3232        144896.9
          0.198        4393.515       136181.61
            0.2       4129.5968       127990.53
          0.202       3881.5528       120292.13
          0.204       3648.4283       113056.77
          0.206       3429.3258       106256.61
          0.208       3223.4019       99865.462
           0.21       3029.8639       93858.732
          0.212       2847.9669       88213.297
          0.214       2677.0107       82907.424
          0.216       2516.3372        77920.69
          0.218        2365.328         73233.9
           0.22       2223.4016       68829.011
          0.222       2090.0119       64689.069
          0.224       1964.6453       60798.137
          0.226       1846.8194       57141.237
          0.228       1736.0804       53704.294
           0.23       1632.0022       50474.076
          0.232       1534.1841       47438.151
          0.234       1442.2496        44584.83
          0.236       1355.8448       41903.132
          0.238       1274.6371       39382.734
           0.24       1198.3138       37013.933
          0.242       1126.5813        34787.61
          0.244       1059.1634       32695.197
          0.246       995.80054        30728.64
          0.248       936.24884       28880.367
           0.25       880.27907       27143.264
          0.252       827.67578       25510.645
          0.254       778.23649       23976.225
          0.256       731.77088       22534.098
          0.258        688.1001       21178.712
           0.26       647.05603       19904.851
          0.262        608.4807       18707.609
          0.264        572.2256        17582.38
          0.266       538.15118       16524.831
          0.268       506.12627       15530.892
           0.27       476.02761       14596.737
          0.272       447.73933       13718.769
          0.274       421.15253       12893.609
          0.276       396.16489       12118.082
          0.278       372.68021       11389.201
           0.28       350.60809       10704.161
          0.282       329.86356       10060.324
          0.284       310.36679       9455.2138
          0.286       292.04271       8886.4996
          0.288       274.82079       8351.9924
           0.29       258.63474        7849.635
          0.292       243.42225       7377.4934
          0.294       229.12476       6933.7504
          0.296       215.68725       6516.6977
          0.298       203.05797       6124.7299
            0.3       191.18833       5756.3383
          0.302       180.03262       5410.1048
          0.304       169.54791       5084.6967
          0.306       159.69383       4778.8612
          0.308       150.43246       4491.4212
           0.31       141.72815       4221.2702
          0.312       133.54738       3967.3684
          0.314       125.85868       3728.7382
          0.316       118.63243       3504.4613
          0.318       111.84083       3293.6742
           0.32       105.45773       3095.5656
          0.322       99.458569       2909.3728
          0.324       93.820242       2734.3792
          0.326       88.521052       2569.9112
          0.328       83.540598       2415.3356
           0.33       78.859709       2270.0575
          0.332       74.460368       2133.5176
          0.334       70.325639       2005.1903
          0.336       66.439607       1884.5817
          0.338       62.787312       1771.2274
           0.34       59.354697       1664.6913
          0.342       56.128547        1564.563
          0.344       53.096445       1470.4574
          0.346       50.246718       2016.1838
          0.348        45.03171       3082.0064
           0.35       37.918692       1415.6255
          0.352       39.369208       1847.8798
          0.354       30.527173       2800.8777
          0.356       28.165697       988.00762
          0.358       26.575143       399.40868
           0.36       26.568062       510.99145
          0.362       24.531177       758.41244
          0.364       23.534412       614.46952
          0.366       22.073299       715.45723
          0.368       20.672583       618.56551
           0.37       19.599037       701.34685
          0.372       17.867196       769.77038
          0.374       16.519955       491.88453
          0.376       15.899658       369.29594
          0.378       15.042772       432.45656
           0.38       14.169832       439.43447
          0.382       13.285034       421.51177
          0.384       12.483784       395.68614
          0.386       11.702289       404.83954
          0.388       10.864426        353.5512
           0.39       10.288084        282.6456
          0.392       9.7338439       266.28463
          0.394       9.2229459        274.1959
          0.396       8.6370603       256.98818
          0.398       8.1949932       220.73051
            0.4       7.7541383       203.85809
          0.402       7.3795608       203.95915
          0.404       6.9383017        197.4832
          0.406        6.589628       188.19518
          0.408        6.185521         180.184
           0.41        5.868892       153.04192
          0.412       5.5733533       138.56303
          0.414       5.3146399       123.50091
          0.416       5.0793497       117.09656
          0.418       4.8462537       136.38239
           0.42       4.5338201       142.15874
          0.422       4.2776187       128.73397
          0.424       4.0188843       121.65142
          0.426       3.7910131       110.73614
          0.428       3.5759397        109.5127
           0.43       3.3529623       112.74108
          0.432       3.1249754       101.36399
          0.434       2.9475063       95.461364
          0.436       2.7431299       94.752213
          0.438       2.5684975       77.654354
           0.44       2.4325125       74.076672
          0.442       2.2721908       95.378588
          0.444       2.0509982       90.498176
          0.446       1.9101981        72.78466
          0.448       1.7598595       82.749707
           0.45       1.5791993       74.692472
          0.452       1.4610896       60.748145
          0.454       1.3362067       69.600262
          0.456       1.1826886       68.853736
          0.458       1.0607917        51.34959
           0.46      0.97729021       48.570448
          0.462      0.86650996       57.979818
          0.464      0.74537094       58.157606
          0.466      0.63387953       55.654241
          0.468      0.52275398       50.383492
           0.47      0.43234557       27.564198
          0.472      0.41249719       25.974518
          0.474      0.32844749       47.701544
          0.476      0.22169101       43.976538
          0.478      0.15254134       33.085011
           0.48     0.089350967       27.281209
          0.482     0.043416502       27.948667
          0.484      -0.0224437       40.074321
          0.486     -0.11688078        34.23573
          0.488     -0.15938662       26.079188
           0.49     -0.22119753       38.503669
          0.492      -0.3134013       32.613431
          0.494     -0.35165126        19.01821
          0.496     -0.38947414       17.995999
          0.498     -0.42363526       26.022042
            0.5      -0.4935623       27.212187
          0.502     -0.53248401       13.782829
          0.504     -0.54869362       22.196819
          0.506     -0.62127128       24.651966
          0.508     -0.64730148       17.542705
           0.51      -0.6914421       11.742397
          0.512     -0.69427107       11.754007
          0.514     -0.73845813       17.500812
          0.516     -0.76427432       16.151361
          0.518     -0.80306357       17.610457
           0.52     -0.83471615       18.027703
          0.522     -0.87517438        16.68869
          0.524     -0.90147091       14.747442
          0.526     -0.93416415       8.9116338
          0.528     -0.93711744       9.4889383
           0.53     -0.97211991       20.669988
          0.532      -1.0197974       15.280793
          0.534      -1.0332431       2.6229723
          0.536      -1.0302893       6.7887055
          0.538      -1.0603979       12.377754
           0.54      -1.0798003       8.9761735
          0.542      -1.0963026       11.397916
          0.544       -1.125392       12.203868
          0.546      -1.1451181       13.739283
          0.548      -1.1803491       7.9030878
           0.55      -1.1767304       4.3243018
          0.552      -1.1976463       10.032927
          0.554      -1.2168621       6.8827003
          0.556      -1.2251771       8.5067777
          0.558      -1.2508892       7.5442127
           0.56       -1.255354       6.0117247
          0.562      -1.2749361       4.1491515
          0.564      -1.2719506        4.339623
          0.566      -1.2922946       3.6063765
          0.568      -1.2863761      -0.5772875
           0.57      -1.2899855       4.9605062
          0.572      -1.3062181        3.133283
          0.574      -1.3025186      0.88667325
          0.576      -1.3097648        8.200291
          0.578      -1.3353198        2.644869
           0.58      -1.3203443      -3.1855122
          0.582      -1.3225777       5.5960515
          0.584      -1.3427285        3.289972
          0.586      -1.3357376       -3.163575
          0.588      -1.3300742       2.4863482
           0.59       -1.345683       3.0968835
          0.592      -1.3424617      -0.9466235
          0.594      -1.3418965        0.475531
          0.596      -1.3443638        4.725121
          0.598       -1.360797       3.5850445
            0.6       -1.358704      -5.2149957
          0.602       -1.339937       -7.101175
          0.604      -1.3302993      -7.5032388
          0.606      -1.3099241       -1.399473
          0.608      -1.3247014      -2.1233823
           0.61      -1.3014305      -6.4482352
          0.612      -1.2989085      -3.3790642
          0.614      -1.2879143      -10.519719
          0.616      -1.2568296      -8.4715897
          0.618      -1.2540279      -7.1165865
           0.62      -1.2283632      -12.234136
          0.622      -1.2050914      -8.5765448
          0.624      -1.1940571      -5.8553903
          0.626      -1.1816698      -10.149405
          0.628      -1.1534594      -13.818798
           0.63      -1.1263946        -9.81905
          0.632      -1.1141832       -5.246432
          0.634      -1.1054089      -8.7653393
          0.636      -1.0791219      -12.832969
          0.638       -1.054077      -14.352905
           0.64      -1.0217103      -13.867664
          0.642     -0.99860635      -12.367073
          0.644     -0.97224198      -12.921371
          0.646     -0.94692087      -12.907146
          0.648      -0.9206134      -14.369578
           0.65     -0.88944256        -13.0893
          0.652      -0.8682562      -7.2806143
          0.654      -0.8603201      -11.329862
          0.656     -0.82293675      -17.564266
          0.658     -0.79006304       -11.24757
           0.66     -0.77794647      -12.409433
          0.662      -0.7404253      -18.839266
          0.664      -0.7025894      -13.707752
          0.666      -0.6855943       -10.83727
          0.668     -0.65924032      -6.6587293
           0.67     -0.65895938      -17.009242
          0.672     -0.59120335      -19.878016
          0.674     -0.57944732      -8.1035628
          0.676      -0.5587891      -17.389723
          0.678     -0.50988842      -21.924739
           0.68     -0.47109015      -13.954635
          0.682     -0.45406988      -8.9525305
          0.684     -0.43528002      -12.244337
          0.686     -0.40509253      -22.638845
          0.688     -0.34472464       -14.57699
           0.69     -0.34678457      -9.8871067
          0.692     -0.30517622      -16.035329
          0.694     -0.28264326       -10.07521
          0.696     -0.26487538      -11.025312
          0.698     -0.23854201      -10.841164
            0.7     -0.22151072      -12.753136
          0.702     -0.18752947      -13.506315
          0.704     -0.16748546      -12.941417
          0.706      -0.1357638      -11.744009
          0.708     -0.12050943      -11.539012
           0.71    -0.089607752      -9.6774667
          0.712    -0.081799559      -5.8481751
          0.714    -0.066215052      -13.071543
          0.716    -0.029513387      -13.763122
          0.718    -0.011162565      -9.4901202
           0.72    0.0084470936      -9.7860826
          0.722     0.027981766      -9.2768988
          0.724     0.045554689      -10.249355
          0.726     0.068979185      -11.572278
          0.728     0.091843799       -14.90668
           0.73      0.12860591      -11.968659
          0.732      0.13971844      -3.2833214
          0.734      0.14173919      -6.5869625
          0.736      0.16606629      -10.721092
          0.738      0.18462356      -9.4020769
           0.74      0.20367459      -7.6857565
          0.742      0.21536659      -6.2186125
          0.744      0.22854904      -6.6760949
          0.746      0.24207097       -7.204854
          0.748      0.25736846      -6.7341628
           0.75      0.26900762      -4.0046005
          0.752      0.27338686      -6.3872722
          0.754      0.29455671      -5.6551845
          0.756       0.2960076      -3.1114416
          0.758      0.30700247       -6.676467
           0.76      0.32271347      -4.1936463
          0.762      0.32377706      -1.7618638
          0.764      0.32976092      -1.7864325
          0.766      0.33092279      -4.3968688
          0.768       0.3473484      -9.1578721
           0.77      0.36755428      -6.3301301
          0.772      0.37266892       3.9780379
          0.774      0.35164212       3.7047125
          0.776      0.35785007      -1.2353641
          0.778      0.35658358      -3.4080335
           0.78       0.3714822      -4.0221441
          0.782      0.37267216      -4.8388881
          0.784      0.39083775      -2.9627583
          0.786      0.38452319       0.7975608
          0.788      0.38764751      -6.0474052
           0.79      0.40871281      0.63283528
          0.792      0.38511617       3.0620679
          0.794      0.39646454     -0.18717475
          0.796      0.38586487      0.99203018
          0.798      0.39249642      -2.7664995
            0.8      0.39693087     -0.52432652
          0.802      0.39459373       1.5617004
          0.804      0.39068407       1.7242784
          0.806      0.38769661     -0.52381632
          0.808      0.39277933       5.8460882
           0.81      0.36431226       6.0815365
          0.812      0.36845318      -1.1975354
          0.814       0.3691024       2.1284121
          0.816      0.35993954       4.0608514
          0.818        0.352859       6.7330254
           0.82      0.33300743       6.1057739
          0.822       0.3284359      -4.6538048
          0.824      0.35162265       1.9592257
          0.826        0.320599        9.670217
          0.828      0.31294179       4.0107515
           0.83      0.30455599       3.3427371
          0.832      0.29957084       1.6046956
          0.834      0.29813721       4.0956642
          0.836      0.28318818       5.9722095
          0.838      0.27424837       0.5787732
           0.84      0.28087309       1.0508822
          0.842      0.27004484       5.9678664
          0.844      0.25700162       5.2970678
          0.846      0.24885657       3.1168766
          0.848      0.24453412       3.2020802
           0.85      0.23604825       5.4976022
          0.852      0.22254371        1.324403
          0.854      0.23075064       2.7429467
          0.856      0.21157192       6.1173901
          0.858      0.20628108       5.8123044
           0.86       0.1883227       1.2932387
          0.862      0.20110812      -2.0612835
          0.864      0.19656784       11.075323
          0.866      0.15680683       7.6027685
          0.868      0.16615676      -0.6125538
           0.87      0.15925704       5.6907541
          0.872      0.14339375       6.9303449
          0.874      0.13153566       6.8841237
          0.876      0.11585725       5.0023428
          0.878      0.11152629       4.4608556
           0.88     0.098013829       4.9604026
          0.882     0.091684682       4.3179056
          0.884     0.080742207       7.6447604
          0.886     0.061105641        5.108935
          0.888     0.060306466       3.5301072
           0.89     0.046985212       3.4581828
          0.892     0.046473735       6.7036222
          0.894     0.020170723        9.355202
          0.896    0.0090529271       3.7065098
          0.898    0.0053446843       1.9219779
            0.9    0.0013650155       4.1067625
          0.902    -0.011082366       7.7465766
          0.904    -0.029621291       4.1054153
          0.906    -0.027504027       4.4485683
          0.908    -0.047415564        4.710511
           0.91    -0.046346071      -1.0383566
          0.912    -0.043262138       2.9795534
          0.914    -0.058264284         5.95502
          0.916    -0.067082218       2.5571649
          0.918    -0.068492944       3.2395506
           0.92     -0.08004042        5.383822
          0.922    -0.090028232       1.6299138
          0.924    -0.086560076      0.17431561
          0.926    -0.090725495      0.76289444
          0.928    -0.089611653      -1.5170442
           0.93    -0.084657318       2.4698019
          0.932    -0.099490861       5.5832879
          0.934     -0.10699047       3.6917867
          0.936     -0.11425801       1.8362105
          0.938     -0.11433531      -3.2307981
           0.94     -0.10133482      0.85623562
          0.942     -0.11776025       4.1334143
          0.944     -0.11786847     -0.57439167
          0.946     -0.11546269       1.8248765
          0.948     -0.12516798       2.3354134
           0.95     -0.12480434      -1.2701726
          0.952     -0.12008729      -1.1697308
          0.954     -0.12012542       1.7517576
          0.956     -0.12709432       2.3326212
          0.958      -0.1294559        2.707979
           0.96     -0.13792623      -4.0261683
          0.962     -0.11335123      -3.6196337
          0.964      -0.1234477       5.3361328
          0.966     -0.13469576        2.997965
          0.968     -0.13543956       -2.934563
           0.97     -0.12295751       -2.966369
          0.972     -0.12357408     -0.93120413
          0.974     -0.11923269    -0.025403275
          0.976     -0.12347247     -0.42497655
          0.978     -0.11753279         0.58383
           0.98     -0.12580779       1.6323936
          0.982     -0.12406236       1.6305922
          0.984     -0.13233016       0.6497619
          0.986     -0.12666141      -2.9505838
          0.988     -0.12052782      -1.5440348
           0.99     -0.12048527       1.7938536
          0.992     -0.12770324       2.3814241
          0.994     -0.13001097       1.5368281
          0.996     -0.13385055      -1.9354646
          0.998     -0.12226911      -1.1880523
              1     -0.12909834       0.8672795
          1.002     -0.12573823     -0.22583468
          1.004       -0.128195      -0.0209616
          1.006     -0.12565438      -1.6543337
          1.008     -0.12157767      -2.3503626
           1.01     -0.11625293     -0.92708532
          1.012     -0.11786933       2.6618108
          1.014     -0.12690017      0.47144228
          1.016      -0.1197551      -1.4871086
          1.018     -0.12095174       2.6698479
           1.02     -0.13043449       1.9654277
          1.022     -0.12881345      -1.9532955
          1.024      -0.1226213      -3.4749449
          1.026     -0.11491367      0.40827507
          1.028      -0.1242544      0.54565522
           1.03     -0.11709629       1.6906711
          1.032     -0.13101709        3.776681
          1.034     -0.13220301      -5.4887798
          1.036     -0.10906197      -0.1216548
          1.038     -0.13171639       8.4166231
           1.04     -0.14272846       1.1403143
          1.042     -0.13627765       2.2963084
          1.044      -0.1519137       2.8635567
          1.046     -0.14773188      -2.0937709
          1.048     -0.14353861        0.078643
           1.05     -0.14804645       1.8199318
          1.052     -0.15081834     -0.06629295
          1.054     -0.14778128       0.3955026
          1.056     -0.15240035       1.6872364
          1.058     -0.15453022       3.3772401
           1.06     -0.16590931       4.4787962
          1.062     -0.17244541     0.033626125
          1.064     -0.16604381       3.4955623
          1.066     -0.18642766       5.6081541
          1.068     -0.18847643     -0.53709895
           1.07     -0.18427926      -3.0316861
          1.072     -0.17634969      0.74492978
          1.074     -0.18725898       6.9141556
          1.076     -0.20400631       3.9008815
          1.078     -0.20286251      -1.6200151
           1.08     -0.19752625       1.2065998
          1.082     -0.20768891       3.6389167
          1.084     -0.21208192       1.1532133
          1.086     -0.21230176       1.5504889
          1.088     -0.21828387       2.4772586
           1.09     -0.22221079       1.7780689
          1.092     -0.22539615      -1.3800484
          1.094      -0.2166906       2.1415247
          1.096     -0.23396225       4.6014498
          1.098      -0.2350964      0.69191592
            1.1     -0.23672991        3.225494
          1.102     -0.24799838       3.9557856
          1.104     -0.25255305       -0.919924
          1.106     -0.24431868       0.9648984
          1.108     -0.25641265       7.2658445
           1.11     -0.27338206       4.5566464
          1.112     -0.27463923       0.4465638
          1.114     -0.27516831       1.4851454
          1.116     -0.28057981        2.973199
          1.118     -0.28706111      -1.4654075
           1.12     -0.27471818      0.33994865
          1.122      -0.2884209       2.5032639
          1.124     -0.28473124       1.9538168
          1.126     -0.29623617        1.884719
          1.128     -0.29227011       1.2500627
           1.13     -0.30123642       4.1022054
          1.132     -0.30867894       3.6673498
          1.134     -0.31590582       1.3411459
          1.136     -0.31404352      0.22311767
          1.138     -0.31679829        3.561644
           1.14      -0.3282901       1.6992546
          1.142     -0.32359531     -0.95832337
          1.144      -0.3244568         1.14551
          1.146     -0.32817735       1.1375845
          1.148     -0.32900714       1.8485827
           1.15     -0.33557168       2.0535899
          1.152      -0.3372215       2.6416104
          1.154     -0.34613812       4.0569215
          1.156     -0.35344919       1.4870702
          1.158      -0.3520864      0.58879578
           1.16     -0.35580437       1.3313897
          1.162     -0.35741196      -0.9986108
          1.164     -0.35180993       3.3781484
          1.166     -0.37092456       2.4313807
          1.168     -0.36153545      -3.2327488
           1.17     -0.35799356    -0.005368475
          1.172     -0.36151397      -1.3661861
          1.174     -0.35252882       2.0749828
          1.176      -0.3698139       1.8270731
          1.178     -0.35983711     -0.85976135
           1.18     -0.36637486        3.135157
          1.182     -0.37237774     -0.30142952
          1.184     -0.36516914      -4.0288024
          1.186     -0.35626253      -0.0493616
          1.188      -0.3649717       3.3578957
           1.19     -0.36969411       2.9944455
          1.192     -0.37694948       1.3673108
          1.194     -0.37516335      -2.6826235
          1.196     -0.36621898        -4.65233
          1.198     -0.35655403       -2.253755
            1.2     -0.35720396       1.5038269
          1.202     -0.36256934      0.44658795
          1.204     -0.35899031       -1.442834
          1.206       -0.356798       0.9307071
          1.208     -0.36271314      -0.8718125
           1.21     -0.35331075       -5.568731
          1.212     -0.34043822      -4.7186994
          1.214     -0.33443596      0.18795523
          1.216     -0.34119004      0.31279385
          1.218     -0.33568713     -0.13525355
           1.22     -0.34064903      -1.3452297
          1.222     -0.33030621      -2.2936621
          1.224     -0.33147438      -2.2073427
          1.226     -0.32147684      -0.9405441
          1.228      -0.3277122      -1.3980437
           1.23     -0.31588467      -2.0938299
          1.232     -0.31933688      -2.9754412
          1.234      -0.3039829      -4.5902479
          1.236     -0.30097589     -0.33669447
          1.238     -0.30263613      0.35244485
           1.24     -0.30238567      -1.8551462
          1.242     -0.29521554       -1.441276
          1.244     -0.29662057      -4.1611179
          1.246     -0.27857107      -4.1843325
          1.248     -0.27988324      -1.7169409
           1.25     -0.27170331      -2.3151534
          1.252     -0.27062262      0.20038715
          1.254     -0.27250485     -0.59786467
          1.256     -0.26823116     -0.67962433
          1.258     -0.26978636     -0.34225987
           1.26     -0.26686212       -3.321192
          1.262     -0.25650159      -2.5642372
          1.264     -0.25660517      -1.2432546
          1.266     -0.25152857      0.50405845
          1.268     -0.25862141     -0.35475125
           1.27     -0.25010957      -3.8744448
          1.272     -0.24312363      -2.5349657
          1.274      -0.2399697      -2.3964309
          1.276     -0.23353791      -2.0705913
          1.278     -0.23168734      -1.0768386
           1.28     -0.22923055      -2.8692086
          1.282      -0.2202105      -3.5967678
          1.284     -0.21484348     -0.86373232
          1.286     -0.21675557      -1.2574077
          1.288     -0.20981385      -2.5381278
           1.29     -0.20660306      -2.3348028
          1.292     -0.20047464       0.1696656
          1.294     -0.20728173       2.6096168
          1.296     -0.21091311      -1.2554312
          1.298        -0.20226       -2.560683
            1.3     -0.20067037      -2.6060164
          1.302     -0.19183593      -2.6227214
          1.304     -0.19017949       -0.774142
          1.306     -0.18873937      -2.7091986
          1.308     -0.17934269       -3.547321
           1.31     -0.17455008      0.63062585
          1.312      -0.1818652     -0.84599987
          1.314     -0.17116608      -3.3629435
          1.316     -0.16841342     -0.28399368
          1.318     -0.17003011      -2.8034246
           1.32     -0.15719972       -5.028269
          1.322     -0.14991703      -1.8041103
          1.324     -0.14998328    -0.089869025
          1.326     -0.14955756     -0.89609273
          1.328     -0.14639891      -2.6468914
           1.33     -0.13896999      -5.1593156
          1.332     -0.12576165      -2.4239204
          1.334     -0.12927431       1.3551834
          1.336     -0.13118238      -2.6279906
          1.338     -0.11876235      -3.7355335
           1.34     -0.11624025        -2.74971
          1.342     -0.10776351      -3.2372885
          1.344      -0.1032911      -3.3297622
          1.346    -0.094444459      -1.6866611
          1.348    -0.096544451      -2.9905283
           1.35    -0.082482346       -4.365071
          1.352    -0.079084167      -1.7863785
          1.354    -0.075336832      -1.3425837
          1.356    -0.073713832      -1.0875314
          1.358    -0.070986706     -0.89657678
           1.36    -0.070127525      0.25221006
          1.362    -0.071995546      -4.8002623
          1.364    -0.050926476      -5.7638828
          1.366    -0.048940015     -0.95105677
          1.368    -0.047122249       1.2392189
           1.37    -0.053896891      -1.0914238
          1.372    -0.042756554      -3.5872689
          1.374    -0.039547815      -1.2910992
          1.376    -0.037592157         -1.8407
          1.378    -0.032185015     -0.78052488
           1.38    -0.034470058     -0.58602524
          1.382    -0.029840914     -0.47298457
          1.384    -0.032578119     -0.65408471
          1.386    -0.027224576      -1.9527211
          1.388    -0.024767235      -1.6967197
           1.39    -0.020437697      -1.2811452
          1.392    -0.019642654       2.6003339
          1.394    -0.030839032       3.3694951
          1.396    -0.033120634      -2.1485734
          1.398    -0.022244739      -1.1233115
            1.4    -0.028627388      0.26545453
          1.402    -0.023306557      -1.9562242
          1.404    -0.020802491     -0.72073092
          1.406    -0.020423633      0.31173215
          1.408     -0.02204942      0.15176123
           1.41    -0.021030678     -0.84754599
          1.412    -0.018659236      -3.3296393
          1.414   -0.0077121211      -1.9631272
          1.416    -0.010806727       1.7928828
          1.418    -0.014883652       1.0113182
           1.42       -0.014852       1.0861825
          1.422    -0.019228382      0.69735126
          1.424    -0.017641405      -1.0091403
          1.426    -0.015191821     -0.23941236
          1.428    -0.016683756      -1.4703797
           1.43   -0.0093103026     -0.02498669
          1.432    -0.016583809        2.568756
          1.434    -0.019585326      0.19527611
          1.436    -0.017364913      -1.8598347
          1.438    -0.012145988     -0.70210158
           1.44    -0.014556507        1.582174
          1.442    -0.018474684     -0.39887714
          1.444    -0.012960998      -2.6586323
          1.446   -0.0078401543      -1.3340893
          1.448   -0.0076246412       2.4871783
           1.45    -0.017788868       3.3681331
          1.452    -0.021097174       2.3536455
          1.454     -0.02720345       1.5762684
          1.456    -0.027402247      -1.4377286
          1.458    -0.021452535      0.60464287
           1.46    -0.029820819      -1.0596984
          1.462    -0.017213741        -2.39579
          1.464    -0.020237659       2.3789198
          1.466    -0.026729421        2.184552
          1.468    -0.028975867     -0.34145978
           1.47    -0.025363581      0.40656453
          1.472    -0.030602125      0.24764872
          1.474    -0.026354176    -0.078143663
          1.476    -0.030289551       2.6150118
          1.478    -0.036814224       1.9404658
           1.48    -0.038051414      0.19007439
          1.482    -0.037574521      0.54398536
          1.484    -0.040227355       1.1754548
          1.486     -0.04227634     -0.74454845
          1.488    -0.037249161     -0.97333835
           1.49    -0.038382987      0.33715319
          1.492    -0.038597774     -0.22145156
          1.494    -0.037497181       1.1841561
          1.496    -0.043334398       1.3265162
          1.498    -0.042803246     -0.92882338
            1.5    -0.039619105      -2.8029317
          1.502    -0.031591519      -1.1145173
          1.504    -0.035161036        1.944816
          1.506    -0.039370783      -1.4638798
          1.508    -0.029305517       -1.550209
           1.51    -0.033169946       2.5424762
          1.512    -0.039475421       1.4476919
          1.514    -0.038960714     -0.93676704
          1.516    -0.035728353     -0.19652789
          1.518    -0.038174603       1.1557793
           1.52     -0.04035147       1.3076045
          1.522     -0.04340502     -0.65181471
          1.524    -0.037744211      -2.6357492
          1.526    -0.032862024     -0.54406538
          1.528     -0.03556795       2.1032355
           1.53    -0.041274966       2.4421222
          1.532    -0.045336439      -1.0185697
          1.534    -0.037200687     -0.90031173
          1.536    -0.041735192      0.70857589
          1.538     -0.04003499    -0.083133355
           1.54    -0.041402658       1.5007032
          1.542    -0.046037803      0.58391126
          1.544    -0.043738304      -0.8148843
          1.546    -0.042778266      -1.4615149
          1.548    -0.037892244     0.085359133
           1.55    -0.043119702     -0.71924274
          1.552    -0.035015273      -1.5613566
          1.554    -0.036874276      0.75077625
          1.556    -0.038018378       2.3536244
          1.558    -0.046288774       2.2697011
           1.56    -0.047097182      -3.2435249
          1.562    -0.033314674     -0.97884443
          1.564    -0.043181805       4.5814765
          1.566     -0.05164058        0.916482
          1.568    -0.046847733      -2.5409584
           1.57    -0.041476746      -1.2088387
          1.572    -0.042012378      0.17363616
          1.574    -0.042171291      0.48048148
          1.576    -0.043934304      0.34599094
          1.578    -0.043555255     -0.45270959
           1.58    -0.042123466     -0.81565144
          1.582    -0.040292649     -0.84554051
          1.584    -0.038741303     -0.75919254
          1.586    -0.037255879      0.13481496
          1.588    -0.039280563       1.2458537
           1.59    -0.042239294     -0.16478578
          1.592     -0.03862142     -0.86046144
          1.594    -0.038797448       1.7897441
          1.596    -0.045780397       2.0883443
          1.598    -0.047150825     -0.76115932
            1.6    -0.042735759      -2.2679631
          1.602    -0.038078973       -2.652495
          1.604     -0.03212578       1.3552659
          1.606    -0.043500036       1.3942096
          1.608    -0.037702618      -2.6277632
           1.61    -0.032988984       1.1824111
          1.612    -0.042432262       2.3173931
          1.614    -0.042258556       1.0237261
          1.616    -0.046527167      0.49596742
          1.618    -0.044242426     -0.97927261
           1.62    -0.042610077      -1.3581132
          1.622    -0.038809973      0.50611266
          1.624    -0.044634527      -0.8563261
          1.626    -0.035384668     -0.58119681
          1.628     -0.04230974      0.89433595
           1.63    -0.038962012     0.076288922
          1.632    -0.042614896      0.29774175
          1.634    -0.040152979      -1.4834405
          1.636    -0.036681134      0.18219206
          1.638    -0.040881747       2.0398977
           1.64    -0.044840725     -0.10998195
          1.642     -0.04044182      -1.4910511
          1.644     -0.03887652     -0.91449581
          1.646    -0.036783836     -0.11157278
          1.648    -0.038430229      -1.7908278
           1.65    -0.029620525      -0.4598458
          1.652    -0.036590846        1.218469
          1.654    -0.034494401      0.81697718
          1.656    -0.039858755        1.680136
          1.658    -0.041214945     -0.03003019
           1.66    -0.039738634     -0.10348182
          1.662    -0.040801018      0.14057832
          1.664    -0.040300947      -2.7940035
          1.666    -0.029625004       0.2541979
          1.668    -0.041317739       0.8673812
           1.67    -0.033094529    -0.073875182
          1.672    -0.041022238       3.1935813
          1.674    -0.045868854      0.76943489
          1.676    -0.044099978      0.23564122
          1.678    -0.046811419      -1.7704742
           1.68    -0.037018081     0.064106847
          1.682    -0.047067846       1.6880706
          1.684    -0.043770363      0.52205264
          1.686    -0.049156057       1.2135838
          1.688    -0.048624699      0.26916507
           1.69    -0.050232717        1.360704
          1.692    -0.054067515     0.007062505
          1.694    -0.050260967      -2.4477488
          1.696    -0.044276519      0.62085556
          1.698    -0.052744389       3.7239119
            1.7    -0.059172167     -0.90020842
          1.702    -0.049143556      -2.3673111
          1.704    -0.049702922       3.7257806
          1.706    -0.064046678       3.6197075
          1.708    -0.064181752      -0.4919847
           1.71    -0.062078739     -0.87806494
          1.712    -0.060669493     -0.93503868
          1.714    -0.058338585      0.99293304
          1.716    -0.064641225    -0.057858712
          1.718     -0.05810715      -1.3959019
           1.72    -0.059057617      0.97937298
          1.722    -0.062024642       2.7668169
          1.724    -0.070124885       1.8612359
          1.726    -0.069469586      -2.2285219
          1.728    -0.061210797     -0.79270416
           1.73    -0.066298769       1.9504395
          1.732    -0.069012555       1.6347505
          1.734    -0.072837771     -0.69141618
          1.736     -0.06624689       -1.844541
          1.738    -0.065459607       0.1755302
           1.74    -0.066949011      0.90810911
          1.742    -0.069092044     0.000436545
          1.744    -0.066950757      0.65104017
          1.746    -0.071696204       2.1642313
          1.748    -0.075607683    -0.064430738
           1.75    -0.071438481     -0.73239275
          1.752    -0.072678112      -1.1548919
          1.754    -0.066818914      -1.4204147
          1.756    -0.066996453       1.5023415
          1.758     -0.07282828       1.1107372
           1.76    -0.071439402       -0.367448
          1.762    -0.071358488       1.6638883
          1.764    -0.078094955      0.12683186
          1.766    -0.071865815      -1.9378625
          1.768    -0.070343505      -1.7518973
           1.77    -0.064858226      0.36380596
          1.772    -0.071798729       2.1410652
          1.774    -0.073422487      -1.3890792
          1.776    -0.066242412     -0.91459128
          1.778    -0.069764121     -0.59580701
           1.78    -0.063859184     -0.36325273
          1.782    -0.068311111       2.1820392
          1.784    -0.072587341     -0.73774287
          1.786    -0.065360139      -1.8581798
          1.788    -0.065154621    -0.050789282
           1.79    -0.065156982      0.35703729
          1.792     -0.06658277      0.86356016
          1.794    -0.068611223       1.6797026
          1.796    -0.073301581      0.58023549
          1.798    -0.070932165    -0.021959445
            1.8    -0.073213743     -0.51905677
          1.802    -0.068855937      -2.0862262
          1.804    -0.064868838    -0.091199405
          1.806     -0.06849114     -0.71219089
          1.808    -0.062020075      -1.1804033
           1.81    -0.063769527      0.24976366
          1.812    -0.063019129      0.46146574
          1.814     -0.06561539     -0.49350478
          1.816     -0.06104511      -2.7920887
          1.818    -0.054447035      -1.6228958
           1.82    -0.054553527      0.19986847
          1.822    -0.055246509      0.87716036
          1.824    -0.058062168     -0.72941767
          1.826    -0.052328838      -1.6717437
          1.828    -0.051375193      -1.0745654
           1.83    -0.048030576       1.4092201
          1.832    -0.057012074       1.1451904
          1.834    -0.052611338      -1.1692583
          1.836    -0.052335041     -0.77419522
          1.838    -0.049514557      -1.7297324
           1.84    -0.045416111      -0.8420277
          1.842    -0.046146446      0.01465566
          1.844    -0.045474734     -0.47058777
          1.846    -0.044264095       0.1069146
          1.848    -0.045902392     -0.12114612
           1.85    -0.043779511    -0.027402948
          1.852     -0.04579278      0.12596348
          1.854    -0.044283365      -1.4900056
          1.856    -0.039832758      -1.7406507
          1.858    -0.037320762       0.4124647
           1.86    -0.041482617      0.47510798
          1.862    -0.039221194      -1.3448081
          1.864    -0.036103384      -1.0928212
          1.866    -0.034849909     -0.10193122
          1.868    -0.035695659     -0.96723104
           1.87    -0.030980985      -1.7319104
          1.872    -0.028768018      0.67204226
          1.874    -0.033669154       2.2862511
          1.876    -0.037913022     -0.65514618
          1.878    -0.031048569      -1.6169387
           1.88    -0.031445267      -1.8212893
          1.882    -0.023763412      -2.8075202
          1.884    -0.020215187      0.65677467
          1.886    -0.026390511      0.69769784
          1.888    -0.023005978      -1.4197112
           1.89    -0.020711666      -1.1689706
          1.892    -0.018330096     -0.57675391
          1.894     -0.01840465     -0.71473048
          1.896    -0.015471174      0.26728941
          1.898    -0.019473808       1.7262623
            1.9    -0.022376223     -0.47243578
          1.902    -0.017584065      -1.1000975
          1.904    -0.017975833    -0.088470773
          1.906    -0.017230182      0.74977221
          1.908    -0.020974922      0.91784438
           1.91    -0.020901559     -0.80661736
          1.912    -0.017748452     -0.74730775
          1.914    -0.017912328      0.17865977
          1.916    -0.018463091     -0.92086808
          1.918    -0.014228856    -0.053543837
           1.92    -0.018248916      0.59108919
          1.922    -0.016593213     -0.78556146
          1.924     -0.01510667      0.12666595
          1.926    -0.017099876      -2.1541506
          1.928   -0.0064900679      -2.1220039
           1.93   -0.0086118606       0.8202758
          1.932   -0.0097711711      0.49778383
          1.934    -0.010602996     -0.72085572
          1.936   -0.0068877482      0.34046843
          1.938     -0.01196487      0.94086482
           1.94    -0.010651208      -1.4993544
          1.942   -0.0059674522      -1.3587201
          1.944   -0.0052163272      0.19369769
          1.946    -0.006742243      0.53409492
          1.948   -0.0073527069     0.071620761
           1.95    -0.007028726      0.73937007
          1.952    -0.010310187        1.236414
          1.954    -0.011974382     -0.52752008
          1.956   -0.0082001069     -0.86382807
          1.958   -0.0085190699       1.5755908
           1.96     -0.01450247      0.35439223
          1.962   -0.0099366388       -2.034704
          1.964   -0.0063636541      -1.5642453
          1.966   -0.0036796575     -0.69389087
          1.968   -0.0035880906       1.5530924
           1.97   -0.0098920271       1.0698505
          1.972   -0.0078674928     -0.12252429
          1.974     -0.00940193     -0.94473505
          1.976   -0.0040885526      0.53608757
          1.978     -0.01154628       1.7733656
           1.98    -0.011182015      -2.3406538
          1.982    -0.002183665      -2.2156191
          1.984   -0.0023195384     0.005780366
          1.986   -0.0022067865       0.7016828
          1.988   -0.0051262696      0.41024546
           1.99   -0.0038477683     -0.50253386
          1.992   -0.0031161342      -1.2498856
          1.994     0.001151774      -1.2241141
          1.996    0.0017803222      0.29170247
          1.998  -1.5035814e-05      0.44508054
              2               0   -0.0037589535
          2.002               0               0
          2.004               0               0
          2.006               0               0
          2.008               0               0
           2.01               0               0
          2.012               0               0
          2.014               0               0
          2.016               0               0
          2.018               0               0
           2.02               0               0
          2.022               0               0
          2.024               0               0
          2.026               0               0
          2.028               0               0
           2.03               0               0
          2.032               0               0
          2.034               0               0
          2.036               0               0
          2.038               0               0
           2.04               0               0
          2.042               0               0
          2.044               0               0
          2.046               0               0
          2.048               0               0
           2.05               0               0
          2.052               0               0
          2.054               0               0
          2.056               0               0
          2.058               0               0
           2.06               0               0
          2.062               0               0
          2.064               0               0
          2.066               0               0
          2.068               0               0
           2.07               0               0
          2.072               0               0
          2.074               0               0
          2.076               0               0
          2.078               0               0
           2.08               0               0
          2.082               0               0
          2.084               0               0
          2.086               0               0
          2.088               0               0
           2.09               0               0
          2.092               0               0
          2.094               0               0
          2.096               0               0
          2.098               0               0
            2.1               0               0
          2.102               0               0
          2.104               0               0
          2.106               0               0
          2.108               0               0
           2.11               0               0
          2.112               0               0
          2.114               0               0
          2.116               0               0
          2.118               0               0
           2.12               0               0
          2.122               0               0
          2.124               0               0
          2.126               0               0
          2.128               0               0
           2.13               0               0
          2.132               0               0
          2.134               0               0
          2.136               0               0
          2.138               0               0
           2.14               0               0
          2.142               0               0
          2.144               0               0
          2.146               0               0
          2.148               0               0
           2.15               0               0
          2.152               0               0
          2.154               0               0
          2.156               0               0
          2.158               0               0
           2.16               0               0
          2.162               0               0
          2.164               0               0
          2.166               0               0
          2.168               0               0
           2.17               0               0
          2.172               0               0
          2.174               0               0
          2.176               0               0
          2.178               0               0
           2.18               0               0
          2.182               0               0
          2.184               0               0
          2.186               0               0
          2.188               0               0
           2.19               0               0
          2.192               0               0
          2.194               0               0
          2.196               0               0
          2.198               0               0
            2.2               0               0
          2.202               0               0
          2.204               0               0
          2.206               0               0
          2.208               0               0
           2.21               0               0
          2.212               0               0
          2.214               0               0
          2.216               0               0
          2.218               0               0
           2.22               0               0
          2.222               0               0
          2.224               0               0
          2.226               0               0
          2.228               0               0
           2.23               0               0
          2.232               0               0
          2.234               0               0
          2.236               0               0
          2.238               0               0
           2.24               0               0
          2.242               0               0
          2.244               0               0
          2.246               0               0
          2.248               0               0
           2.25               0               0
          2.252               0               0
          2.254               0               0
          2.256               0               0
          2.258               0               0
           2.26               0               0
          2.262               0               0
          2.264               0               0
          2.266               0               0
          2.268               0               0
           2.27               0               0
          2.272               0               0
          2.274               0               0
          2.276               0               0
          2.278               0               0
           2.28               0               0
          2.282               0               0
          2.284               0               0
          2.286               0               0
          2.288               0               0
           2.29               0               0
          2.292               0               0
          2.294               0               0
          2.296               0               0
          2.298               0               0
            2.3               0               0
          2.302               0               0
          2.304               0               0
          2.306               0               0
          2.308               0               0
           2.31               0               0
          2.312               0               0
          2.314               0               0
          2.316               0               0
          2.318               0               0
           2.32               0               0
          2.322               0               0
          2.324               0               0
          2.326               0               0
          2.328               0               0
           2.33               0               0
          2.332               0               0
          2.334               0               0
          2.336               0               0
          2.338               0               0
           2.34               0               0
          2.342               0               0
          2.344               0               0
          2.346               0               0
          2.348               0               0
           2.35               0               0
          2.352               0               0
          2.354               0               0
          2.356               0               0
          2.358               0               0
           2.36               0               0
          2.362               0               0
          2.364               0               0
          2.366               0               0
          2.368               0               0
           2.37               0               0
          2.372               0               0
          2.374               0               0
          2.376               0               0
          2.378               0               0
           2.38               0               0
          2.382               0               0
          2.384               0               0
          2.386               0               0
          2.388               0               0
           2.39               0               0
          2.392               0               0
          2.394               0               0
          2.396               0               0
          2.398               0               0
            2.4               0               0
          2.402               0               0
          2.404               0               0
          2.406               0               0
          2.408               0               0
           2.41               0               0
          2.412               0               0
          2.414               0               0
          2.416               0               0
          2.418               0               0
           2.42               0               0
          2.422               0               0
          2.424               0               0
          2.426               0               0
          2.428               0               0
           2.43               0               0
          2.432               0               0
          2.434               0               0
          2.436               0               0
          2.438               0               0
           2.44               0               0
          2.442               0               0
          2.444               0               0
          2.446               0               0
          2.448               0               0
           2.45               0               0
          2.452               0               0
          2.454               0               0
          2.456               0               0
          2.458               0               0
           2.46               0               0
          2.462               0               0
          2.464               0               0
          2.466               0               0
          2.468               0               0
           2.47               0               0
          2.472               0               0
          2.474               0               0
          2.476               0               0
          2.478               0               0
           2.48               0               0
          2.482               0               0
          2.484               0               0
          2.486               0               0
          2.488               0               0
           2.49               0               0
          2.492               0               0
          2.494               0               0
          2.496               0               0
          2.498               0               0
            2.5               0               0
          2.502               0               0
          2.504               0               0
          2.506               0               0
          2.508               0               0
           2.51               0               0
          2.512               0               0
          2.514               0               0
          2.516               0               0
          2.518               0               0
           2.52               0               0
          2.522               0               0
          2.524               0               0
          2.526               0               0
          2.528               0               0
           2.53               0               0
          2.532               0               0
          2.534               0               0
          2.536               0               0
          2.538               0               0
           2.54               0               0
          2.542               0               0
          2.544               0               0
          2.546               0               0
          2.548               0               0
           2.55               0               0
          2.552               0               0
          2.554               0               0
          2.556               0               0
          2.558               0               0
           2.56               0               0
          2.562               0               0
          2.564               0               0
          2.566               0               0
          2.568               0               0
           2.57               0               0
          2.572               0               0
          2.574               0               0
          2.576               0               0
          2.578               0               0
           2.58               0               0
          2.582               0               0
          2.584               0               0
          2.586               0               0
          2.588               0               0
           2.59               0               0
          2.592               0               0
          2.594               0               0
          2.596               0               0
          2.598               0               0
            2.6               0               0
          2.602               0               0
          2.604               0               0
          2.606               0               0
          2.608               0               0
           2.61               0               0
          2.612               0               0
          2.614               0               0
          2.616               0               0
          2.618               0               0
           2.62               0               0
          2.622               0               0
          2.624               0               0
          2.626               0               0
          2.628               0               0
           2.63               0               0
          2.632               0               0
          2.634               0               0
          2.636               0               0
          2.638               0               0
           2.64               0               0
          2.642               0               0
          2.644               0               0
          2.646               0               0
          2.648               0               0
           2.65               0               0
          2.652               0               0
          2.654               0               0
          2.656               0               0
          2.658               0               0
           2.66               0               0
          2.662               0               0
          2.664               0               0
          2.666               0               0
          2.668               0               0
           2.67               0               0
          2.672               0               0
          2.674               0               0
          2.676               0               0
          2.678               0               0
           2.68               0               0
          2.682               0               0
          2.684               0               0
          2.686               0               0
          2.688               0               0
           2.69               0               0
          2.692               0               0
          2.694               0               0
          2.696               0               0
          2.698               0               0
            2.7               0               0
          2.702               0               0
          2.704               0               0
          2.706               0               0
          2.708               0               0
           2.71               0               0
          2.712               0               0
          2.714               0               0
          2.716               0               0
          2.718               0               0
           2.72               0               0
          2.722               0               0
          2.724               0               0
          2.726               0               0
          2.728               0               0
           2.73               0               0
          2.732               0               0
          2.734               0               0
          2.736               0               0
          2.738               0               0
           2.74               0               0
          2.742               0               0
          2.744               0               0
          2.746               0               0
          2.748               0               0
           2.75               0               0
          2.752               0               0
          2.754               0               0
          2.756               0               0
          2.758               0               0
           2.76               0               0
          2.762               0               0
          2.764               0               0
          2.766               0               0
          2.768               0               0
           2.77               0               0
          2.772               0               0
          2.774               0               0
          2.776               0               0
          2.778               0               0
           2.78               0               0
          2.782               0               0
          2.784               0               0
          2.786               0               0
          2.788               0               0
           2.79               0               0
          2.792               0               0
          2.794               0               0
          2.796               0               0
          2.798               0               0
            2.8               0               0
          2.802               0               0
          2.804               0               0
          2.806               0               0
          2.808               0               0
           2.81               0               0
          2.812               0               0
          2.814               0               0
          2.816               0               0
          2.818               0               0
           2.82               0               0
          2.822               0               0
          2.824               0               0
          2.826               0               0
          2.828               0               0
           2.83               0               0
          2.832               0               0
          2.834               0               0
          2.836               0               0
          2.838               0               0
           2.84               0               0
          2.842               0               0
          2.844               0               0
          2.846               0               0
          2.848               0               0
           2.85               0               0
          2.852               0               0
          2.854               0               0
          2.856               0               0
          2.858               0               0
           2.86               0               0
          2.862               0               0
          2.864               0               0
          2.866               0               0
          2.868               0               0
           2.87               0               0
          2.872               0               0
          2.874               0               0
          2.876               0               0
          2.878               0               0
           2.88               0               0
          2.882               0               0
          2.884               0               0
          2.886               0               0
          2.888               0               0
           2.89               0               0
          2.892               0               0
          2.894               0               0
          2.896               0               0
          2.898               0               0
            2.9               0               0
          2.902               0               0
          2.904               0               0
          2.906               0               0
          2.908               0               0
           2.91               0               0
          2.912               0               0
          2.914               0               0
          2.916               0               0
          2.918               0               0
           2.92               0               0
          2.922               0               0
          2.924               0               0
          2.926               0               0
          2.928               0               0
           2.93               0               0
          2.932               0               0
          2.934               0               0
          2.936               0               0
          2.938               0               0
           2.94               0               0
          2.942               0               0
          2.944               0               0
          2.946               0               0
          2.948               0               0
           2.95               0               0
          2.952               0               0
          2.954               0               0
          2.956               0               0
          2.958               0               0
           2.96               0               0
          2.962               0               0
          2.964               0               0
          2.966               0               0
          2.968               0               0
           2.97               0               0
          2.972               0               0
          2.974               0               0
          2.976               0               0
          2.978               0               0
           2.98               0               0
          2.982               0               0
          2.984               0               0
          2.986               0               0
          2.988               0               0
           2.99               0               0
          2.992               0               0
          2.994               0               0
          2.996               0               0
          2.998               0               0
              3               0               0
          3.002               0               0
          3.004               0               0
          3.006               0               0
          3.008               0               0
           3.01               0               0
          3.012               0               0
          3.014               0               0
          3.016               0               0
          3.018               0               0
           3.02               0               0
          3.022               0               0
          3.024               0               0
          3.026               0               0
          3.028               0               0
           3.03               0               0
          3.032               0               0
          3.034               0               0
          3.036               0               0
          3.038               0               0
           3.04               0               0
          3.042               0               0
          3.044               0               0
          3.046               0               0
          3.048               0               0
           3.05               0               0
          3.052               0               0
          3.054               0               0
          3.056               0               0
          3.058               0               0
           3.06               0               0
          3.062               0               0
          3.064               0               0
          3.066               0               0
          3.068               0               0
           3.07               0               0
          3.072               0               0
          3.074               0               0
          3.076               0               0
          3.078               0               0
           3.08               0               0
          3.082               0               0
          3.084               0               0
          3.086               0               0
          3.088               0               0
           3.09               0               0
          3.092               0               0
          3.094               0               0
          3.096               0               0
          3.098               0               0
            3.1               0               0
          3.102               0               0
          3.104               0               0
          3.106               0               0
          3.108               0               0
           3.11               0               0
          3.112               0               0
          3.114               0               0
          3.116               0               0
          3.118               0               0
           3.12               0               0
          3.122               0               0
          3.124               0               0
          3.126               0               0
          3.128               0               0
           3.13               0               0
          3.132               0               0
          3.134               0               0
          3.136               0               0
          3.138               0               0
           3.14               0               0
          3.142               0               0
          3.144               0               0
          3.146               0               0
          3.148               0               0
           3.15               0               0
          3.152               0               0
          3.154               0               0
          3.156               0               0
          3.158               0               0
           3.16               0               0
          3.162               0               0
          3.164               0               0
          3.166               0               0
          3.168               0               0
           3.17               0               0
          3.172               0               0
          3.174               0               0
          3.176               0               0
          3.178               0               0
           3.18               0               0
          3.182               0               0
          3.184               0               0
          3.186               0               0
          3.188               0               0
           3.19               0               0
          3.192               0               0
          3.194               0               0
          3.196               0               0
          3.198               0               0
            3.2               0               0
          3.202               0               0
          3.204               0               0
          3.206               0               0
          3.208               0               0
           3.21               0               0
          3.212               0               0
          3.214               0               0
          3.216               0               0
          3.218               0               0
           3.22               0               0
          3.222               0               0
          3.224               0               0
          3.226               0               0
          3.228               0               0
           3.23               0               0
          3.232               0               0
          3.234               0               0
          3.236               0               0
          3.238               0               0
           3.24               0               0
          3.242               0               0
          3.244               0               0
          3.246               0               0
          3.248               0               0
           3.25               0               0
          3.252               0               0
          3.254               0               0
          3.256               0               0
          3.258               0               0
           3.26               0               0
          3.262               0               0
          3.264               0               0
          3.266               0               0
          3.268               0               0
           3.27               0               0
          3.272               0               0
          3.274               0               0
          3.276               0               0
          3.278               0               0
           3.28               0               0
          3.282               0               0
          3.284               0               0
          3.286               0               0
          3.288               0               0
           3.29               0               0
          3.292               0               0
          3.294               0               0
          3.296               0               0
          3.298               0               0
            3.3               0               0
          3.302               0               0
          3.304               0               0
          3.306               0               0
          3.308               0               0
           3.31               0               0
          3.312               0               0
          3.314               0               0
          3.316               0               0
          3.318               0               0
           3.32               0               0
          3.322               0               0
          3.324               0               0
          3.326               0               0
          3.328               0               0
           3.33               0               0
          3.332               0               0
          3.334               0               0
          3.336               0               0
          3.338               0               0
           3.34               0               0
          3.342               0               0
          3.344               0               0
          3.346               0               0
          3.348               0               0
           3.35               0               0
          3.352               0               0
          3.354               0               0
          3.356               0               0
          3.358               0               0
           3.36               0               0
          3.362               0               0
          3.364               0               0
          3.366               0               0
          3.368               0               0
           3.37               0               0
          3.372               0               0
          3.374               0               0
          3.376               0               0
          3.378               0               0
           3.38               0               0
          3.382               0               0
          3.384               0               0
          3.386               0               0
          3.388               0               0
           3.39               0               0
          3.392               0               0
          3.394               0               0
          3.396               0               0
          3.398               0               0
            3.4               0               0
          3.402               0               0
          3.404               0               0
          3.406               0               0
          3.408               0               0
           3.41               0               0
          3.412               0               0
          3.414               0               0
          3.416               0               0
          3.418               0               0
           3.42               0               0
          3.422               0               0
          3.424               0               0
          3.426               0               0
          3.428               0               0
           3.43               0               0
          3.432               0               0
          3.434               0               0
          3.436               0               0
          3.438               0               0
           3.44               0               0
          3.442               0               0
          3.444               0               0
          3.446               0               0
          3.448               0               0
           3.45               0               0
          3.452               0               0
          3.454               0               0
          3.456               0               0
          3.458               0               0
           3.46               0               0
          3.462               0               0
          3.464               0               0
          3.466               0               0
          3.468               0               0
           3.47               0               0
          3.472               0               0
          3.474               0               0
          3.476               0               0
          3.478               0               0
           3.48               0               0
          3.482               0               0
          3.484               0               0
          3.486               0               0
          3.488               0               0
           3.49               0               0
          3.492               0               0
          3.494               0               0
          3.496               0               0
          3.498               0               0
            3.5               0               0
