          0.002        578.1659       1532.6793
          0.004       575.10054       1532.6793
          0.006       572.03518       1532.6793
          0.008       568.96982       1532.6793
           0.01       565.90447       1532.6793
          0.012       562.83911       1532.6793
          0.014       559.77375       1532.6793
          0.016       556.70839       1532.6793
          0.018       553.64303       1532.6793
           0.02       550.57767       1532.6793
          0.022       547.51231       1532.6793
          0.024       544.44696       1532.6793
          0.026        541.3816       1532.6793
          0.028       538.31624       1532.6793
           0.03       535.25088       1532.6793
          0.032       532.18552       1532.6793
          0.034       529.12016       1532.6793
          0.036        526.0548       1532.6793
          0.038       522.98945       1532.6793
           0.04       519.92409       1532.6793
          0.042       516.85873       1532.6793
          0.044       513.79337       1532.6793
          0.046       510.72801       1532.6793
          0.048       507.66265       1532.6793
           0.05       504.59729       1532.6793
          0.052       501.53193       1532.6793
          0.054       498.46658       1532.6793
          0.056       495.40122       1532.6793
          0.058       492.33586       1532.6793
           0.06        489.2705       1532.6793
          0.062       486.20514       1532.6793
          0.064       483.13978       1532.6793
          0.066       480.07442       1532.6793
          0.068       477.00907       1532.6793
           0.07       473.94371       1532.6793
          0.072       470.87835       1532.6793
          0.074       467.81299       1532.6793
          0.076       464.74763       1532.6793
          0.078       461.68227       1532.6793
           0.08       458.61691       1532.6793
          0.082       455.55156       1532.6793
          0.084        452.4862       1532.6793
          0.086       449.42084       1532.6793
          0.088       446.35548       1532.6793
           0.09       443.29012       1532.6793
          0.092       440.22476       1532.6793
          0.094        437.1594       1532.6793
          0.096       434.09405       1532.6793
          0.098       431.02869       1532.6793
            0.1       427.96333       1532.6793
          0.102       424.89797       1532.6793
          0.104       421.83261       1532.6793
          0.106       418.76725       1532.6793
          0.108       415.70189       1532.6793
           0.11       412.63654       1532.6793
          0.112       409.57118       1532.6793
          0.114       406.50582       1532.6793
          0.116       403.44046       1532.6793
          0.118        400.3751       1532.6793
           0.12       397.30974       1532.6793
          0.122       394.24438       1532.6793
          0.124       391.17902       1532.6793
          0.126       388.11367       1532.6793
          0.128       385.04831       1532.6793
           0.13       381.98295       1532.6793
          0.132       378.91759       1532.6793
          0.134       375.85223       1532.6793
          0.136       372.78687       1532.6793
          0.138       369.72151       1532.6793
           0.14       366.65616       1532.6793
          0.142        363.5908       1532.6793
          0.144       360.52544       1532.6793
          0.146       357.46008       1532.6793
          0.148       354.39472       1532.6793
           0.15       351.32936       1532.6793
          0.152         348.264       1532.6793
          0.154       345.19865       1532.6793
          0.156       342.13329       1532.6793
          0.158       339.06793       1532.6793
           0.16       336.00257       1532.6793
          0.162       332.93721       1532.6793
          0.164       329.87185       1532.6793
          0.166       326.80649       1532.6793
          0.168       323.74114       1532.6793
           0.17       320.67578       1532.6793
          0.172       317.61042       1532.6793
          0.174       314.54506       1532.6793
          0.176        311.4797       1532.6793
          0.178       308.41434       1532.6793
           0.18       305.34898       1532.6793
          0.182       302.28362       1532.6793
          0.184       299.21827       1532.6793
          0.186       296.15291       1532.6793
          0.188       293.08755       1532.6793
           0.19       290.02219       1532.6793
          0.192       286.95683       1532.6793
          0.194       283.89147       1532.6793
          0.196       280.82611       1532.6793
          0.198       277.76076       1532.6793
            0.2        274.6954       1532.6793
          0.202       271.63004       1532.6793
          0.204       268.56468       1532.6793
          0.206       265.49932       1532.6793
          0.208       262.43396       1532.6793
           0.21        259.3686       1532.6793
          0.212       256.30325       1532.6793
          0.214       253.23789       1532.6793
          0.216       250.17253       1532.6793
          0.218       247.10717       1532.6793
           0.22       244.04181       1532.6793
          0.222       240.97645       1532.6793
          0.224       237.91109       1532.6793
          0.226       234.84574       1532.6793
          0.228       231.78038       1532.6793
           0.23       228.71502       1532.6793
          0.232       225.64966       1532.6793
          0.234        222.5843       1532.6793
          0.236       219.51894       1532.6793
          0.238       216.45358       1532.6793
           0.24       213.38823       1532.6793
          0.242       210.32287       1532.6793
          0.244       207.25751       1532.6793
          0.246       204.19215       1532.6793
          0.248       201.12679       1532.6793
           0.25       198.06143       1532.6793
          0.252       194.99607       1532.6793
          0.254       191.93071       1532.6793
          0.256       188.86536       1532.6793
          0.258           185.8       1532.6793
           0.26       182.73464       1532.6793
          0.262       179.66928       1532.6793
          0.264       176.60392       1532.6793
          0.266       173.53856       1532.6793
          0.268        170.4732       1532.6793
           0.27       167.40785       1532.6793
          0.272       164.34249       1532.6793
          0.274       161.27713       1532.6793
          0.276       158.21177       1532.6793
          0.278       155.14641       1532.6793
           0.28       152.08105       1532.6793
          0.282       149.01569       1532.6793
          0.284       145.95034       1532.6793
          0.286       142.88498       1532.6793
          0.288       139.81962       1532.6793
           0.29       136.75426       1532.6793
          0.292        133.6889       1532.6793
          0.294       130.62354       1532.6793
          0.296       127.55818       1532.6793
          0.298       124.49283       1532.6793
            0.3       121.42747       1532.6793
          0.302       118.36211       1532.6793
          0.304       115.29675       1532.6793
          0.306       112.23139       1532.6793
          0.308       109.16603       1532.6793
           0.31       106.10067       1532.6793
          0.312       103.03531       1532.6793
          0.314       99.969956       1532.6793
          0.316       96.904598       1532.6793
          0.318       93.839239       1532.6793
           0.32        90.77388       1532.6793
          0.322       87.708522       1532.6793
          0.324       84.643163       1532.6793
          0.326       81.577805       1532.6793
          0.328       78.512446       1532.6793
           0.33       75.447087       1532.6793
          0.332       72.381729       1532.6793
          0.334        69.31637       1532.6793
          0.336       66.251011       1532.6793
          0.338       63.185653       1532.6793
           0.34       60.120294       1532.6793
          0.342       57.054936       1532.6793
          0.344       53.989577       1532.6793
          0.346       50.924218       1532.6793
          0.348        47.85886       1532.6793
           0.35       44.793501       1376.6516
          0.352       42.352254       1380.3657
          0.354       39.272038       1688.7071
          0.356       35.597425       1611.6424
          0.358       32.825469       1385.9623
           0.36       30.053576       1328.6614
          0.362       27.510823        1230.693
          0.364       25.130804       1228.6997
          0.366       22.596024       1190.4837
          0.368       20.368869       1124.9126
           0.37       18.096374        1101.777
          0.372       15.961761       1047.3819
          0.374       13.906846        1039.164
          0.376       11.805105       1000.1699
          0.378       9.9061662       935.56059
           0.38       8.0628631       884.73382
          0.382       6.3672309       808.63791
          0.384       4.8283114       727.12287
          0.386       3.4587394       630.89127
          0.388       2.3047464       519.23813
           0.39       1.3817869       407.28034
          0.392      0.67562502       290.74385
          0.394      0.21881149       168.90626
          0.396               0       42.937629
          0.398     0.047060978      -91.845578
            0.4      0.36738231      -232.46291
          0.402      0.97691263      -378.76725
          0.404       1.8824513      -530.23158
          0.406        3.097839      -689.36518
          0.408        4.639912      -859.62232
           0.41       6.5363282      -1038.0875
          0.412        8.792262      -1219.2773
          0.414       11.413438      -1398.6994
          0.416       14.387059      -1596.7427
          0.418       17.800408      -1785.4568
           0.42       21.528887       -2027.257
          0.422       25.909436      -2158.8858
          0.424        30.16443      -2414.7766
          0.426       35.568543      -2486.4375
          0.428        40.11018      -3066.2135
           0.43       47.833397      -3403.2181
          0.432       53.723052      -2944.8278
          0.434       59.612708      -2944.8278
          0.436       65.502364      -2944.8278
          0.438       71.392019      -2944.8278
           0.44       77.281675      -2944.8278
          0.442       83.171331      -2944.8278
          0.444       89.060986      -2944.8278
          0.446       94.950642      -2944.8278
          0.448        100.8403      -2944.8278
           0.45       106.72995      -2944.8278
          0.452       112.61961      -2944.8278
          0.454       118.50926      -2944.8278
          0.456       124.39892      -2944.8278
          0.458       130.28858      -2944.8278
           0.46       136.17823      -2944.8278
          0.462       142.06789      -2944.8278
          0.464       147.95754      -2944.8278
          0.466        153.8472      -2944.8278
          0.468       159.73685      -2944.8278
           0.47       165.62651      -2944.8278
          0.472       171.51617      -2944.8278
          0.474       177.40582      -2944.8278
          0.476       183.29548      -2944.8278
          0.478       189.18513      -2944.8278
           0.48       195.07479      -2944.8278
          0.482       200.96444      -2944.8278
          0.484        206.8541      -2944.8278
          0.486       212.74375      -2944.8278
          0.488       218.63341      -2944.8278
           0.49       224.52307      -2944.8278
          0.492       230.41272      -2944.8278
          0.494       236.30238      -2944.8278
          0.496       242.19203      -2944.8278
          0.498       248.08169      -2944.8278
            0.5       253.97134      -2944.8278
          0.502         259.861      -2944.8278
          0.504       265.75066      -2944.8278
          0.506       271.64031      -2944.8278
          0.508       277.52997      -2944.8278
           0.51       283.41962      -2944.8278
          0.512       289.30928      -2944.8278
          0.514       295.19893      -2944.8278
          0.516       301.08859      -2944.8278
          0.518       306.97824      -2944.8278
           0.52        312.8679      -2944.8278
          0.522       318.75756      -2944.8278
          0.524       324.64721      -2944.8278
          0.526       330.53687      -2944.8278
          0.528       336.42652      -2944.8278
           0.53       342.31618      -2944.8278
          0.532       348.20583      -2944.8278
          0.534       354.09549      -2944.8278
          0.536       359.98515      -2944.8278
          0.538        365.8748      -2944.8278
           0.54       371.76446      -2944.8278
          0.542       377.65411      -2944.8278
          0.544       383.54377      -2944.8278
          0.546       389.43342      -2944.8278
          0.548       395.32308      -2944.8278
           0.55       401.21273      -2944.8278
          0.552       407.10239      -2944.8278
          0.554       412.99205      -2944.8278
          0.556        418.8817      -2944.8278
          0.558       424.77136      -2944.8278
           0.56       430.66101      -2944.8278
          0.562       436.55067      -2944.8278
          0.564       442.44032      -2944.8278
          0.566       448.32998      -2944.8278
          0.568       454.21964      -2944.8278
           0.57       460.10929      -2944.8278
          0.572       465.99895      -2944.8278
          0.574        471.8886      -2944.8278
          0.576       477.77826      -2944.8278
          0.578       483.66791      -2944.8278
           0.58       489.55757      -2944.8278
          0.582       495.44722      -2944.8278
          0.584       501.33688      -2944.8278
          0.586       507.22654      -2944.8278
          0.588       513.11619      -2944.8278
           0.59       519.00585      -2944.8278
          0.592        524.8955      -2944.8278
          0.594       530.78516      -2944.8278
          0.596       536.67481      -2944.8278
          0.598       542.56447      -2944.8278
            0.6       548.45413      -2944.8278
          0.602       554.34378      -2944.8278
          0.604       560.23344      -2944.8278
          0.606       566.12309      -2944.8278
          0.608       572.01275      -2944.8278
           0.61        577.9024      -2944.8278
          0.612       583.79206      -2944.8278
          0.614       589.68171      -2944.8278
          0.616       595.57137      -2944.8278
          0.618       601.46103      -2944.8278
           0.62       607.35068      -2944.8278
          0.622       613.24034      -2944.8278
          0.624       619.12999      -2944.8278
          0.626       625.01965      -2944.8278
          0.628        630.9093      -2944.8278
           0.63       636.79896      -2944.8278
          0.632       642.68862      -2944.8278
          0.634       648.57827      -2944.8278
          0.636       654.46793      -2944.8278
          0.638       660.35758      -2944.8278
           0.64       666.24724      -2944.8278
          0.642       672.13689      -2944.8278
          0.644       678.02655      -2944.8278
          0.646        683.9162      -2944.8278
          0.648       689.80586      -2944.8278
           0.65       695.69552      -2944.8278
          0.652       701.58517      -2944.8278
          0.654       707.47483      -2944.8278
          0.656       713.36448      -2944.8278
          0.658       719.25414      -2944.8278
           0.66       725.14379      -2944.8278
          0.662       731.03345      -2944.8278
          0.664       736.92311      -2944.8278
          0.666       742.81276      -2944.8278
          0.668       748.70242      -2944.8278
           0.67       754.59207      -2944.8278
          0.672       760.48173      -2944.8278
          0.674       766.37138      -2944.8278
          0.676       772.26104      -2944.8278
          0.678       778.15069      -2944.8278
           0.68       784.04035      -2944.8278
          0.682       789.93001      -2944.8278
          0.684       795.81966      -2944.8278
          0.686       801.70932      -2944.8278
          0.688       807.59897      -2944.8278
           0.69       813.48863      -2944.8278
          0.692       819.37828      -2944.8278
          0.694       825.26794      -2944.8278
          0.696        831.1576      -2944.8278
          0.698       837.04725      -2944.8278
            0.7       842.93691      -2944.8278
          0.702       848.82656      -2944.8278
          0.704       854.71622      -2944.8278
          0.706       860.60587      -2944.8278
          0.708       866.49553      -2944.8278
           0.71       872.38518      -2944.8278
          0.712       878.27484      -2944.8278
          0.714        884.1645      -2944.8278
          0.716       890.05415      -2944.8278
          0.718       895.94381      -2944.8278
           0.72       901.83346      -2944.8278
          0.722       907.72312      -2944.8278
          0.724       913.61277      -2944.8278
          0.726       919.50243      -2944.8278
          0.728       925.39209      -2944.8278
           0.73       931.28174      -2944.8278
          0.732        937.1714      -2944.8278
          0.734       943.06105      -2944.8278
          0.736       948.95071      -2944.8278
          0.738       954.84036      -2944.8278
           0.74       960.73002      -2944.8278
          0.742       966.61968      -2944.8278
          0.744       972.50933      -2944.8278
          0.746       978.39899      -2944.8278
          0.748       984.28864      -2944.8278
           0.75        990.1783      -2944.8278
          0.752       996.06795      -2944.8279
          0.754       1001.9576      -2944.8277
          0.756       1007.8473      -2944.8277
          0.758       1013.7369       -2944.828
           0.76       1019.6266      -2944.8277
          0.762       1025.5162      -2944.8277
          0.764       1031.4059       -2944.828
          0.766       1037.2955      -2944.8277
          0.768       1043.1852      -2944.8277
           0.77       1049.0749       -2944.828
          0.772       1054.9645      -2944.8277
          0.774       1060.8542      -2944.8277
          0.776       1066.7438      -2944.8277
          0.778       1072.6335      -2944.8277
           0.78       1078.5231       -2944.828
          0.782       1084.4128      -2944.8277
          0.784       1090.3024      -2944.8277
          0.786       1096.1921       -2944.828
          0.788       1102.0818      -2944.8277
           0.79       1107.9714      -2944.8277
          0.792       1113.8611      -2944.8277
          0.794       1119.7507      -2944.8277
          0.796       1125.6404       -2944.828
          0.798         1131.53      -2944.8277
            0.8       1137.4197      -2944.8277
          0.802       1143.3093       -2944.828
          0.804        1149.199      -2944.8277
          0.806       1155.0887      -2944.8277
          0.808       1160.9783      -2944.8277
           0.81        1166.868      -2944.8277
          0.812       1172.7576       -2944.828
          0.814       1178.6473      -2944.8277
          0.816       1184.5369      -2944.8277
          0.818       1190.4266       -2944.828
           0.82       1196.3162      -2944.8277
          0.822       1202.2059      -2944.8277
          0.824       1208.0956       -2944.828
          0.826       1213.9852      -2944.8277
          0.828       1219.8749      -2944.8277
           0.83       1225.7645      -2944.8277
          0.832       1231.6542      -2944.8277
          0.834       1237.5438       -2944.828
          0.836       1243.4335      -2944.8277
          0.838       1249.3231      -2944.8277
           0.84       1255.2128       -2944.828
          0.842       1261.1025      -2944.8277
          0.844       1266.9921      -2944.8277
          0.846       1272.8818      -2944.8277
          0.848       1278.7714      -2944.8277
           0.85       1284.6611       -2944.828
          0.852       1290.5507      -2944.8277
          0.854       1296.4404      -2944.8277
          0.856         1302.33       -2944.828
          0.858       1308.2197      -2944.8277
           0.86       1314.1094      -2944.8277
          0.862        1319.999       -2944.828
          0.864       1325.8887      -2944.8277
          0.866       1331.7783      -2944.8277
          0.868        1337.668      -2944.8277
           0.87       1343.5576      -2944.8277
          0.872       1349.4473       -2944.828
          0.874       1355.3369      -2944.8277
          0.876       1361.2266      -2944.8277
          0.878       1367.1163       -2944.828
           0.88       1373.0059      -2944.8277
          0.882       1378.8956      -2944.8277
          0.884       1384.7852      -2944.8277
          0.886       1390.6749      -2944.8277
          0.888       1396.5645       -2944.828
           0.89       1402.4542      -2944.8277
          0.892       1408.3438      -2944.8277
          0.894       1414.2335       -2944.828
          0.896       1420.1232      -2944.8277
          0.898       1426.0128      -2944.8277
            0.9       1431.9025      -2944.8277
          0.902       1437.7921      -2944.8277
          0.904       1443.6818       -2944.828
          0.906       1449.5714      -2944.8277
          0.908       1455.4611      -2944.8277
           0.91       1461.3507       -2944.828
          0.912       1467.2404      -2944.8277
          0.914       1473.1301      -2944.8277
          0.916       1479.0197       -2944.828
          0.918       1484.9094      -2944.8277
           0.92        1490.799      -2944.8277
          0.922       1496.6887      -2944.8277
          0.924       1502.5783      -2944.8277
          0.926        1508.468       -2944.828
          0.928       1514.3576      -2944.8277
           0.93       1520.2473      -2944.8277
          0.932        1526.137       -2944.828
          0.934       1532.0266      -2944.8277
          0.936       1537.9163      -2944.8277
          0.938       1543.8059      -2944.8277
           0.94       1549.6956      -2944.8277
          0.942       1555.5852       -2944.828
          0.944       1561.4749      -2944.8277
          0.946       1567.3645      -2944.8277
          0.948       1573.2542       -2944.828
           0.95       1579.1439      -2944.8277
          0.952       1585.0335      -2944.8277
          0.954       1590.9232      -2944.8277
          0.956       1596.8128      -2944.8277
          0.958       1602.7025       -2944.828
           0.96       1608.5921      -2944.8277
          0.962       1614.4818      -2944.8277
          0.964       1620.3715       -2944.828
          0.966       1626.2611      -2944.8277
          0.968       1632.1508      -2944.8277
           0.97       1638.0404       -2944.828
          0.972       1643.9301      -2944.8277
          0.974       1649.8197      -2944.8277
          0.976       1655.7094      -2944.8277
          0.978        1661.599      -2944.8277
           0.98       1667.4887       -2944.828
          0.982       1673.3784      -2944.8277
          0.984        1679.268      -2944.8277
          0.986       1685.1577       -2944.828
          0.988       1691.0473      -2944.8277
           0.99        1696.937      -2944.8277
          0.992       1702.8266      -2944.8277
          0.994       1708.7163      -2944.8277
          0.996       1714.6059       -2944.828
          0.998       1720.4956      -2944.8277
              1       1726.3853      -2944.8277
          1.002       1732.2749       -2944.828
          1.004       1738.1646      -2944.8277
          1.006       1744.0542      -2944.8277
          1.008       1749.9439      -2944.8277
           1.01       1755.8335      -2944.8277
          1.012       1761.7232       -2944.828
          1.014       1767.6128      -2944.8277
          1.016       1773.5025      -2944.8277
          1.018       1779.3922       -2944.828
           1.02       1785.2818      -2944.8277
          1.022       1791.1715      -2944.8277
          1.024       1797.0611       -2944.828
          1.026       1802.9508      -2944.8277
          1.028       1808.8404      -2944.8277
           1.03       1814.7301      -2944.8277
          1.032       1820.6197      -2944.8277
          1.034       1826.5094       -2944.828
          1.036       1832.3991      -2944.8277
          1.038       1838.2887      -2944.8277
           1.04       1844.1784       -2944.828
          1.042        1850.068      -2944.8277
          1.044       1855.9577      -2944.8277
          1.046       1861.8473      -2944.8277
          1.048        1867.737      -2944.8277
           1.05       1873.6266       -2944.828
          1.052       1879.5163      -2944.8277
          1.054        1885.406      -2944.8277
          1.056       1891.2956       -2944.828
          1.058       1897.1853      -2944.8277
           1.06       1903.0749      -2944.8277
          1.062       1908.9646       -2944.828
          1.064       1914.8542      -2944.8277
          1.066       1920.7439      -2944.8277
          1.068       1926.6335      -2944.8277
           1.07       1932.5232      -2944.8277
          1.072       1938.4129       -2944.828
          1.074       1944.3025      -2944.8277
          1.076       1950.1922      -2944.8277
          1.078       1956.0818       -2944.828
           1.08       1961.9715      -2944.8277
          1.082       1967.8611      -2944.8277
          1.084       1973.7508      -2944.8277
          1.086       1979.6404      -2944.8277
          1.088       1985.5301       -2944.828
           1.09       1991.4198      -2944.8277
          1.092       1997.3094      -2944.8277
          1.094       2003.1991       -2944.828
          1.096       2009.0887      -2944.8277
          1.098       2014.9784      -2944.8277
            1.1        2020.868      -2944.8277
          1.102       2026.7577      -2944.8277
          1.104       2032.6473       -2944.828
          1.106        2038.537      -2944.8277
          1.108       2044.4267      -2944.8277
           1.11       2050.3163       -2944.828
          1.112        2056.206      -2944.8277
          1.114       2062.0956      -2944.8277
          1.116       2067.9853       -2944.828
          1.118       2073.8749      -2944.8277
           1.12       2079.7646      -2944.8277
          1.122       2085.6542      -2944.8277
          1.124       2091.5439      -2944.8277
          1.126       2097.4336       -2944.828
          1.128       2103.3232      -2944.8277
           1.13       2109.2129      -2944.8277
          1.132       2115.1025       -2944.828
          1.134       2120.9922      -2944.8277
          1.136       2126.8818      -2944.8277
          1.138       2132.7715      -2944.8277
           1.14       2138.6611      -2944.8277
          1.142       2144.5508       -2944.828
          1.144       2150.4405      -2944.8277
          1.146       2156.3301      -2944.8277
          1.148       2162.2198       -2944.828
           1.15       2168.1094      -2944.8277
          1.152       2173.9991      -2944.8277
          1.154       2179.8887      -2944.8277
          1.156       2185.7784      -2944.8277
          1.158        2191.668       -2944.828
           1.16       2197.5577      -2944.8277
          1.162       2203.4474      -2944.8277
          1.164        2209.337       -2944.828
          1.166       2215.2267      -2944.8277
          1.168       2221.1163      -2944.8277
           1.17        2227.006       -2944.828
          1.172       2232.8956      -2944.8277
          1.174       2238.7853      -2944.8277
          1.176       2244.6749      -2944.8277
          1.178       2250.5646      -2944.8277
           1.18       2256.4543       -2944.828
          1.182       2262.3439      -2944.8277
          1.184       2268.2336      -2944.8277
          1.186       2274.1232       -2944.828
          1.188       2280.0129      -2944.8277
           1.19       2285.9025      -2944.8277
          1.192       2291.7922      -2944.8277
          1.194       2297.6818      -2944.8277
          1.196       2303.5715       -2944.828
          1.198       2309.4612      -2944.8277
            1.2       2315.3508      -2944.8277
          1.202       2321.2405       -2944.828
          1.204       2327.1301      -2944.8277
          1.206       2333.0198      -2944.8277
          1.208       2338.9094      -2944.8277
           1.21       2344.7991      -2944.8277
          1.212       2350.6887       -2944.828
          1.214       2356.5784      -2944.8277
          1.216       2362.4681      -2944.8277
          1.218       2368.3577       -2944.828
           1.22       2374.2474      -2944.8277
          1.222        2380.137      -2944.8277
          1.224       2386.0267       -2944.828
          1.226       2391.9163      -2944.8277
          1.228        2397.806      -2944.8277
           1.23       2403.6956      -2944.8277
          1.232       2409.5853      -2944.8277
          1.234        2415.475       -2944.828
          1.236       2421.3646      -2944.8277
          1.238       2427.2543      -2944.8277
           1.24       2433.1439       -2944.828
          1.242       2439.0336      -2944.8277
          1.244       2444.9232      -2944.8277
          1.246       2450.8129      -2944.8277
          1.248       2456.7025      -2944.8277
           1.25       2462.5922       -2944.828
          1.252       2468.4819      -2944.8277
          1.254       2474.3715      -2944.8277
          1.256       2480.2612       -2944.828
          1.258       2486.1508      -2944.8277
           1.26       2492.0405      -2944.8277
          1.262       2497.9301       -2944.828
          1.264       2503.8198      -2944.8277
          1.266       2509.7094      -2944.8277
          1.268       2515.5991      -2944.8277
           1.27       2521.4888      -2944.8277
          1.272       2527.3784       -2944.828
          1.274       2533.2681      -2944.8277
          1.276       2539.1577      -2944.8277
          1.278       2545.0474       -2944.828
           1.28        2550.937      -2944.8277
          1.282       2556.8267      -2944.8277
          1.284       2562.7164      -2944.8277
          1.286        2568.606      -2944.8277
          1.288       2574.4957       -2944.828
           1.29       2580.3853      -2944.8277
          1.292        2586.275      -2944.8277
          1.294       2592.1646       -2944.828
          1.296       2598.0543      -2944.8277
          1.298       2603.9439      -2944.8277
            1.3       2609.8336      -2944.8277
          1.302       2615.7233      -2944.8277
          1.304       2621.6129       -2944.828
          1.306       2627.5026      -2944.8277
          1.308       2633.3922      -2944.8277
           1.31       2639.2819       -2944.828
          1.312       2645.1715      -2944.8277
          1.314       2651.0612      -2944.8277
          1.316       2656.9508       -2944.828
          1.318       2662.8405      -2944.8277
           1.32       2668.7302      -2944.8277
          1.322       2674.6198      -2944.8277
          1.324       2680.5095      -2944.8277
          1.326       2686.3991       -2944.828
          1.328       2692.2888      -2944.8277
           1.33       2698.1784      -2944.8277
          1.332       2704.0681       -2944.828
          1.334       2709.9577      -2944.8277
          1.336       2715.8474      -2944.8277
          1.338       2721.7371      -2944.8277
           1.34       2727.6267      -2944.8277
          1.342       2733.5164       -2944.828
          1.344        2739.406      -2944.8277
          1.346       2745.2957      -2944.8277
          1.348       2751.1853       -2944.828
           1.35        2757.075      -2944.8277
          1.352       2762.9646      -2944.8277
          1.354       2768.8543      -2944.8277
          1.356        2774.744      -2944.8277
          1.358       2780.6336       -2944.828
           1.36       2786.5233      -2944.8277
          1.362       2792.4129      -2944.8277
          1.364       2798.3026       -2944.828
          1.366       2804.1922      -2944.8277
          1.368       2810.0819      -2944.8277
           1.37       2815.9715       -2944.828
          1.372       2821.8612      -2944.8277
          1.374       2827.7509      -2944.8277
          1.376       2833.6405      -2944.8277
          1.378       2839.5302      -2944.8277
           1.38       2845.4198       -2944.828
          1.382       2851.3095      -2944.8277
          1.384       2857.1991      -2944.8277
          1.386       2863.0888       -2944.828
          1.388       2868.9784      -2944.8277
           1.39       2874.8681      -2944.8277
          1.392       2880.7578      -2944.8277
          1.394       2886.6474      -2944.8277
          1.396       2892.5371       -2944.828
          1.398       2898.4267      -2944.8277
            1.4       2904.3164      -2944.8277
          1.402        2910.206       -2944.828
          1.404       2916.0957      -2944.8277
          1.406       2921.9853      -2944.8277
          1.408        2927.875      -2944.8277
           1.41       2933.7647      -2944.8277
          1.412       2939.6543       -2944.828
          1.414        2945.544      -2944.8277
          1.416       2951.4336      -2944.8277
          1.418       2957.3233       -2944.828
           1.42       2963.2129      -2944.8277
          1.422       2969.1026      -2944.8277
          1.424       2974.9922       -2944.828
          1.426       2980.8819      -2944.8277
          1.428       2986.7716      -2944.8277
           1.43       2992.6612      -2944.8277
          1.432       2998.5509      -2944.8277
          1.434       3004.4405       -2944.828
          1.436       3010.3302      -2944.8277
          1.438       3016.2198      -2944.8277
           1.44       3022.1095       -2944.828
          1.442       3027.9991      -2944.8277
          1.444       3033.8888      -2944.8277
          1.446       3039.7785      -2944.8277
          1.448       3045.6681      -2944.8277
           1.45       3051.5578       -2944.828
          1.452       3057.4474      -2944.8277
          1.454       3063.3371      -2944.8277
          1.456       3069.2267       -2944.828
          1.458       3075.1164      -2944.8277
           1.46        3081.006      -2944.8277
          1.462       3086.8957       -2944.828
          1.464       3092.7854      -2944.8277
          1.466        3098.675      -2944.8277
          1.468       3104.5647      -2944.8277
           1.47       3110.4543      -2944.8277
          1.472        3116.344       -2944.828
          1.474       3122.2336      -2944.8277
          1.476       3128.1233      -2944.8277
          1.478       3134.0129       -2944.828
           1.48       3139.9026      -2944.8277
          1.482       3145.7923      -2944.8277
          1.484       3151.6819      -2944.8277
          1.486       3157.5716      -2944.8277
          1.488       3163.4612       -2944.828
           1.49       3169.3509      -2944.8277
          1.492       3175.2405      -2944.8277
          1.494       3181.1302       -2944.828
          1.496       3187.0198      -2944.8277
          1.498       3192.9095      -2944.8277
            1.5       3198.7992      -2944.8277
          1.502       3204.6888      -2944.8277
          1.504       3210.5785       -2944.828
          1.506       3216.4681      -2944.8277
          1.508       3222.3578      -2944.8277
           1.51       3228.2474       -2944.828
          1.512       3234.1371      -2944.8277
          1.514       3240.0267      -2944.8277
          1.516       3245.9164       -2944.828
          1.518       3251.8061      -2944.8277
           1.52       3257.6957      -2944.8277
          1.522       3263.5854      -2944.8277
          1.524        3269.475      -2944.8277
          1.526       3275.3647       -2944.828
          1.528       3281.2543      -2944.8277
           1.53        3287.144      -2944.8277
          1.532       3293.0336       -2944.828
          1.534       3298.9233      -2944.8277
          1.536        3304.813      -2944.8277
          1.538       3310.7026      -2944.8277
           1.54       3316.5923      -2944.8277
          1.542       3322.4819       -2944.828
          1.544       3328.3716      -2944.8277
          1.546       3334.2612      -2944.8277
          1.548       3340.1509       -2944.828
           1.55       3346.0406      -2944.8277
          1.552       3351.9302      -2944.8277
          1.554       3357.8199      -2944.8277
          1.556       3363.7095      -2944.8277
          1.558       3369.5992       -2944.828
           1.56       3375.4888      -2944.8277
          1.562       3381.3785      -2944.8277
          1.564       3387.2681       -2944.828
          1.566       3393.1578      -2944.8277
          1.568       3399.0475      -2944.8277
           1.57       3404.9371       -2944.828
          1.572       3410.8268      -2944.8277
          1.574       3416.7164      -2944.8277
          1.576       3422.6061      -2944.8277
          1.578       3428.4957      -2944.8277
           1.58       3434.3854       -2944.828
          1.582        3440.275      -2944.8277
          1.584       3446.1647      -2944.8277
          1.586       3452.0544       -2944.828
          1.588        3457.944      -2944.8277
           1.59       3463.8337      -2944.8277
          1.592       3469.7233      -2944.8277
          1.594        3475.613      -2944.8277
          1.596       3481.5026       -2944.828
          1.598       3487.3923      -2944.8277
            1.6       3493.2819      -2944.8277
          1.602       3499.1716       -2944.828
          1.604       3505.0613      -2944.8277
          1.606       3510.9509      -2944.8277
          1.608       3516.8406      -2944.8277
           1.61       3522.7302      -2944.8277
          1.612       3528.6199       -2944.828
          1.614       3534.5095      -2944.8277
          1.616       3540.3992      -2944.8277
          1.618       3546.2888       -2944.828
           1.62       3552.1785      -2944.8277
          1.622       3558.0682      -2944.8277
          1.624       3563.9578       -2944.828
          1.626       3569.8475      -2944.8277
          1.628       3575.7371      -2944.8277
           1.63       3581.6268      -2944.8277
          1.632       3587.5164      -2944.8277
          1.634       3593.4061       -2944.828
          1.636       3599.2957      -2944.8277
          1.638       3605.1854      -2944.8277
           1.64       3611.0751       -2944.828
          1.642       3616.9647      -2944.8277
          1.644       3622.8544      -2944.8277
          1.646        3628.744      -2944.8277
          1.648       3634.6337      -2944.8277
           1.65       3640.5233       -2944.828
          1.652        3646.413      -2944.8277
          1.654       3652.3026      -2944.8277
          1.656       3658.1923       -2944.828
          1.658        3664.082      -2944.8277
           1.66       3669.9716      -2944.8277
          1.662       3675.8613       -2944.828
          1.664       3681.7509      -2944.8277
          1.666       3687.6406      -2944.8277
          1.668       3693.5302      -2944.8277
           1.67       3699.4199      -2944.8277
          1.672       3705.3095       -2944.828
          1.674       3711.1992      -2944.8277
          1.676       3717.0889      -2944.8277
          1.678       3722.9785       -2944.828
           1.68       3728.8682      -2944.8277
          1.682       3734.7578      -2944.8277
          1.684       3740.6475      -2944.8277
          1.686       3746.5371      -2944.8277
          1.688       3752.4268       -2944.828
           1.69       3758.3164      -2944.8277
          1.692       3764.2061      -2944.8277
          1.694       3770.0958       -2944.828
          1.696       3775.9854      -2944.8277
          1.698       3781.8751      -2944.8277
            1.7       3787.7647      -2944.8277
          1.702       3793.6544      -2944.8277
          1.704        3799.544       -2944.828
          1.706       3805.4337      -2944.8277
          1.708       3811.3233      -2944.8277
           1.71        3817.213       -2944.828
          1.712       3823.1027      -2944.8277
          1.714       3828.9923      -2944.8277
          1.716        3834.882       -2944.828
          1.718       3840.7716      -2944.8277
           1.72       3846.6613      -2944.8277
          1.722       3852.5509      -2944.8277
          1.724       3858.4406      -2944.8277
          1.726       3864.3302       -2944.828
          1.728       3870.2199      -2944.8277
           1.73       3876.1096      -2944.8277
          1.732       3881.9992       -2944.828
          1.734       3887.8889      -2944.8277
          1.736       3893.7785      -2944.8277
          1.738       3899.6682      -2944.8277
           1.74       3905.5578      -2944.8277
          1.742       3911.4475       -2944.828
          1.744       3917.3371      -2944.8277
          1.746       3923.2268      -2944.8277
          1.748       3929.1165       -2944.828
           1.75       3935.0061      -2944.8277
          1.752       3940.8958      -2944.8277
          1.754       3946.7854      -2944.8277
          1.756       3952.6751      -2944.8277
          1.758       3958.5647       -2944.828
           1.76       3964.4544      -2944.8277
          1.762        3970.344      -2944.8277
          1.764       3976.2337       -2944.828
          1.766       3982.1234      -2944.8277
          1.768        3988.013      -2944.8277
           1.77       3993.9027       -2944.828
          1.772       3999.7923      -2944.8277
          1.774        4005.682      -2944.8277
          1.776       4011.5716      -2944.8277
          1.778       4017.4613      -2944.8277
           1.78       4023.3509       -2944.828
          1.782       4029.2406      -2944.8277
          1.784       4035.1303      -2944.8277
          1.786       4041.0199       -2944.828
          1.788       4046.9096      -2944.8277
           1.79       4052.7992      -2944.8277
          1.792       4058.6889      -2944.8277
          1.794       4064.5785      -2944.8277
          1.796       4070.4682       -2944.828
          1.798       4076.3578      -2944.8277
            1.8       4082.2475      -2944.8277
          1.802       4088.1372       -2944.828
          1.804       4094.0268      -2944.8277
          1.806       4099.9165      -2944.8277
          1.808       4105.8061      -2944.8277
           1.81       4111.6958      -2944.8277
          1.812       4117.5854       -2944.828
          1.814       4123.4751      -2944.8277
          1.816       4129.3647      -2944.8277
          1.818       4135.2544       -2944.828
           1.82       4141.1441      -2944.8277
          1.822       4147.0337      -2944.8277
          1.824       4152.9234       -2944.828
          1.826        4158.813      -2944.8277
          1.828       4164.7027      -2944.8277
           1.83       4170.5923      -2944.8277
          1.832        4176.482      -2944.8277
          1.834       4182.3716       -2944.828
          1.836       4188.2613      -2944.8277
          1.838        4194.151      -2944.8277
           1.84       4200.0406       -2944.828
          1.842       4205.9303      -2944.8277
          1.844       4211.8199      -2944.8277
          1.846       4217.7096      -2944.8277
          1.848       4223.5992      -2944.8277
           1.85       4229.4889       -2944.828
          1.852       4235.3786      -2944.8277
          1.854       4241.2682      -2944.8277
          1.856       4247.1579       -2944.828
          1.858       4253.0475      -2944.8277
           1.86       4258.9372      -2944.8277
          1.862       4264.8268       -2944.828
          1.864       4270.7165      -2944.8277
          1.866       4276.6061      -2944.8277
          1.868       4282.4958      -2944.8277
           1.87       4288.3854      -2944.8277
          1.872       4294.2751       -2944.828
          1.874       4300.1648      -2944.8277
          1.876       4306.0544      -2944.8277
          1.878       4311.9441       -2944.828
           1.88       4317.8337      -2944.8277
          1.882       4323.7234      -2944.8277
          1.884        4329.613      -2944.8277
          1.886       4335.5027      -2944.8277
          1.888       4341.3924       -2944.828
           1.89        4347.282      -2944.8277
          1.892       4353.1717      -2944.8277
          1.894       4359.0613       -2944.828
          1.896        4364.951      -2944.8277
          1.898       4370.8406      -2944.8277
            1.9       4376.7303      -2944.8277
          1.902       4382.6199      -2944.8277
          1.904       4388.5096       -2944.828
          1.906       4394.3993      -2944.8277
          1.908       4400.2889      -2944.8277
           1.91       4406.1786       -2944.828
          1.912       4412.0682      -2944.8277
          1.914       4417.9579      -2944.8277
          1.916       4423.8475       -2944.828
          1.918       4429.7372      -2944.8277
           1.92       4435.6268      -2944.8277
          1.922       4441.5165      -2944.8277
          1.924       4447.4062      -2944.8277
          1.926       4453.2958       -2944.828
          1.928       4459.1855      -2944.8277
           1.93       4465.0751      -2944.8277
          1.932       4470.9648       -2944.828
          1.934       4476.8544      -2944.8277
          1.936       4482.7441      -2944.8277
          1.938       4488.6337      -2944.8277
           1.94       4494.5234      -2944.8277
          1.942       4500.4131       -2944.828
          1.944       4506.3027      -2944.8277
          1.946       4512.1924      -2944.8277
          1.948        4518.082       -2944.828
           1.95       4523.9717      -2944.8277
          1.952       4529.8613      -2944.8277
          1.954        4535.751      -2944.8277
          1.956       4541.6406      -2944.8277
          1.958       4547.5303       -2944.828
           1.96         4553.42      -2944.8277
          1.962       4559.3096      -2944.8277
          1.964       4565.1993       -2944.828
          1.966       4571.0889      -2944.8277
          1.968       4576.9786      -2944.8277
           1.97       4582.8682       -2944.828
          1.972       4588.7579      -2944.8277
          1.974       4594.6475      -2944.8277
          1.976       4600.5372      -2944.8277
          1.978       4606.4269      -2944.8277
           1.98       4612.3165       -2944.828
          1.982       4618.2062      -2944.8277
          1.984       4624.0958      -2944.8277
          1.986       4629.9855       -2944.828
          1.988       4635.8751      -2944.8277
           1.99       4641.7648      -2944.8277
          1.992       4647.6544      -2944.8277
          1.994       4653.5441      -2944.8277
          1.996       4659.4338       -2944.828
          1.998       4665.3234      -2944.8277
              2       4671.2131      -2944.8277
          2.002       4677.1027       -2944.828
          2.004       4682.9924      -2944.8277
          2.006        4688.882      -2944.8277
          2.008       4694.7717      -2944.8277
           2.01       4700.6613      -2944.8277
          2.012        4706.551       -2944.828
          2.014       4712.4407      -2944.8277
          2.016       4718.3303      -2944.8277
          2.018         4724.22       -2944.828
           2.02       4730.1096      -2944.8277
          2.022       4735.9993      -2944.8277
          2.024       4741.8889       -2944.828
          2.026       4747.7786      -2944.8277
          2.028       4753.6682      -2944.8277
           2.03       4759.5579      -2944.8277
          2.032       4765.4476      -2944.8277
          2.034       4771.3372       -2944.828
          2.036       4777.2269      -2944.8277
          2.038       4783.1165      -2944.8277
           2.04       4789.0062       -2944.828
          2.042       4794.8958      -2944.8277
          2.044       4800.7855      -2944.8277
          2.046       4806.6751      -2944.8277
          2.048       4812.5648      -2944.8277
           2.05       4818.4545       -2944.828
          2.052       4824.3441      -2944.8277
          2.054       4830.2338      -2944.8277
          2.056       4836.1234       -2944.828
          2.058       4842.0131      -2944.8277
           2.06       4847.9027      -2944.8277
          2.062       4853.7924      -2944.8277
          2.064        4859.682      -2944.8277
          2.066       4865.5717       -2944.828
          2.068       4871.4614      -2944.8277
           2.07        4877.351      -2944.8277
          2.072       4883.2407       -2944.828
          2.074       4889.1303      -2944.8277
          2.076         4895.02      -2944.8277
          2.078       4900.9096       -2944.828
           2.08       4906.7993      -2944.8277
          2.082       4912.6889      -2944.8277
          2.084       4918.5786      -2944.8277
          2.086       4924.4683      -2944.8277
          2.088       4930.3579       -2944.828
           2.09       4936.2476      -2944.8277
          2.092       4942.1372      -2944.8277
          2.094       4948.0269       -2944.828
          2.096       4953.9165      -2944.8277
          2.098       4959.8062      -2944.8277
            2.1       4965.6958      -2944.8277
          2.102       4971.5855      -2944.8277
          2.104       4977.4752       -2944.828
          2.106       4983.3648      -2944.8277
          2.108       4989.2545      -2944.8277
           2.11       4995.1441       -2944.828
          2.112       5001.0338      -2944.8277
          2.114       5006.9234      -2944.8277
          2.116       5012.8131       -2944.828
          2.118       5018.7027      -2944.8277
           2.12       5024.5924      -2944.8277
          2.122       5030.4821      -2944.8277
          2.124       5036.3717      -2944.8277
          2.126       5042.2614       -2944.828
          2.128        5048.151      -2944.8277
           2.13       5054.0407      -2944.8277
          2.132       5059.9303       -2944.828
          2.134         5065.82      -2944.8277
          2.136       5071.7096      -2944.8277
          2.138       5077.5993      -2944.8277
           2.14        5083.489      -2944.8277
          2.142       5089.3786       -2944.828
          2.144       5095.2683      -2944.8277
          2.146       5101.1579      -2944.8277
          2.148       5107.0476       -2944.828
           2.15       5112.9372      -2944.8277
          2.152       5118.8269      -2944.8277
          2.154       5124.7166      -2944.8277
          2.156       5130.6062      -2944.8277
          2.158       5136.4959       -2944.828
           2.16       5142.3855      -2944.8277
          2.162       5148.2752      -2944.8277
          2.164       5154.1648       -2944.828
          2.166       5160.0545      -2944.8277
          2.168       5165.9441      -2944.8277
           2.17       5171.8338       -2944.828
          2.172       5177.7235      -2944.8277
          2.174       5183.6131      -2944.8277
          2.176       5189.5028      -2944.8277
          2.178       5195.3924      -2944.8277
           2.18       5201.2821       -2944.828
          2.182       5207.1717      -2944.8277
          2.184       5213.0614      -2944.8277
          2.186        5218.951       -2944.828
          2.188       5224.8407      -2944.8277
           2.19       5230.7304      -2944.8277
          2.192         5236.62      -2944.8277
          2.194       5242.5097      -2944.8277
          2.196       5248.3993       -2944.828
          2.198        5254.289      -2944.8277
            2.2       5260.1786      -2944.8277
          2.202       5266.0683       -2944.828
          2.204       5271.9579      -2944.8277
          2.206       5277.8476      -2944.8277
          2.208       5283.7373      -2944.8277
           2.21       5289.6269      -2944.8277
          2.212       5295.5166       -2944.828
          2.214       5301.4062      -2944.8277
          2.216       5307.2959      -2944.8277
          2.218       5313.1855       -2944.828
           2.22       5319.0752      -2944.8277
          2.222       5324.9648      -2944.8277
          2.224       5330.8545       -2944.828
          2.226       5336.7442      -2944.8277
          2.228       5342.6338      -2944.8277
           2.23       5348.5235      -2944.8277
          2.232       5354.4131      -2944.8277
          2.234       5360.3028       -2944.828
          2.236       5366.1924      -2944.8277
          2.238       5372.0821      -2944.8277
           2.24       5377.9717       -2944.828
          2.242       5383.8614      -2944.8277
          2.244       5389.7511      -2944.8277
          2.246       5395.6407      -2944.8277
          2.248       5401.5304      -2944.8277
           2.25         5407.42       -2944.828
          2.252       5413.3097      -2944.8277
          2.254       5419.1993      -2944.8277
          2.256        5425.089       -2944.828
          2.258       5430.9786      -2944.8277
           2.26       5436.8683      -2944.8277
          2.262        5442.758      -2944.8277
          2.264       5448.6476      -2944.8277
          2.266       5454.5373       -2944.828
          2.268       5460.4269      -2944.8277
           2.27       5466.3166      -2944.8277
          2.272       5472.2062       -2944.828
          2.274       5478.0959      -2944.8277
          2.276       5483.9855      -2944.8277
          2.278       5489.8752       -2944.828
           2.28       5495.7649      -2944.8277
          2.282       5501.6545      -2944.8277
          2.284       5507.5442      -2944.8277
          2.286       5513.4338      -2944.8277
          2.288       5519.3235       -2944.828
           2.29       5525.2131      -2944.8277
          2.292       5531.1028      -2944.8277
          2.294       5536.9924       -2944.828
          2.296       5542.8821      -2944.8277
          2.298       5548.7718      -2944.8277
            2.3       5554.6614      -2944.8277
          2.302       5560.5511      -2944.8277
          2.304       5566.4407       -2944.828
          2.306       5572.3304      -2944.8277
          2.308         5578.22      -2944.8277
           2.31       5584.1097       -2944.828
          2.312       5589.9993      -2944.8277
          2.314        5595.889      -2944.8277
          2.316       5601.7787       -2944.828
          2.318       5607.6683      -2944.8277
           2.32        5613.558      -2944.8277
          2.322       5619.4476      -2944.8277
          2.324       5625.3373      -2944.8277
          2.326       5631.2269       -2944.828
          2.328       5637.1166      -2944.8277
           2.33       5643.0062      -2944.8277
          2.332       5648.8959       -2944.828
          2.334       5654.7856      -2944.8277
          2.336       5660.6752      -2944.8277
          2.338       5666.5649      -2944.8277
           2.34       5672.4545      -2944.8277
          2.342       5678.3442       -2944.828
          2.344       5684.2338      -2944.8277
          2.346       5690.1235      -2944.8277
          2.348       5696.0131       -2944.828
           2.35       5701.9028      -2944.8277
          2.352       5707.7925      -2944.8277
          2.354       5713.6821      -2944.8277
          2.356       5719.5718      -2944.8277
          2.358       5725.4614       -2944.828
           2.36       5731.3511      -2944.8277
          2.362       5737.2407      -2944.8277
          2.364       5743.1304       -2944.828
          2.366         5749.02      -2944.8277
          2.368       5754.9097      -2944.8277
           2.37       5760.7994       -2944.828
          2.372        5766.689      -2944.8277
          2.374       5772.5787      -2944.8277
          2.376       5778.4683      -2944.8277
          2.378        5784.358      -2944.8277
           2.38       5790.2476       -2944.828
          2.382       5796.1373      -2944.8277
          2.384       5802.0269      -2944.8277
          2.386       5807.9166       -2944.828
          2.388       5813.8063      -2944.8277
           2.39       5819.6959      -2944.8277
          2.392       5825.5856      -2944.8277
          2.394       5831.4752      -2944.8277
          2.396       5837.3649       -2944.828
          2.398       5843.2545      -2944.8277
            2.4       5849.1442      -2944.8277
          2.402       5855.0338       -2944.828
          2.404       5860.9235      -2944.8277
          2.406       5866.8132      -2944.8277
          2.408       5872.7028      -2944.8277
           2.41       5878.5925      -2944.8277
          2.412       5884.4821       -2944.828
          2.414       5890.3718      -2944.8277
          2.416       5896.2614      -2944.8277
          2.418       5902.1511       -2944.828
           2.42       5908.0407      -2944.8277
          2.422       5913.9304      -2944.8277
          2.424       5919.8201       -2944.828
          2.426       5925.7097      -2944.8277
          2.428       5931.5994      -2944.8277
           2.43        5937.489      -2944.8277
          2.432       5943.3787      -2944.8277
          2.434       5949.2683       -2944.828
          2.436        5955.158      -2944.8277
          2.438       5961.0476      -2944.8277
           2.44       5966.9373       -2944.828
          2.442        5972.827      -2944.8277
          2.444       5978.7166      -2944.8277
          2.446       5984.6063      -2944.8277
          2.448       5990.4959      -2944.8277
           2.45       5996.3856       -2944.828
          2.452       6002.2752      -2944.8277
          2.454       6008.1649      -2944.8277
          2.456       6014.0545       -2944.828
          2.458       6019.9442      -2944.8277
           2.46       6025.8339      -2944.8277
          2.462       6031.7235      -2944.8277
          2.464       6037.6132      -2944.8277
          2.466       6043.5028       -2944.828
          2.468       6049.3925      -2944.8277
           2.47       6055.2821      -2944.8277
          2.472       6061.1718       -2944.828
          2.474       6067.0615      -2944.8277
          2.476       6072.9511      -2944.8277
          2.478       6078.8408       -2944.828
           2.48       6084.7304      -2944.8277
          2.482       6090.6201      -2944.8277
          2.484       6096.5097      -2944.8277
          2.486       6102.3994      -2944.8277
          2.488        6108.289       -2944.828
           2.49       6114.1787      -2944.8277
          2.492       6120.0684      -2944.8277
          2.494        6125.958       -2944.828
          2.496       6131.8477      -2944.8277
          2.498       6137.7373      -2944.8277
            2.5        6143.627      -2944.8277
          2.502       6149.5166      -2944.8277
          2.504       6155.4063       -2944.828
          2.506       6161.2959      -2944.8277
          2.508       6167.1856      -2944.8277
           2.51       6173.0753       -2944.828
          2.512       6178.9649      -2944.8277
          2.514       6184.8546      -2944.8277
          2.516       6190.7442       -2944.828
          2.518       6196.6339      -2944.8277
           2.52       6202.5235      -2944.8277
          2.522       6208.4132      -2944.8277
          2.524       6214.3028      -2944.8277
          2.526       6220.1925       -2944.828
          2.528       6226.0822      -2944.8277
           2.53       6231.9718      -2944.8277
          2.532       6237.8615       -2944.828
          2.534       6243.7511      -2944.8277
          2.536       6249.6408      -2944.8277
          2.538       6255.5304      -2944.8277
           2.54       6261.4201      -2944.8277
          2.542       6267.3097       -2944.828
          2.544       6273.1994      -2944.8277
          2.546       6279.0891      -2944.8277
          2.548       6284.9787       -2944.828
           2.55       6290.8684      -2944.8277
          2.552        6296.758      -2944.8277
          2.554       6302.6477      -2944.8277
          2.556       6308.5373      -2944.8277
          2.558        6314.427       -2944.828
           2.56       6320.3166      -2944.8277
          2.562       6326.2063      -2944.8277
          2.564        6332.096       -2944.828
          2.566       6337.9856      -2944.8277
          2.568       6343.8753      -2944.8277
           2.57       6349.7649       -2944.828
          2.572       6355.6546      -2944.8277
          2.574       6361.5442      -2944.8277
          2.576       6367.4339      -2944.8277
          2.578       6373.3235      -2944.8277
           2.58       6379.2132       -2944.828
          2.582       6385.1029      -2944.8277
          2.584       6390.9925      -2944.8277
          2.586       6396.8822       -2944.828
          2.588       6402.7718      -2944.8277
           2.59       6408.6615      -2944.8277
          2.592       6414.5511      -2944.8277
          2.594       6420.4408      -2944.8277
          2.596       6426.3304       -2944.828
          2.598       6432.2201      -2944.8277
            2.6       6438.1098      -2944.8277
          2.602       6443.9994       -2944.828
          2.604       6449.8891      -2944.8277
          2.606       6455.7787      -2944.8277
          2.608       6461.6684      -2944.8277
           2.61        6467.558      -2944.8277
          2.612       6473.4477       -2944.828
          2.614       6479.3373      -2944.8277
          2.616        6485.227      -2944.8277
          2.618       6491.1167       -2944.828
           2.62       6497.0063      -2944.8277
          2.622        6502.896      -2944.8277
          2.624       6508.7856       -2944.828
          2.626       6514.6753      -2944.8277
          2.628       6520.5649      -2944.8277
           2.63       6526.4546      -2944.8277
          2.632       6532.3442      -2944.8277
          2.634       6538.2339       -2944.828
          2.636       6544.1236      -2944.8277
          2.638       6550.0132      -2944.8277
           2.64       6555.9029       -2944.828
          2.642       6561.7925      -2944.8277
          2.644       6567.6822      -2944.8277
          2.646       6573.5718      -2944.8277
          2.648       6579.4615      -2944.8277
           2.65       6585.3511       -2944.828
          2.652       6591.2408      -2944.8277
          2.654       6597.1305      -2944.8277
          2.656       6603.0201       -2944.828
          2.658       6608.9098      -2944.8277
           2.66       6614.7994      -2944.8277
          2.662       6620.6891      -2944.8277
          2.664       6626.5787      -2944.8277
          2.666       6632.4684       -2944.828
          2.668        6638.358      -2944.8277
           2.67       6644.2477      -2944.8277
          2.672       6650.1374       -2944.828
          2.674        6656.027      -2944.8277
          2.676       6661.9167      -2944.8277
          2.678       6667.8063       -2944.828
           2.68        6673.696      -2944.8277
          2.682       6679.5856      -2944.8277
          2.684       6685.4753      -2944.8277
          2.686       6691.3649      -2944.8277
          2.688       6697.2546       -2944.828
           2.69       6703.1443      -2944.8277
          2.692       6709.0339      -2944.8277
          2.694       6714.9236       -2944.828
          2.696       6720.8132      -2944.8277
          2.698       6726.7029      -2944.8277
            2.7       6732.5925      -2944.8277
          2.702       6738.4822      -2944.8277
          2.704       6744.3718       -2944.828
          2.706       6750.2615      -2944.8277
          2.708       6756.1512      -2944.8277
           2.71       6762.0408       -2944.828
          2.712       6767.9305      -2944.8277
          2.714       6773.8201      -2944.8277
          2.716       6779.7098       -2944.828
          2.718       6785.5994      -2944.8277
           2.72       6791.4891      -2944.8277
          2.722       6797.3787      -2944.8277
          2.724       6803.2684      -2944.8277
          2.726       6809.1581       -2944.828
          2.728       6815.0477      -2944.8277
           2.73       6820.9374      -2944.8277
          2.732        6826.827       -2944.828
          2.734       6832.7167      -2944.8277
          2.736       6838.6063      -2944.8277
          2.738        6844.496      -2944.8277
           2.74       6850.3856      -2944.8277
          2.742       6856.2753       -2944.828
          2.744        6862.165      -2944.8277
          2.746       6868.0546      -2944.8277
          2.748       6873.9443       -2944.828
           2.75       6879.8339      -2944.8277
          2.752       6885.7236      -2944.8277
          2.754       6891.6132      -2944.8277
          2.756       6897.5029      -2944.8277
          2.758       6903.3925       -2944.828
           2.76       6909.2822      -2944.8277
          2.762       6915.1719      -2944.8277
          2.764       6921.0615       -2944.828
          2.766       6926.9512      -2944.8277
          2.768       6932.8408      -2944.8277
           2.77       6938.7305       -2944.828
          2.772       6944.6201      -2944.8277
          2.774       6950.5098      -2944.8277
          2.776       6956.3995      -2944.8277
          2.778       6962.2891      -2944.8277
           2.78       6968.1788       -2944.828
          2.782       6974.0684      -2944.8277
          2.784       6979.9581      -2944.8277
          2.786       6985.8477       -2944.828
          2.788       6991.7374      -2944.8277
           2.79        6997.627      -2944.8277
          2.792       7003.5167      -2944.8277
          2.794       7009.4064      -2944.8277
          2.796        7015.296       -2944.828
          2.798       7021.1857      -2944.8277
            2.8       7027.0753      -2944.8277
          2.802        7032.965       -2944.828
          2.804       7038.8546      -2944.8277
          2.806       7044.7443      -2944.8277
          2.808       7050.6339      -2944.8277
           2.81       7056.5236      -2944.8277
          2.812       7062.4133       -2944.828
          2.814       7068.3029      -2944.8277
          2.816       7074.1926      -2944.8277
          2.818       7080.0822       -2944.828
           2.82       7085.9719      -2944.8277
          2.822       7091.8615      -2944.8277
          2.824       7097.7512       -2944.828
          2.826       7103.6408      -2944.8277
          2.828       7109.5305      -2944.8277
           2.83       7115.4202      -2944.8277
          2.832       7121.3098      -2944.8277
          2.834       7127.1995       -2944.828
          2.836       7133.0891      -2944.8277
          2.838       7138.9788      -2944.8277
           2.84       7144.8684       -2944.828
          2.842       7150.7581      -2944.8277
          2.844       7156.6477      -2944.8277
          2.846       7162.5374      -2944.8277
          2.848       7168.4271      -2944.8277
           2.85       7174.3167       -2944.828
          2.852       7180.2064      -2944.8277
          2.854        7186.096      -2944.8277
          2.856       7191.9857       -2944.828
          2.858       7197.8753      -2944.8277
           2.86        7203.765      -2944.8277
          2.862       7209.6546      -2944.8277
          2.864       7215.5443      -2944.8277
          2.866        7221.434       -2944.828
          2.868       7227.3236      -2944.8277
           2.87       7233.2133      -2944.8277
          2.872       7239.1029       -2944.828
          2.874       7244.9926      -2944.8277
          2.876       7250.8822      -2944.8277
          2.878       7256.7719       -2944.828
           2.88       7262.6615      -2944.8277
          2.882       7268.5512      -2944.8277
          2.884       7274.4409      -2944.8277
          2.886       7280.3305      -2944.8277
          2.888       7286.2202       -2944.828
           2.89       7292.1098      -2944.8277
          2.892       7297.9995      -2944.8277
          2.894       7303.8891       -2944.828
          2.896       7309.7788      -2944.8277
          2.898       7315.6684      -2944.8277
            2.9       7321.5581      -2944.8277
          2.902       7327.4478      -2944.8277
          2.904       7333.3374       -2944.828
          2.906       7339.2271      -2944.8277
          2.908       7345.1167      -2944.8277
           2.91       7351.0064       -2944.828
          2.912        7356.896      -2944.8277
          2.914       7362.7857      -2944.8277
          2.916       7368.6753       -2944.828
          2.918        7374.565      -2944.8277
           2.92       7380.4547      -2944.8277
          2.922       7386.3443      -2944.8277
          2.924        7392.234      -2944.8277
          2.926       7398.1236       -2944.828
          2.928       7404.0133      -2944.8277
           2.93       7409.9029      -2944.8277
          2.932       7415.7926       -2944.828
          2.934       7421.6822      -2944.8277
          2.936       7427.5719      -2944.8277
          2.938       7433.4616      -2944.8277
           2.94       7439.3512      -2944.8277
          2.942       7445.2409       -2944.828
          2.944       7451.1305      -2944.8277
          2.946       7457.0202      -2944.8277
          2.948       7462.9098       -2944.828
           2.95       7468.7995      -2944.8277
          2.952       7474.6891      -2944.8277
          2.954       7480.5788      -2944.8277
          2.956       7486.4685      -2944.8277
          2.958       7492.3581       -2944.828
           2.96       7498.2478      -2944.8277
          2.962       7504.1374      -2944.8277
          2.964       7510.0271       -2944.828
          2.966       7515.9167      -2944.8277
          2.968       7521.8064      -2944.8277
           2.97        7527.696       -2944.828
          2.972       7533.5857      -2944.8277
          2.974       7539.4754      -2944.8277
          2.976        7545.365      -2944.8277
          2.978       7551.2547      -2944.8277
           2.98       7557.1443       -2944.828
          2.982        7563.034      -2944.8277
          2.984       7568.9236      -2944.8277
          2.986       7574.8133       -2944.828
          2.988       7580.7029      -2944.8277
           2.99       7586.5926      -2944.8277
          2.992       7592.4823      -2944.8277
          2.994       7598.3719      -2944.8277
          2.996       7604.2616       -2944.828
          2.998       7610.1512      -2944.8277
              3       7616.0409      -2944.8277
          3.002       7621.9305       -2944.828
          3.004       7627.8202      -2944.8277
          3.006       7633.7098      -2944.8277
          3.008       7639.5995      -2944.8277
           3.01       7645.4892      -2944.8277
          3.012       7651.3788       -2944.828
          3.014       7657.2685      -2944.8277
          3.016       7663.1581      -2944.8277
          3.018       7669.0478       -2944.828
           3.02       7674.9374      -2944.8277
          3.022       7680.8271      -2944.8277
          3.024       7686.7167       -2944.828
          3.026       7692.6064      -2944.8277
          3.028       7698.4961      -2944.8277
           3.03       7704.3857      -2944.8277
          3.032       7710.2754      -2944.8277
          3.034        7716.165       -2944.828
          3.036       7722.0547      -2944.8277
          3.038       7727.9443      -2944.8277
           3.04        7733.834       -2944.828
          3.042       7739.7236      -2944.8277
          3.044       7745.6133      -2944.8277
          3.046        7751.503      -2944.8277
          3.048       7757.3926      -2944.8277
           3.05       7763.2823       -2944.828
          3.052       7769.1719      -2944.8277
          3.054       7775.0616      -2944.8277
          3.056       7780.9512       -2944.828
          3.058       7786.8409      -2944.8277
           3.06       7792.7306      -2944.8277
          3.062       7798.6202      -2944.8277
          3.064       7804.5099      -2944.8277
          3.066       7810.3995       -2944.828
          3.068       7816.2892      -2944.8277
           3.07       7822.1788      -2944.8277
          3.072       7828.0685       -2944.828
          3.074       7833.9581      -2944.8277
          3.076       7839.8478      -2944.8277
          3.078       7845.7375       -2944.828
           3.08       7851.6271      -2944.8277
          3.082       7857.5168      -2944.8277
          3.084       7863.4064      -2944.8277
          3.086       7869.2961      -2944.8277
          3.088       7875.1857       -2944.828
           3.09       7881.0754      -2944.8277
          3.092        7886.965      -2944.8277
          3.094       7892.8547       -2944.828
          3.096       7898.7444      -2944.8277
          3.098        7904.634      -2944.8277
            3.1       7910.5237      -2944.8277
          3.102       7916.4133      -2944.8277
          3.104        7922.303       -2944.828
          3.106       7928.1926      -2944.8277
          3.108       7934.0823      -2944.8277
           3.11       7939.9719       -2944.828
          3.112       7945.8616      -2944.8277
          3.114       7951.7513      -2944.8277
          3.116       7957.6409       -2944.828
          3.118       7963.5306      -2944.8277
           3.12       7969.4202      -2944.8277
          3.122       7975.3099      -2944.8277
          3.124       7981.1995      -2944.8277
          3.126       7987.0892       -2944.828
          3.128       7992.9788      -2944.8277
           3.13       7998.8685      -2944.8277
          3.132       8004.7582       -2944.828
          3.134       8010.6478      -2944.8277
          3.136       8016.5375      -2944.8277
          3.138       8022.4271      -2944.8277
           3.14       8028.3168      -2944.8277
          3.142       8034.2064       -2944.828
          3.144       8040.0961      -2944.8277
          3.146       8045.9857      -2944.8277
          3.148       8051.8754       -2944.828
           3.15       8057.7651      -2944.8277
          3.152       8063.6547      -2944.8277
          3.154       8069.5444      -2944.8277
          3.156        8075.434      -2944.8277
          3.158       8081.3237       -2944.828
           3.16       8087.2133      -2944.8277
          3.162        8093.103      -2944.8277
          3.164       8098.9926       -2944.828
          3.166       8104.8823      -2944.8277
          3.168        8110.772      -2944.8277
           3.17       8116.6616       -2944.828
          3.172       8122.5513      -2944.8277
          3.174       8128.4409      -2944.8277
          3.176       8134.3306      -2944.8277
          3.178       8140.2202      -2944.8277
           3.18       8146.1099       -2944.828
          3.182       8151.9995      -2944.8277
          3.184       8157.8892      -2944.8277
          3.186       8163.7789       -2944.828
          3.188       8169.6685      -2944.8277
           3.19       8175.5582      -2944.8277
          3.192       8181.4478      -2944.8277
          3.194       8187.3375      -2944.8277
          3.196       8193.2271       -2944.828
          3.198       8199.1168      -2944.8277
            3.2       8205.0064      -2944.8277
          3.202       8210.8961       -2944.828
          3.204       8216.7858      -2944.8277
          3.206       8222.6754      -2944.8277
          3.208       8228.5651      -2944.8277
           3.21       8234.4547      -2944.8277
          3.212       8240.3444       -2944.828
          3.214        8246.234      -2944.8277
          3.216       8252.1237      -2944.8277
          3.218       8258.0133       -2944.828
           3.22        8263.903      -2944.8277
          3.222       8269.7927      -2944.8277
          3.224       8275.6823       -2944.828
          3.226        8281.572      -2944.8277
          3.228       8287.4616      -2944.8277
           3.23       8293.3513      -2944.8277
          3.232       8299.2409      -2944.8277
          3.234       8305.1306       -2944.828
          3.236       8311.0202      -2944.8277
          3.238       8316.9099      -2944.8277
           3.24       8322.7996       -2944.828
          3.242       8328.6892      -2944.8277
          3.244       8334.5789      -2944.8277
          3.246       8340.4685      -2944.8277
          3.248       8346.3582      -2944.8277
           3.25       8352.2478       -2944.828
          3.252       8358.1375      -2944.8277
          3.254       8364.0271      -2944.8277
          3.256       8369.9168       -2944.828
          3.258       8375.8065      -2944.8277
           3.26       8381.6961      -2944.8277
          3.262       8387.5858      -2944.8277
          3.264       8393.4754      -2944.8277
          3.266       8399.3651       -2944.828
          3.268       8405.2547      -2944.8277
           3.27       8411.1444      -2944.8277
          3.272        8417.034       -2944.828
          3.274       8422.9237      -2944.8277
          3.276       8428.8134      -2944.8277
          3.278        8434.703       -2944.828
           3.28       8440.5927      -2944.8277
          3.282       8446.4823      -2944.8277
          3.284        8452.372      -2944.8277
          3.286       8458.2616      -2944.8277
          3.288       8464.1513       -2944.828
           3.29       8470.0409      -2944.8277
          3.292       8475.9306      -2944.8277
          3.294       8481.8203       -2944.828
          3.296       8487.7099      -2944.8277
          3.298       8493.5996      -2944.8277
            3.3       8499.4892      -2944.8277
          3.302       8505.3789      -2944.8277
          3.304       8511.2685       -2944.828
          3.306       8517.1582      -2944.8277
          3.308       8523.0478      -2944.8277
           3.31       8528.9375       -2944.828
          3.312       8534.8272      -2944.8277
          3.314       8540.7168      -2944.8277
          3.316       8546.6065       -2944.828
          3.318       8552.4961      -2944.8277
           3.32       8558.3858      -2944.8277
          3.322       8564.2754      -2944.8277
          3.324       8570.1651      -2944.8277
          3.326       8576.0547       -2944.828
          3.328       8581.9444      -2944.8277
           3.33       8587.8341      -2944.8277
          3.332       8593.7237       -2944.828
          3.334       8599.6134      -2944.8277
          3.336        8605.503      -2944.8277
          3.338       8611.3927      -2944.8277
           3.34       8617.2823      -2944.8277
          3.342        8623.172       -2944.828
          3.344       8629.0616      -2944.8277
          3.346       8634.9513      -2944.8277
          3.348        8640.841       -2944.828
           3.35       8646.7306      -2944.8277
          3.352       8652.6203      -2944.8277
          3.354       8658.5099      -2944.8277
          3.356       8664.3996      -2944.8277
          3.358       8670.2892       -2944.828
           3.36       8676.1789      -2944.8277
          3.362       8682.0685      -2944.8277
          3.364       8687.9582       -2944.828
          3.366       8693.8479      -2944.8277
          3.368       8699.7375      -2944.8277
           3.37       8705.6272       -2944.828
          3.372       8711.5168      -2944.8277
          3.374       8717.4065      -2944.8277
          3.376       8723.2961      -2944.8277
          3.378       8729.1858      -2944.8277
           3.38       8735.0755       -2944.828
          3.382       8740.9651      -2944.8277
          3.384       8746.8548      -2944.8277
          3.386       8752.7444       -2944.828
          3.388       8758.6341      -2944.8277
           3.39       8764.5237      -2944.8277
          3.392       8770.4134      -2944.8277
          3.394        8776.303      -2944.8277
          3.396       8782.1927       -2944.828
          3.398       8788.0824      -2944.8277
            3.4        8793.972      -2944.8277
          3.402       8799.8617       -2944.828
          3.404       8805.7513      -2944.8277
          3.406        8811.641      -2944.8277
          3.408       8817.5306      -2944.8277
           3.41       8823.4203      -2944.8277
          3.412       8829.3099       -2944.828
          3.414       8835.1996      -2944.8277
          3.416       8841.0893      -2944.8277
          3.418       8846.9789       -2944.828
           3.42       8852.8686      -2944.8277
          3.422       8858.7582      -2944.8277
          3.424       8864.6479       -2944.828
          3.426       8870.5375      -2944.8277
          3.428       8876.4272      -2944.8277
           3.43       8882.3168      -2944.8277
          3.432       8888.2065      -2944.8277
          3.434       8894.0962       -2944.828
          3.436       8899.9858      -2944.8277
          3.438       8905.8755      -2944.8277
           3.44       8911.7651       -2944.828
          3.442       8917.6548      -2944.8277
          3.444       8923.5444      -2944.8277
          3.446       8929.4341      -2944.8277
          3.448       8935.3237      -2944.8277
           3.45       8941.2134       -2944.828
          3.452       8947.1031      -2944.8277
          3.454       8952.9927      -2944.8277
          3.456       8958.8824       -2944.828
          3.458        8964.772      -2944.8277
           3.46       8970.6617      -2944.8277
          3.462       8976.5513      -2944.8277
          3.464        8982.441      -2944.8277
          3.466       8988.3306       -2944.828
          3.468       8994.2203      -2944.8277
           3.47         9000.11      -2944.8277
          3.472       9005.9996       -2944.828
          3.474       9011.8893      -2944.8277
          3.476       9017.7789      -2944.8277
          3.478       9023.6686       -2944.828
           3.48       9029.5582      -2944.8277
          3.482       9035.4479      -2944.8277
          3.484       9041.3375      -2944.8277
          3.486       9047.2272      -2944.8277
          3.488       9053.1169       -2944.828
           3.49       9059.0065      -2944.8277
          3.492       9064.8962      -2944.8277
          3.494       9070.7858       -2944.828
          3.496       9076.6755      -2944.8277
          3.498       9082.5651      -2944.8277
            3.5       9088.4548      -2944.8277
