          0.002       47.248138      -16.276075
          0.004       47.280706      -16.291745
          0.006       47.313305       -16.30743
          0.008       47.345936       -16.32313
           0.01       47.378598      -16.338842
          0.012       47.411291      -16.354572
          0.014       47.444016      -16.370317
          0.016       47.476773      -16.386075
          0.018       47.509561      -16.401853
           0.02        47.54238      -16.417642
          0.022       47.575231      -16.433445
          0.024       47.608114      -16.449265
          0.026       47.641028      -16.465103
          0.028       47.673974      -16.480955
           0.03       47.706952       -16.49682
          0.032       47.739961        -16.5127
          0.034       47.773003      -16.528598
          0.036       47.806076       -16.54451
          0.038       47.839181      -16.560437
           0.04       47.872318       -16.57638
          0.042       47.905486      -16.592337
          0.044       47.938687       -16.60831
          0.046        47.97192        -16.6243
          0.048       48.005184      -16.640305
           0.05       48.038481      -16.656323
          0.052       48.071809      -16.672358
          0.054        48.10517       -16.68841
          0.056       48.138563      -16.704475
          0.058       48.171988      -16.720555
           0.06       48.205445      -16.736653
          0.062       48.238935      -16.752765
          0.064       48.272456      -16.768895
          0.066        48.30601      -16.785038
          0.068       48.339597      -16.801195
           0.07       48.373215       -16.81737
          0.072       48.406866       -16.83356
          0.074       48.440549      -16.849765
          0.076       48.474265      -16.865985
          0.078       48.508013      -16.882223
           0.08       48.541794      -16.898475
          0.082       48.575607      -16.914745
          0.084       48.609453      -16.931027
          0.086       48.643331      -16.947328
          0.088       48.677242      -16.963642
           0.09       48.711186      -16.979972
          0.092       48.745162       -16.99632
          0.094       48.779171      -17.012683
          0.096       48.813213       -17.02906
          0.098       48.847287      -17.045452
            0.1       48.881395      -17.061863
          0.102       48.915535      -17.078287
          0.104       48.949708       -17.09473
          0.106       48.983914      -17.111187
          0.108       49.018153       -17.12766
           0.11       49.052424       -17.14415
          0.112       49.086729      -17.160653
          0.114       49.121067      -17.177173
          0.116       49.155438       -17.19371
          0.118       49.189842      -17.210262
           0.12       49.224279      -17.226833
          0.122       49.258749      -17.243415
          0.124       49.293253      -17.260015
          0.126       49.327789       -17.27663
          0.128       49.362359      -17.293263
           0.13       49.396962      -17.309912
          0.132       49.431599      -17.326575
          0.134       49.466269      -17.343255
          0.136       49.500972      -17.359952
          0.138       49.535708      -17.376665
           0.14       49.570478      -17.393393
          0.142       49.605282      -17.410138
          0.144       49.640119      -17.426897
          0.146        49.67499      -17.443673
          0.148       49.709894      -17.460468
           0.15       49.744831      -17.477277
          0.152       49.779803      -17.494103
          0.154       49.814808      -17.510945
          0.156       49.849847      -17.527802
          0.158       49.884919      -17.544675
           0.16       49.920025      -17.561565
          0.162       49.955165      -17.578473
          0.164       49.990339      -17.595395
          0.166       50.025547      -17.612333
          0.168       50.060788      -17.629288
           0.17       50.096064       -17.64626
          0.172       50.131374       -17.66325
          0.174       50.166717      -17.680253
          0.176       50.202095      -17.697273
          0.178       50.237506      -17.714312
           0.18       50.272952      -17.731365
          0.182       50.308432      -17.748432
          0.184       50.343945       -17.76552
          0.186       50.379494      -17.782625
          0.188       50.415076      -17.799743
           0.19       50.450693      -17.816878
          0.192       50.486344       -17.83403
          0.194       50.522029        -17.8512
          0.196       50.557748      -17.868385
          0.198       50.593502      -17.885585
            0.2       50.629291      -17.902805
          0.202       50.665113       -17.92004
          0.204       50.700971       -17.93729
          0.206       50.736863       -17.95456
          0.208       50.772789      -17.971845
           0.21        50.80875      -17.989145
          0.212       50.844746      -18.006465
          0.214       50.880776        -18.0238
          0.216       50.916841      -18.041148
          0.218        50.95294      -18.058518
           0.22       50.989075      -18.075905
          0.222       51.025244      -18.093305
          0.224       51.061448      -18.110723
          0.226       51.097687      -18.128158
          0.228       51.133961       -18.14561
           0.23       51.170269      -18.163077
          0.232       51.206613      -18.180563
          0.234       51.242992      -18.198068
          0.236       51.279405      -18.215588
          0.238       51.315854       -18.23312
           0.24       51.352338      -18.250673
          0.242       51.388857      -18.268245
          0.244       51.425411      -18.285833
          0.246          51.462      -18.303435
          0.248       51.498625      -18.321055
           0.25       51.535284      -18.338693
          0.252       51.571979      -18.356347
          0.254        51.60871       -18.37402
          0.256       51.645475      -18.391707
          0.258       51.682276      -18.409412
           0.26       51.719113      -18.427138
          0.262       51.755985      -18.444878
          0.264       51.792893      -18.462633
          0.266       51.829836      -18.480407
          0.268       51.866814      -18.498197
           0.27       51.903828      -18.516005
          0.272       51.940878       -18.53383
          0.274       51.977964      -18.551672
          0.276       52.015085      -18.569535
          0.278       52.052242       -18.58741
           0.28       52.089435      -18.605303
          0.282       52.126663      -18.623215
          0.284       52.163927      -18.641145
          0.286       52.201228       -18.65909
          0.288       52.238564      -18.677052
           0.29       52.275936      -18.695032
          0.292       52.313344       -18.71303
          0.294       52.350788      -18.731045
          0.296       52.388268      -18.749077
          0.298       52.425784      -18.767128
            0.3       52.463337      -18.785195
          0.302       52.500925       -18.80328
          0.304        52.53855       -18.82138
          0.306       52.576211        -18.8395
          0.308       52.613908      -18.857637
           0.31       52.651641       -18.87579
          0.312       52.689411      -18.893963
          0.314       52.727217      -18.912153
          0.316       52.765059      -18.930357
          0.318       52.802938      -18.948583
           0.32       52.840854      -18.966825
          0.322       52.878806      -18.985083
          0.324       52.916794       -19.00336
          0.326       52.954819      -19.021655
          0.328       52.992881      -19.039965
           0.33       53.030979      -19.058295
          0.332       53.069114      -19.076645
          0.334       53.107286       -19.09501
          0.336       53.145494       -19.11339
          0.338       53.183739      -19.131792
           0.34       53.222021       -19.15021
          0.342        53.26034      -19.168645
          0.344       53.298696        -19.1871
          0.346       53.337088       -19.20557
          0.348       53.375518       -19.22406
           0.35       53.413985      -19.242567
          0.352       53.452488      -19.261093
          0.354       53.491029      -19.279635
          0.356       53.529607      -19.298195
          0.358       53.568222      -19.316772
           0.36       53.606874      -19.335368
          0.362       53.645563      -19.353983
          0.364        53.68429      -19.372615
          0.366       53.723054      -19.391265
          0.368       53.761855      -19.409933
           0.37       53.800693       -19.42862
          0.372       53.839569      -19.447322
          0.374       53.878483      -19.466043
          0.376       53.917434      -19.484785
          0.378       53.956422      -19.503542
           0.38       53.995448      -19.522317
          0.382       54.034511      -19.541113
          0.384       54.073612       1234.8559
          0.386       49.095087       3875.1491
          0.388       38.573016       3672.8132
           0.39       34.403835      -1399.9775
          0.392       44.172926      -897.07709
          0.394       37.992143       2758.2811
          0.396       33.139801       1475.9938
          0.398       32.088168       518.17642
            0.4       31.067095       642.53139
          0.402       29.518042       1221.2358
          0.404       26.182152       203.15688
          0.406       28.705414      -161.94245
          0.408       26.829922       642.32374
           0.41        26.13612       389.85039
          0.412        25.27052       534.96452
          0.414       23.996261       692.58861
          0.416       22.500166        710.4394
          0.418       21.154504       449.28512
           0.42       20.703026       248.40543
          0.422       20.160882       360.65229
          0.424       19.260416        475.6316
          0.426       18.258356       336.81149
          0.428        17.91317       432.42266
           0.43       16.528665       465.65754
          0.432        16.05054       436.85631
          0.434        14.78124       355.97244
          0.436        14.62665        239.5382
          0.438       13.823087       227.09758
           0.44        13.71826       331.95806
          0.442       12.495255       359.65373
          0.444       12.279645       137.61688
          0.446       11.944787        225.7634
          0.448       11.376592       252.16032
           0.45       10.936146        253.4727
          0.452       10.362701       198.92897
          0.454        10.14043       179.68409
          0.456       9.6439645       185.18032
          0.458       9.3997088       157.43282
           0.46       9.0142332       224.64607
          0.462       8.5011246        223.8621
          0.464       8.1187848       171.78923
          0.466       7.8139676       195.70586
          0.468       7.3359614        221.1172
           0.47       6.9294988       134.11221
          0.472       6.7995125       112.51881
          0.474       6.4794236       135.34463
          0.476        6.258134       124.32947
          0.478       5.9821057       157.20769
           0.48       5.6293032        164.9748
          0.482       5.3222065        125.8375
          0.484       5.1259532         121.999
          0.486       4.8342105       124.46697
          0.488       4.6280854       82.524369
           0.49        4.504113       109.92961
          0.492       4.1883669       127.31455
          0.494       3.9948548       96.635463
          0.496        3.801825       96.700211
          0.498        3.608054       94.637068
            0.5       3.4232768       84.825775
          0.502       3.2687509        100.7142
          0.504         3.02042        101.4116
          0.506       2.8631045       85.362394
          0.508       2.6789704       85.671233
           0.51       2.5204196        76.70921
          0.512       2.3721336       83.928661
          0.514       2.1847049       79.517274
          0.516       2.0540645       61.849101
          0.518       1.9373085       61.019841
           0.52       1.8099851       67.960052
          0.522       1.6654683       75.409973
          0.524       1.5083452       70.978849
          0.526       1.3815529       55.946461
          0.528       1.2845594       51.585025
           0.53       1.1752128       56.820386
          0.532       1.0572778       59.334559
          0.534      0.93787457       64.011721
          0.536      0.80123094       71.311244
          0.538      0.65262959       50.803493
           0.54      0.59801697        48.39837
          0.542      0.45903611       53.972408
          0.544      0.38212734       45.948539
          0.546      0.27524195       47.173784
          0.548       0.1934322       39.708672
           0.55      0.11640726       43.555517
          0.552     0.019210131       43.716204
          0.554    -0.058457554       38.047061
          0.556     -0.13297811       38.655023
          0.558     -0.21307765       37.295319
           0.56     -0.28215939       32.303286
          0.562     -0.34229079       37.857591
          0.564     -0.43358975       33.797959
          0.566     -0.47748262       20.879729
          0.568     -0.51710867       20.569133
           0.57     -0.55975915       33.529912
          0.572     -0.65122832       34.694583
          0.574     -0.69853749        24.10964
          0.576     -0.74766688       28.502623
          0.578     -0.81254798       26.699291
           0.58     -0.85446405        13.64089
          0.582     -0.86711154       18.988045
          0.584     -0.93041623       24.047852
          0.586     -0.96330294       18.931724
          0.588      -1.0061431       15.399615
           0.59      -1.0249014       15.180297
          0.592      -1.0668643       17.657511
          0.594      -1.0955314       12.356771
          0.596      -1.1162914        21.02548
          0.598      -1.1796334       13.385719
            0.6      -1.1698343       4.6144153
          0.602       -1.198091       16.343954
          0.604      -1.2352101       5.7475273
          0.606      -1.2210811       10.771364
          0.608      -1.2782955       22.387086
           0.61      -1.3106295       7.9373885
          0.612      -1.3100451       -1.115301
          0.614      -1.3061683       5.3510077
          0.616      -1.3314491       6.9993175
          0.618      -1.3341655       7.3240147
           0.62      -1.3607452       12.631732
          0.622      -1.3846925       10.002148
          0.624      -1.4007538       2.9001655
          0.626      -1.3962931       3.2823275
          0.628      -1.4138831      -1.1797308
           0.63      -1.3915742       3.7444133
          0.632      -1.4288607       4.7768285
          0.634      -1.4106815        0.420209
          0.636      -1.4305416       6.2059938
          0.638      -1.4355055       3.9374402
           0.64      -1.4462913      -3.2906155
          0.642       -1.422343      0.20732375
          0.644      -1.4471206       3.5337917
          0.646      -1.4364782       7.0314405
          0.648      -1.4752464       2.7966527
           0.65      -1.4476648      -7.3562995
          0.652      -1.4458212       2.0482693
          0.654      -1.4558579       4.0683425
          0.656      -1.4620946        2.993075
          0.658      -1.4678302       0.0818295
           0.66      -1.4624219       -0.960379
          0.662      -1.4639887      0.73008375
          0.664      -1.4653422      0.22823775
          0.666      -1.4649016      -3.9968533
          0.668      -1.4493548      -5.4253177
           0.67      -1.4432004      -2.0196322
          0.672      -1.4412763      0.65931525
          0.674      -1.4458376      -2.3119252
          0.676      -1.4320286        -0.87431
          0.678      -1.4423404      -4.7184637
           0.68      -1.4131547       -2.722856
          0.682       -1.431449      -1.1442512
          0.684      -1.4085777      -8.2333048
          0.686      -1.3985157      -3.8195213
          0.688      -1.3932996      -3.8205745
           0.69      -1.3832334      -3.9650655
          0.692      -1.3774394      -4.3605795
          0.694      -1.3657911      -11.533331
          0.696       -1.331306       -12.94305
          0.698      -1.3140189      -3.0925115
            0.7       -1.318936      -0.8120465
          0.702      -1.3107707      -6.7981482
          0.704      -1.2917434      -8.0226947
          0.706        -1.27868       -5.818242
          0.708      -1.2684704      -3.1868758
           0.71      -1.2659325       -7.701795
          0.712      -1.2376633      -11.497248
          0.714      -1.2199435      -8.9941415
          0.716      -1.2016867      -3.4024203
          0.718      -1.2063338      -8.1612255
           0.72      -1.1690418      -16.266695
          0.722       -1.141267      -10.640557
          0.724      -1.1264796       -6.828811
          0.726      -1.1139518       -9.005945
          0.728      -1.0904558      -8.4288348
           0.73      -1.0802364      -1.6576548
          0.732      -1.0838252      -9.6583272
          0.734      -1.0416031      -5.6360627
          0.736      -1.0612809      -2.7080987
          0.738      -1.0307707      -15.229332
           0.74      -1.0003636      -7.7823516
          0.742     -0.99964131      -6.9715676
          0.744     -0.97247732      -5.8357142
          0.746     -0.97629845      -8.1886213
          0.748     -0.93972283      -14.385748
           0.75     -0.91875546      -6.6230984
          0.752     -0.91323044      -1.9415619
          0.754     -0.91098921      -10.753454
          0.756     -0.87021662      -12.494206
          0.758     -0.86101238      -14.363868
           0.76     -0.81276115      -8.4049817
          0.762     -0.82739246      -1.8087279
          0.764     -0.80552624      -10.887287
          0.766     -0.78384331      -7.7694922
          0.768     -0.77444827      -14.719711
           0.77     -0.72496447      -16.082265
          0.772     -0.71011921      -4.9749408
          0.774      -0.7050647      -6.2092352
          0.776     -0.68528227      -13.875242
          0.778     -0.64956374      -8.5803621
           0.78     -0.65096082       -1.595576
          0.782     -0.64318143      -8.0890287
          0.784      -0.6186047      -8.0175454
          0.786     -0.61111125      -2.0345309
          0.788     -0.61046658      -5.9128511
           0.79     -0.58745985      -12.853699
          0.792     -0.55905178      -3.2672329
          0.794     -0.57439091       -5.709446
          0.796       -0.536214      -11.590118
          0.798     -0.52803044      -10.903089
            0.8     -0.49260165      -12.331068
          0.802     -0.47870617      -1.0747108
          0.804      -0.4883028     -0.26326525
          0.806     -0.47765311      -9.6654773
          0.808     -0.44964089      -8.3736994
           0.81     -0.44415831        -3.17285
          0.812     -0.43694949       -11.44591
          0.814     -0.39837467      -5.9070226
          0.816      -0.4133214      0.73209488
          0.818     -0.40130305      -3.4369748
           0.82      -0.3995735      -10.128102
          0.822     -0.36079064      -4.2475361
          0.824     -0.38258336       2.5400303
          0.826     -0.37095077        -2.14325
          0.828     -0.37401036      -3.9341744
           0.83     -0.35521407      -7.1916665
          0.832     -0.34524369      -6.2537223
          0.834     -0.33019918      -6.2398874
          0.836     -0.32028414      -5.9727384
          0.838     -0.30630822       -9.098864
           0.84     -0.28388869      -1.6460544
          0.842     -0.29972401     -0.10910978
          0.844     -0.28345225      -4.3732355
          0.846     -0.28223107      -3.8307864
          0.848      -0.2681291      -5.4392802
           0.85     -0.26047394     -0.80646913
          0.852     -0.26490323       2.8782388
          0.854      -0.2719869      -3.5987767
          0.856     -0.25050812      -8.8815655
          0.858     -0.23646064      -6.0011528
           0.86     -0.22650351      -4.0496061
          0.862     -0.22026221      -6.1653573
          0.864     -0.20184208      -6.7079287
          0.866      -0.1934305      -4.6950765
          0.868     -0.18306177       0.6142343
           0.87     -0.19588744     -0.70759912
          0.872     -0.18023138         -4.1367
          0.874     -0.17934064      -1.0783882
          0.876     -0.17591782      -4.3092158
          0.878     -0.16210377      -3.4970541
           0.88     -0.16192961     -0.34328067
          0.882     -0.16073065      -3.4954299
          0.884     -0.14794789       -7.610861
          0.886     -0.13028721      -7.7577683
          0.888     -0.11691682      -6.1857663
           0.89     -0.10554414      -5.1543348
          0.892    -0.096299476      -2.1492238
          0.894    -0.096947245       -2.723613
          0.896    -0.085405024      -3.4979007
          0.898    -0.082955642       -1.142079
            0.9    -0.080836708      -5.1181718
          0.902    -0.062482955      -10.881556
          0.904    -0.037310484      -8.8997043
          0.906    -0.026884138      -6.4720336
          0.908    -0.011422349      -9.0285028
           0.91    0.0092298731      -8.8275097
          0.912      0.02388769      -9.9288587
          0.914     0.048945308      -13.523938
          0.916     0.077983443      -7.0561041
          0.918     0.077169724      -5.7352997
           0.92      0.10092464      -11.992115
          0.922      0.12513818      -10.117375
          0.924      0.14139414      -6.5958606
          0.926      0.15152163      -7.0628142
          0.928       0.1696454      -4.4955338
           0.93      0.16950376      -1.8176945
          0.932      0.17691618      -6.7311716
          0.934      0.19642845      -8.8467524
          0.936      0.21230319      -5.5024235
          0.938      0.21843814        -3.62243
           0.94      0.22679291      -8.3315038
          0.942      0.25176416      -2.6376722
          0.944      0.23734359       3.4486674
          0.946      0.23796949      -1.5645665
          0.948      0.24360186       5.2817161
           0.95      0.21684262       9.0247688
          0.952      0.20750279        3.335182
          0.954      0.20350189       2.0550994
          0.956      0.19928239       6.6042312
          0.958      0.17708497       6.7494471
           0.96       0.1722846       11.223705
          0.962      0.13219015       14.098405
          0.964      0.11589098       12.178742
          0.966     0.083475182       19.084815
          0.968     0.039551721       21.725124
           0.97   -0.0034253135       21.946412
          0.972    -0.048233927       19.029483
          0.974    -0.079543247       23.716698
          0.976     -0.14310072         25.0815
          0.978     -0.17986925        24.62989
           0.98     -0.24162028       30.760004
          0.982     -0.30290926       29.949644
          0.984     -0.36141886       34.917319
          0.986     -0.44257854       36.327759
          0.988      -0.5067299       32.716083
           0.99     -0.57344287       36.833857
          0.992     -0.65406532       39.462788
          0.994     -0.73129402       35.135046
          0.996     -0.79460551        37.39069
          0.998     -0.88085678       39.634823
              1      -0.9531448       34.352007
          1.002      -1.0182648        35.77035
          1.004      -1.0962262        34.32642
          1.006      -1.1555705       27.842627
          1.008      -1.2075967       25.474877
           1.01        -1.25747       25.808367
          1.012      -1.3108302       27.243481
          1.014      -1.3664439       17.975089
          1.016      -1.3827305       13.811486
          1.018      -1.4216899       11.801068
           1.02      -1.4299348       6.7444527
          1.022      -1.4486677        3.619427
          1.024      -1.4444125       0.7863755
          1.026      -1.4518132      -3.8933905
          1.028      -1.4288389      -10.774162
           1.03      -1.4087165      -15.221582
          1.032      -1.3679526      -17.869526
          1.034      -1.3372384      -17.324762
          1.036      -1.2986536      -19.056863
          1.038       -1.261011      -22.169649
           1.04       -1.209975      -25.064995
          1.042       -1.160751      -21.753126
          1.044      -1.1229625      -21.234027
          1.046      -1.0758149      -21.308512
          1.048      -1.0377284      -23.725667
           1.05     -0.98091222      -22.523337
          1.052     -0.94763507      -18.129035
          1.054     -0.90839608      -16.448299
          1.056     -0.88184187       -12.15125
          1.058     -0.85979108      -7.2482791
           1.06     -0.85284876      -8.1372378
          1.062     -0.82724213       -10.04091
          1.064     -0.81268512      -3.0161985
          1.066     -0.81517733       4.6400541
          1.068     -0.83124533       1.0614057
           1.07     -0.81942295       -5.213039
          1.072     -0.81039318      -4.7465269
          1.074     -0.80043685         0.53706
          1.076     -0.81254142      -0.7307094
          1.078     -0.79751401      -7.3412096
           1.08     -0.78317658       -5.828852
          1.082      -0.7741986      -9.4401701
          1.084      -0.7454159      -15.906287
          1.086     -0.71057345      -21.650048
          1.088      -0.6588157      -23.064547
           1.09     -0.61831526      -23.838171
          1.092     -0.56346302       -24.93001
          1.094     -0.51859523      -27.999604
          1.096     -0.45146461      -31.167283
          1.098     -0.39392609      -27.588727
            1.1      -0.3411097      -22.867678
          1.102     -0.30245538      -22.479708
          1.104     -0.25119087      -24.478416
          1.106     -0.20454172      -15.784593
          1.108     -0.18805249      -14.265836
           1.11     -0.14747837      -10.387204
          1.112     -0.14650368      -1.0150931
          1.114       -0.143418      -3.0208313
          1.116     -0.13442035      -2.7347062
          1.118     -0.13247918       1.4660803
           1.12     -0.14028467       3.6790116
          1.122     -0.14719522       7.5304671
          1.124     -0.17040654       6.8650229
          1.126     -0.17465532       2.3062093
          1.128     -0.17963138       6.4137039
           1.13     -0.20031013       6.9534028
          1.132     -0.20744499       2.7109712
          1.134     -0.21115402       2.4616058
          1.136     -0.21729141     -0.99847277
          1.138     -0.20716012     -0.45854173
           1.14     -0.21545725       2.0916242
          1.142     -0.21552662       3.4019232
          1.144     -0.22906494        1.351379
          1.146     -0.22093214      -2.2347185
          1.148     -0.22012606      -3.9113527
           1.15     -0.20528673      -3.9335477
          1.152     -0.20439187       3.0255577
          1.154     -0.21738896     -0.64481782
          1.156      -0.2018126       -2.553141
          1.158     -0.20717639      -4.0289436
           1.16     -0.18569683      -5.7846216
          1.162     -0.18403791      0.96485455
          1.164     -0.18955625      -3.3266916
          1.166     -0.17073114      -7.3162047
          1.168     -0.16029143     -0.96413055
           1.17     -0.16687462      -1.5099787
          1.172     -0.15425151       -3.476903
          1.174     -0.15296701       -1.034107
          1.176     -0.15011508       2.1083385
          1.178     -0.16140036        0.835089
           1.18     -0.15345544      -6.1375198
          1.182     -0.13685028      -4.7683039
          1.184     -0.13438222        2.341556
          1.186      -0.1462165       3.2078436
          1.188      -0.1472136      -4.6482457
           1.19     -0.12762352      -5.4396493
          1.192       -0.125455      0.53979082
          1.194     -0.12978269      -3.2039266
          1.196      -0.1126393      -2.8707584
          1.198     -0.11829965       5.2590167
            1.2     -0.13367536        -4.25072
          1.202     -0.10129677      -5.3328554
          1.204     -0.11234394      -1.1800319
          1.206    -0.096576644      -3.5009569
          1.208    -0.098340113       2.4150987
           1.21     -0.10623704      -2.0059477
          1.212    -0.090316322      -4.3567279
          1.214    -0.088810127      0.38948212
          1.216    -0.091874251      -1.1936176
          1.218    -0.084035657       -1.823704
           1.22    -0.084579435    -0.032846187
          1.222    -0.083904272        -1.08735
          1.224    -0.080230035      -6.0248853
          1.226    -0.059804731      -1.8875052
          1.228    -0.072680014       3.8124125
           1.23    -0.075054381      -2.1636282
          1.232    -0.064025501      -6.3869906
          1.234    -0.049506419      -4.1412258
          1.236    -0.047460598       1.5348238
          1.238    -0.055645714       2.2614619
           1.24    -0.056506445      0.58788295
          1.242    -0.057997246      -2.7843254
          1.244    -0.045369144       -1.109457
          1.246    -0.053559418     0.075341885
          1.248    -0.045670511      -2.6213114
           1.25    -0.043074172       3.2756961
          1.252    -0.058773296      -2.1377634
          1.254    -0.034523119      -5.1961881
          1.256    -0.037988543       0.6035884
          1.258    -0.036937472     -0.53476596
           1.26    -0.035849479      0.56182606
          1.262    -0.039184776       0.5654439
          1.264    -0.038111255      0.61545491
          1.266    -0.041646596     -0.97418647
          1.268    -0.034214509      -2.3161594
           1.27    -0.032381959      -3.1589675
          1.272    -0.021578639      -1.9031499
          1.274    -0.024769359      0.27679267
          1.276     -0.02268581      -2.3428305
          1.278    -0.015398037     -0.66376588
           1.28    -0.020030746       1.7226488
          1.282    -0.022288632      -3.0721951
          1.284   -0.0077419658      -1.4470638
          1.286    -0.016500377        3.836313
          1.288    -0.023087218       2.5485807
           1.29      -0.0266947      -4.3006507
          1.292   -0.0058846151      -6.2140566
          1.294   -0.0018384736     -0.33250031
          1.296   -0.0045546139       1.5409735
          1.298   -0.0080023676       1.1870901
            1.3   -0.0093029742     -0.73542061
          1.302   -0.0050606852      -1.5548399
          1.304   -0.0030836146      -2.9244871
          1.306    0.0066372633      -2.5213752
          1.308    0.0070018862      -2.2569545
           1.31     0.015665081      0.96535425
          1.312    0.0031404692         3.24074
          1.314    0.0027021212     -0.85500304
          1.316    0.0065604813       1.2528798
          1.318   -0.0023093979      0.26701955
           1.32    0.0054924031      -3.2004524
          1.322     0.010492412      -4.9435789
          1.324     0.025266719      -4.1196262
          1.326     0.026970917       2.5698707
          1.328     0.014987236       1.6480101
           1.33     0.020378876      -1.5421529
          1.332     0.021155847       -3.177139
          1.334     0.033087432       1.2045617
          1.336       0.0163376     -0.07110731
          1.338     0.033371862      -6.1444824
           1.34      0.04091553      -2.0170767
          1.342     0.041440168       3.9604034
          1.344     0.025073916      -1.1346069
          1.346     0.045978596       -5.330912
          1.348     0.046397564      -2.0237516
           1.35     0.054073602     -0.22526025
          1.352     0.047298605      0.51570186
          1.354     0.052010794      -1.2074357
          1.356     0.052128348       -3.196851
          1.358     0.064798198      0.27234432
           1.36      0.05103897      0.49888982
          1.362     0.062802639      -1.8457835
          1.364     0.058422104       1.4820545
          1.366     0.056874421      -3.0961243
          1.368     0.070806602      -2.9180873
           1.37      0.06854677       1.2724527
          1.372     0.065716791       1.2921584
          1.374     0.063378137      -3.4415536
          1.376     0.079483005      -5.5423845
          1.378     0.085547675    -0.082760905
           1.38     0.079814049       1.0589282
          1.382     0.081311962      -1.3375981
          1.384     0.085164441      0.83841054
          1.386      0.07795832      0.86576096
          1.388     0.081701397      -3.5932074
           1.39     0.092331149      0.59158032
          1.392     0.079335076       1.8561257
          1.394     0.084906646      -3.7291174
          1.396     0.094251545      -1.7953519
          1.398     0.092088054     -0.99838936
            1.4     0.098245103      -3.8002999
          1.402      0.10728925      -2.6475444
          1.404      0.10883528       2.1825338
          1.406     0.098559118      0.89146005
          1.408      0.10526944      -1.7228993
           1.41      0.10545072      -1.1268646
          1.412       0.1097769        -2.59014
          1.414      0.11581128      -2.1670755
          1.416       0.1184452      -1.8080652
          1.418      0.12304354      -1.7385497
           1.42       0.1253994      -2.5598465
          1.422      0.13328292      0.96498547
          1.424      0.12153946     -0.44541515
          1.426      0.13506458      -2.0098385
          1.428      0.12957881       2.4071396
           1.43      0.12543602      0.12968213
          1.432      0.12906008     0.026023575
          1.434      0.12533193       1.2308531
          1.436      0.12413667      -1.9187202
          1.438      0.13300681      -0.8668589
           1.44      0.12760411     -0.38599252
          1.442      0.13455078     0.026542375
          1.444      0.12749794      -1.4163317
          1.446      0.14021611      -1.3956806
          1.448      0.13308066      0.39942458
           1.45      0.13861841      -1.6610928
          1.452      0.13972503       2.1956432
          1.454      0.12983584       0.4813461
          1.456      0.13779965      -3.5718189
          1.458      0.14412311     -0.68081832
           1.46      0.14052292      0.63071165
          1.462      0.14160027      0.20972208
          1.464      0.13968403       1.4139963
          1.466      0.13594428       -1.338327
          1.468      0.14503734      -2.7767976
           1.47      0.14705147      0.38597768
          1.472      0.14349343       2.4016347
          1.474      0.13744493      -1.4901046
          1.476      0.14945385       0.4819066
          1.478      0.13551731       0.6207014
           1.48      0.14697104      -1.2803687
          1.482      0.14063878      -1.5490805
          1.484      0.15316736      -0.1446929
          1.486      0.14121755        3.018095
          1.488      0.14109498      -2.0050414
           1.49      0.14923772       0.3951867
          1.492      0.13951424       4.9064889
          1.494      0.12961176       1.0753227
          1.496      0.13521295      -3.3973223
          1.498      0.14320105      -5.0209629
            1.5       0.1552968     -0.46396285
          1.502       0.1450569        1.967473
          1.504      0.14742691       1.7861182
          1.506      0.13791243       2.8925895
          1.508      0.13585655      -1.4622155
           1.51      0.14376129      -0.1097496
          1.512      0.13629555       1.9427784
          1.514      0.13599018      -2.1105232
          1.516      0.14473764      -1.2082804
          1.518       0.1408233       2.1765811
           1.52      0.13603131       1.2704963
          1.522      0.13574131      -1.1824508
          1.524      0.14076112       1.0688074
          1.526      0.13146608      0.22859465
          1.528      0.13984674       0.6125008
           1.53      0.12901608       4.9750632
          1.532      0.11994649       1.7852413
          1.534      0.12187512     -0.54259978
          1.536      0.12211688      -1.2573124
          1.538      0.12690437      -1.2070319
           1.54      0.12694501       1.3533914
          1.542       0.1214908       1.1380745
          1.544      0.12239271       1.3371534
          1.546      0.11614219       3.3270666
          1.548      0.10908445      0.83629873
           1.55      0.11279699     -0.35836632
          1.552      0.11051791       2.9153153
          1.554      0.10113573       3.0400573
          1.556     0.098357684       2.3042479
          1.558     0.091918739       1.4743601
           1.56     0.092460244     -0.48709244
          1.562     0.093867109      -3.6484723
          1.564      0.10705413     0.068575703
          1.566     0.093592806        4.412935
          1.568     0.089402393      0.90240093
           1.57     0.089983202       1.5468168
          1.572     0.083215126       4.1218824
          1.574     0.073495673       3.5624201
          1.576     0.068965445       2.7110848
          1.578     0.062651333       2.3343061
           1.58     0.059628221       2.6708413
          1.582     0.051967968      -1.0627995
          1.584     0.063879419     -0.43087899
          1.586     0.053691484       1.5025212
          1.588     0.057869334     -0.10164247
           1.59     0.054098054      0.24875456
          1.592     0.056874316       1.3651578
          1.594     0.048637423       4.7797196
          1.596     0.037755438       5.7136689
          1.598     0.025782747       2.0010859
            1.6     0.029751094       1.2915135
          1.602     0.020616693       1.6204466
          1.604     0.023269308      0.44164087
          1.606      0.01885013      0.69450999
          1.608     0.020491268      0.72923997
           1.61      0.01593317        1.675091
          1.612     0.013790904       1.2546002
          1.614     0.010914769       1.6099184
          1.616    0.0073512303     0.038646835
          1.618     0.010760182     -0.26354484
           1.62    0.0084054097       3.6008278
          1.622   -0.0036431292        4.512111
          1.624   -0.0096430343      0.63904475
          1.626   -0.0061993082     -0.59351173
          1.628   -0.0072689874       2.3761682
           1.63    -0.015703981       1.8203272
          1.632    -0.014550296      0.50618654
          1.634    -0.017728727       1.2199236
          1.636     -0.01942999       1.3926539
          1.638    -0.023299343       3.9370855
           1.64    -0.035178333       1.4110866
          1.642    -0.028943689      0.11132293
          1.644    -0.035623624       1.9871322
          1.646    -0.036892218      -1.1522231
          1.648    -0.031014732     -0.65113158
           1.65    -0.034287692       1.8088887
          1.652    -0.038250287      0.73463281
          1.654    -0.037226223      -1.1346332
          1.656    -0.033711754      -1.5624945
          1.658    -0.030976245       1.6986698
           1.66    -0.040506433       2.9692419
          1.662    -0.042853212       4.9020269
          1.664    -0.060114541       3.1725244
          1.666     -0.05554331      -2.8471828
          1.668    -0.048725809      0.38474907
           1.67    -0.057082306       0.7122966
          1.672    -0.051574996      0.61842677
          1.674    -0.059556013       2.8475661
          1.676     -0.06296526      0.63778154
          1.678    -0.062107139     -0.15746197
           1.68    -0.062335412      0.66468546
          1.682    -0.064765881    -0.012564615
          1.684    -0.062285154       1.4377943
          1.686    -0.070517058        2.290759
          1.688     -0.07144819     -0.42026209
           1.69     -0.06883601       2.1332592
          1.692    -0.079981226        1.438675
          1.694     -0.07459071     -0.52896431
          1.696    -0.077865369       1.7313508
          1.698    -0.081516113        2.081601
            1.7    -0.086191773      0.30187109
          1.702    -0.082723597      -1.4789023
          1.704    -0.080276164     -0.85907582
          1.706    -0.079287294      0.51285138
          1.708    -0.082327569       3.2194202
           1.71    -0.092164975       2.2665509
          1.712    -0.091393773      -2.9635191
          1.714    -0.080310898      0.22586402
          1.716    -0.092297229       2.0422017
          1.718    -0.088479705      -3.6504956
           1.72    -0.077695247      -1.3714974
          1.722    -0.082993716       1.2895281
          1.724    -0.082853359      0.47716063
          1.726    -0.084902358      -1.5071198
          1.728     -0.07682488     -0.54620457
           1.73     -0.08271754        1.070845
          1.732     -0.08110826     -0.54727752
          1.734     -0.08052843      -1.0208458
          1.736    -0.077024877      -1.0933769
          1.738    -0.076154922     -0.69113606
           1.74    -0.074260333     -0.61542767
          1.742    -0.073693211       1.7929725
          1.744    -0.081432223      -1.4101724
          1.746    -0.068052521      -1.0894877
          1.748    -0.077074272       1.5944879
           1.75    -0.074430473      -2.3884107
          1.752    -0.067520629     -0.74067344
          1.754    -0.071467779       3.3012867
          1.756    -0.080725776       0.1833958
          1.758    -0.072201363       -2.686949
           1.76     -0.06997798      0.68416932
          1.762     -0.07493804     -0.22944354
          1.764    -0.069060206       -2.121461
          1.766    -0.066452196       -1.648366
          1.768    -0.062466742     -0.73631947
           1.77    -0.063506918      0.62575483
          1.772    -0.064969762     -0.65220564
          1.774    -0.060898095      0.04513829
          1.776    -0.065150315     -0.27739442
          1.778    -0.059788518     -0.43773309
           1.78    -0.063399382        2.569255
          1.782    -0.070065538      -1.5633852
          1.784    -0.057145841      -1.1435972
          1.786    -0.065491149     -0.21473604
          1.788    -0.056286897      -2.6336799
           1.79    -0.054956429     -0.15819369
          1.792    -0.055654123       1.3817411
          1.794    -0.060483394     0.013208527
          1.796    -0.055706957      -1.0117113
          1.798    -0.056436549     -0.83677467
            1.8    -0.052359858      0.75061276
          1.802       -0.059439       2.1537003
          1.804    -0.060974659      -1.7419917
          1.806    -0.052471033      -3.0495366
          1.808    -0.048776512      -3.7064778
           1.81    -0.037645122     -0.44021804
          1.812     -0.04701564       2.2689506
          1.814    -0.046720924      0.28936679
          1.816    -0.048173107      0.85749128
          1.818     -0.05015089       1.1834522
           1.82    -0.052906916     -0.16470144
          1.822    -0.049492084      -1.7135076
          1.824    -0.046052886     -0.36575977
          1.826    -0.048029045      0.30115534
          1.828    -0.047257507       1.7327888
           1.83      -0.0549602     -0.37916934
          1.832     -0.04574083      -3.1669373
          1.834    -0.042292451     -0.92046456
          1.836    -0.042058972    0.0078468525
          1.838    -0.042323838     -0.26856885
           1.84    -0.040984696       2.5689644
          1.842    -0.052599696       1.1108437
          1.844    -0.045428071      -2.9250976
          1.846    -0.040899305      -2.5301077
          1.848     -0.03530764       1.4954448
           1.85    -0.046881084       2.7229407
          1.852    -0.046199403      0.39087377
          1.854    -0.048444579      -1.5016784
          1.856    -0.040192689      0.29293428
          1.858    -0.049616317       3.9497003
           1.86     -0.05599149       -2.052799
          1.862     -0.04140512      -2.2516272
          1.864    -0.046984981     -0.89315991
          1.866    -0.037832481      -1.8595417
          1.868    -0.039546814       0.4252769
           1.87    -0.039533588      -1.2819448
          1.872    -0.034419035      -1.0336061
          1.874    -0.035399164      0.40713092
          1.876    -0.036047559    -0.049886883
          1.878    -0.035199616      0.81261581
           1.88    -0.039298022     -0.24642053
          1.882    -0.034213934     -0.53951461
          1.884    -0.037139964      0.41170765
          1.886    -0.035860765      0.67901053
          1.888    -0.039856006      0.12343677
           1.89    -0.036354512      -1.5918598
          1.892    -0.033488567      -1.0680985
          1.894    -0.032082118       1.2306543
          1.896    -0.038411184      0.97299963
          1.898    -0.035974116     -0.58241921
            1.9    -0.036081507     -0.80739357
          1.902    -0.032744542     -0.02361395
          1.904    -0.035987051      -1.9357753
          1.906    -0.025001441    0.0082561125
          1.908    -0.036020076       2.8480128
           1.91    -0.036393492      -3.3528224
          1.912    -0.022608786      -2.0375421
          1.914    -0.028243323       1.3375181
          1.916    -0.027958858     -0.87369912
          1.918    -0.024748527      -1.4980905
           1.92    -0.021966496     -0.49765047
          1.922    -0.022757925       1.0257648
          1.924    -0.026069555     -0.35132517
          1.926    -0.021352624       1.2431567
          1.928    -0.031042182       1.4941152
           1.93    -0.027329085      -1.8632149
          1.932    -0.023589323     -0.51309785
          1.934    -0.025276694      -1.4328919
          1.936    -0.017857755     -0.64392662
          1.938    -0.022700987      0.61403884
           1.94     -0.02031391      -1.2281353
          1.942    -0.017788446      -2.2744967
          1.944    -0.011215924       0.3162104
          1.946    -0.019053288       1.7628878
          1.948    -0.018267475     -0.48584921
           1.95    -0.017109891      0.77828699
          1.952    -0.021380623      -2.3362802
          1.954   -0.0077647702      -1.1422467
          1.956    -0.016811636     0.025763789
          1.958   -0.0078678253      0.25028559
           1.96    -0.017812779      0.35637974
          1.962   -0.0092933443     -0.20030624
          1.964    -0.017011554     -0.36635678
          1.966   -0.0078279172     -0.46471481
          1.968    -0.015152694       1.5041023
           1.97    -0.013844327       1.8235439
          1.972     -0.02244687     0.091960502
          1.974    -0.014212169      -2.1837107
          1.976    -0.013712027      -1.9277918
          1.978   -0.0065010015      -1.7875681
           1.98   -0.0065617548        2.100442
          1.982     -0.01490277      0.24968293
          1.984   -0.0075604865      -0.2186673
          1.986      -0.0140281     -0.84502861
          1.988   -0.0041803721       0.8320295
           1.99    -0.017356218      -0.7478108
          1.992   -0.0011891289      -2.3176387
          1.994   -0.0080856635        1.698251
          1.996   -0.0079821327      -1.6876925
          1.998   -0.0013348936      -1.9955332
              2               0     -0.33372341
          2.002               0               0
          2.004               0               0
          2.006               0               0
          2.008               0               0
           2.01               0               0
          2.012               0               0
          2.014               0               0
          2.016               0               0
          2.018               0               0
           2.02               0               0
          2.022               0               0
          2.024               0               0
          2.026               0               0
          2.028               0               0
           2.03               0               0
          2.032               0               0
          2.034               0               0
          2.036               0               0
          2.038               0               0
           2.04               0               0
          2.042               0               0
          2.044               0               0
          2.046               0               0
          2.048               0               0
           2.05               0               0
          2.052               0               0
          2.054               0               0
          2.056               0               0
          2.058               0               0
           2.06               0               0
          2.062               0               0
          2.064               0               0
          2.066               0               0
          2.068               0               0
           2.07               0               0
          2.072               0               0
          2.074               0               0
          2.076               0               0
          2.078               0               0
           2.08               0               0
          2.082               0               0
          2.084               0               0
          2.086               0               0
          2.088               0               0
           2.09               0               0
          2.092               0               0
          2.094               0               0
          2.096               0               0
          2.098               0               0
            2.1               0               0
          2.102               0               0
          2.104               0               0
          2.106               0               0
          2.108               0               0
           2.11               0               0
          2.112               0               0
          2.114               0               0
          2.116               0               0
          2.118               0               0
           2.12               0               0
          2.122               0               0
          2.124               0               0
          2.126               0               0
          2.128               0               0
           2.13               0               0
          2.132               0               0
          2.134               0               0
          2.136               0               0
          2.138               0               0
           2.14               0               0
          2.142               0               0
          2.144               0               0
          2.146               0               0
          2.148               0               0
           2.15               0               0
          2.152               0               0
          2.154               0               0
          2.156               0               0
          2.158               0               0
           2.16               0               0
          2.162               0               0
          2.164               0               0
          2.166               0               0
          2.168               0               0
           2.17               0               0
          2.172               0               0
          2.174               0               0
          2.176               0               0
          2.178               0               0
           2.18               0               0
          2.182               0               0
          2.184               0               0
          2.186               0               0
          2.188               0               0
           2.19               0               0
          2.192               0               0
          2.194               0               0
          2.196               0               0
          2.198               0               0
            2.2               0               0
          2.202               0               0
          2.204               0               0
          2.206               0               0
          2.208               0               0
           2.21               0               0
          2.212               0               0
          2.214               0               0
          2.216               0               0
          2.218               0               0
           2.22               0               0
          2.222               0               0
          2.224               0               0
          2.226               0               0
          2.228               0               0
           2.23               0               0
          2.232               0               0
          2.234               0               0
          2.236               0               0
          2.238               0               0
           2.24               0               0
          2.242               0               0
          2.244               0               0
          2.246               0               0
          2.248               0               0
           2.25               0               0
          2.252               0               0
          2.254               0               0
          2.256               0               0
          2.258               0               0
           2.26               0               0
          2.262               0               0
          2.264               0               0
          2.266               0               0
          2.268               0               0
           2.27               0               0
          2.272               0               0
          2.274               0               0
          2.276               0               0
          2.278               0               0
           2.28               0               0
          2.282               0               0
          2.284               0               0
          2.286               0               0
          2.288               0               0
           2.29               0               0
          2.292               0               0
          2.294               0               0
          2.296               0               0
          2.298               0               0
            2.3               0               0
          2.302               0               0
          2.304               0               0
          2.306               0               0
          2.308               0               0
           2.31               0               0
          2.312               0               0
          2.314               0               0
          2.316               0               0
          2.318               0               0
           2.32               0               0
          2.322               0               0
          2.324               0               0
          2.326               0               0
          2.328               0               0
           2.33               0               0
          2.332               0               0
          2.334               0               0
          2.336               0               0
          2.338               0               0
           2.34               0               0
          2.342               0               0
          2.344               0               0
          2.346               0               0
          2.348               0               0
           2.35               0               0
          2.352               0               0
          2.354               0               0
          2.356               0               0
          2.358               0               0
           2.36               0               0
          2.362               0               0
          2.364               0               0
          2.366               0               0
          2.368               0               0
           2.37               0               0
          2.372               0               0
          2.374               0               0
          2.376               0               0
          2.378               0               0
           2.38               0               0
          2.382               0               0
          2.384               0               0
          2.386               0               0
          2.388               0               0
           2.39               0               0
          2.392               0               0
          2.394               0               0
          2.396               0               0
          2.398               0               0
            2.4               0               0
          2.402               0               0
          2.404               0               0
          2.406               0               0
          2.408               0               0
           2.41               0               0
          2.412               0               0
          2.414               0               0
          2.416               0               0
          2.418               0               0
           2.42               0               0
          2.422               0               0
          2.424               0               0
          2.426               0               0
          2.428               0               0
           2.43               0               0
          2.432               0               0
          2.434               0               0
          2.436               0               0
          2.438               0               0
           2.44               0               0
          2.442               0               0
          2.444               0               0
          2.446               0               0
          2.448               0               0
           2.45               0               0
          2.452               0               0
          2.454               0               0
          2.456               0               0
          2.458               0               0
           2.46               0               0
          2.462               0               0
          2.464               0               0
          2.466               0               0
          2.468               0               0
           2.47               0               0
          2.472               0               0
          2.474               0               0
          2.476               0               0
          2.478               0               0
           2.48               0               0
          2.482               0               0
          2.484               0               0
          2.486               0               0
          2.488               0               0
           2.49               0               0
          2.492               0               0
          2.494               0               0
          2.496               0               0
          2.498               0               0
            2.5               0               0
          2.502               0               0
          2.504               0               0
          2.506               0               0
          2.508               0               0
           2.51               0               0
          2.512               0               0
          2.514               0               0
          2.516               0               0
          2.518               0               0
           2.52               0               0
          2.522               0               0
          2.524               0               0
          2.526               0               0
          2.528               0               0
           2.53               0               0
          2.532               0               0
          2.534               0               0
          2.536               0               0
          2.538               0               0
           2.54               0               0
          2.542               0               0
          2.544               0               0
          2.546               0               0
          2.548               0               0
           2.55               0               0
          2.552               0               0
          2.554               0               0
          2.556               0               0
          2.558               0               0
           2.56               0               0
          2.562               0               0
          2.564               0               0
          2.566               0               0
          2.568               0               0
           2.57               0               0
          2.572               0               0
          2.574               0               0
          2.576               0               0
          2.578               0               0
           2.58               0               0
          2.582               0               0
          2.584               0               0
          2.586               0               0
          2.588               0               0
           2.59               0               0
          2.592               0               0
          2.594               0               0
          2.596               0               0
          2.598               0               0
            2.6               0               0
          2.602               0               0
          2.604               0               0
          2.606               0               0
          2.608               0               0
           2.61               0               0
          2.612               0               0
          2.614               0               0
          2.616               0               0
          2.618               0               0
           2.62               0               0
          2.622               0               0
          2.624               0               0
          2.626               0               0
          2.628               0               0
           2.63               0               0
          2.632               0               0
          2.634               0               0
          2.636               0               0
          2.638               0               0
           2.64               0               0
          2.642               0               0
          2.644               0               0
          2.646               0               0
          2.648               0               0
           2.65               0               0
          2.652               0               0
          2.654               0               0
          2.656               0               0
          2.658               0               0
           2.66               0               0
          2.662               0               0
          2.664               0               0
          2.666               0               0
          2.668               0               0
           2.67               0               0
          2.672               0               0
          2.674               0               0
          2.676               0               0
          2.678               0               0
           2.68               0               0
          2.682               0               0
          2.684               0               0
          2.686               0               0
          2.688               0               0
           2.69               0               0
          2.692               0               0
          2.694               0               0
          2.696               0               0
          2.698               0               0
            2.7               0               0
          2.702               0               0
          2.704               0               0
          2.706               0               0
          2.708               0               0
           2.71               0               0
          2.712               0               0
          2.714               0               0
          2.716               0               0
          2.718               0               0
           2.72               0               0
          2.722               0               0
          2.724               0               0
          2.726               0               0
          2.728               0               0
           2.73               0               0
          2.732               0               0
          2.734               0               0
          2.736               0               0
          2.738               0               0
           2.74               0               0
          2.742               0               0
          2.744               0               0
          2.746               0               0
          2.748               0               0
           2.75               0               0
          2.752               0               0
          2.754               0               0
          2.756               0               0
          2.758               0               0
           2.76               0               0
          2.762               0               0
          2.764               0               0
          2.766               0               0
          2.768               0               0
           2.77               0               0
          2.772               0               0
          2.774               0               0
          2.776               0               0
          2.778               0               0
           2.78               0               0
          2.782               0               0
          2.784               0               0
          2.786               0               0
          2.788               0               0
           2.79               0               0
          2.792               0               0
          2.794               0               0
          2.796               0               0
          2.798               0               0
            2.8               0               0
          2.802               0               0
          2.804               0               0
          2.806               0               0
          2.808               0               0
           2.81               0               0
          2.812               0               0
          2.814               0               0
          2.816               0               0
          2.818               0               0
           2.82               0               0
          2.822               0               0
          2.824               0               0
          2.826               0               0
          2.828               0               0
           2.83               0               0
          2.832               0               0
          2.834               0               0
          2.836               0               0
          2.838               0               0
           2.84               0               0
          2.842               0               0
          2.844               0               0
          2.846               0               0
          2.848               0               0
           2.85               0               0
          2.852               0               0
          2.854               0               0
          2.856               0               0
          2.858               0               0
           2.86               0               0
          2.862               0               0
          2.864               0               0
          2.866               0               0
          2.868               0               0
           2.87               0               0
          2.872               0               0
          2.874               0               0
          2.876               0               0
          2.878               0               0
           2.88               0               0
          2.882               0               0
          2.884               0               0
          2.886               0               0
          2.888               0               0
           2.89               0               0
          2.892               0               0
          2.894               0               0
          2.896               0               0
          2.898               0               0
            2.9               0               0
          2.902               0               0
          2.904               0               0
          2.906               0               0
          2.908               0               0
           2.91               0               0
          2.912               0               0
          2.914               0               0
          2.916               0               0
          2.918               0               0
           2.92               0               0
          2.922               0               0
          2.924               0               0
          2.926               0               0
          2.928               0               0
           2.93               0               0
          2.932               0               0
          2.934               0               0
          2.936               0               0
          2.938               0               0
           2.94               0               0
          2.942               0               0
          2.944               0               0
          2.946               0               0
          2.948               0               0
           2.95               0               0
          2.952               0               0
          2.954               0               0
          2.956               0               0
          2.958               0               0
           2.96               0               0
          2.962               0               0
          2.964               0               0
          2.966               0               0
          2.968               0               0
           2.97               0               0
          2.972               0               0
          2.974               0               0
          2.976               0               0
          2.978               0               0
           2.98               0               0
          2.982               0               0
          2.984               0               0
          2.986               0               0
          2.988               0               0
           2.99               0               0
          2.992               0               0
          2.994               0               0
          2.996               0               0
          2.998               0               0
              3               0               0
          3.002               0               0
          3.004               0               0
          3.006               0               0
          3.008               0               0
           3.01               0               0
          3.012               0               0
          3.014               0               0
          3.016               0               0
          3.018               0               0
           3.02               0               0
          3.022               0               0
          3.024               0               0
          3.026               0               0
          3.028               0               0
           3.03               0               0
          3.032               0               0
          3.034               0               0
          3.036               0               0
          3.038               0               0
           3.04               0               0
          3.042               0               0
          3.044               0               0
          3.046               0               0
          3.048               0               0
           3.05               0               0
          3.052               0               0
          3.054               0               0
          3.056               0               0
          3.058               0               0
           3.06               0               0
          3.062               0               0
          3.064               0               0
          3.066               0               0
          3.068               0               0
           3.07               0               0
          3.072               0               0
          3.074               0               0
          3.076               0               0
          3.078               0               0
           3.08               0               0
          3.082               0               0
          3.084               0               0
          3.086               0               0
          3.088               0               0
           3.09               0               0
          3.092               0               0
          3.094               0               0
          3.096               0               0
          3.098               0               0
            3.1               0               0
          3.102               0               0
          3.104               0               0
          3.106               0               0
          3.108               0               0
           3.11               0               0
          3.112               0               0
          3.114               0               0
          3.116               0               0
          3.118               0               0
           3.12               0               0
          3.122               0               0
          3.124               0               0
          3.126               0               0
          3.128               0               0
           3.13               0               0
          3.132               0               0
          3.134               0               0
          3.136               0               0
          3.138               0               0
           3.14               0               0
          3.142               0               0
          3.144               0               0
          3.146               0               0
          3.148               0               0
           3.15               0               0
          3.152               0               0
          3.154               0               0
          3.156               0               0
          3.158               0               0
           3.16               0               0
          3.162               0               0
          3.164               0               0
          3.166               0               0
          3.168               0               0
           3.17               0               0
          3.172               0               0
          3.174               0               0
          3.176               0               0
          3.178               0               0
           3.18               0               0
          3.182               0               0
          3.184               0               0
          3.186               0               0
          3.188               0               0
           3.19               0               0
          3.192               0               0
          3.194               0               0
          3.196               0               0
          3.198               0               0
            3.2               0               0
          3.202               0               0
          3.204               0               0
          3.206               0               0
          3.208               0               0
           3.21               0               0
          3.212               0               0
          3.214               0               0
          3.216               0               0
          3.218               0               0
           3.22               0               0
          3.222               0               0
          3.224               0               0
          3.226               0               0
          3.228               0               0
           3.23               0               0
          3.232               0               0
          3.234               0               0
          3.236               0               0
          3.238               0               0
           3.24               0               0
          3.242               0               0
          3.244               0               0
          3.246               0               0
          3.248               0               0
           3.25               0               0
          3.252               0               0
          3.254               0               0
          3.256               0               0
          3.258               0               0
           3.26               0               0
          3.262               0               0
          3.264               0               0
          3.266               0               0
          3.268               0               0
           3.27               0               0
          3.272               0               0
          3.274               0               0
          3.276               0               0
          3.278               0               0
           3.28               0               0
          3.282               0               0
          3.284               0               0
          3.286               0               0
          3.288               0               0
           3.29               0               0
          3.292               0               0
          3.294               0               0
          3.296               0               0
          3.298               0               0
            3.3               0               0
          3.302               0               0
          3.304               0               0
          3.306               0               0
          3.308               0               0
           3.31               0               0
          3.312               0               0
          3.314               0               0
          3.316               0               0
          3.318               0               0
           3.32               0               0
          3.322               0               0
          3.324               0               0
          3.326               0               0
          3.328               0               0
           3.33               0               0
          3.332               0               0
          3.334               0               0
          3.336               0               0
          3.338               0               0
           3.34               0               0
          3.342               0               0
          3.344               0               0
          3.346               0               0
          3.348               0               0
           3.35               0               0
          3.352               0               0
          3.354               0               0
          3.356               0               0
          3.358               0               0
           3.36               0               0
          3.362               0               0
          3.364               0               0
          3.366               0               0
          3.368               0               0
           3.37               0               0
          3.372               0               0
          3.374               0               0
          3.376               0               0
          3.378               0               0
           3.38               0               0
          3.382               0               0
          3.384               0               0
          3.386               0               0
          3.388               0               0
           3.39               0               0
          3.392               0               0
          3.394               0               0
          3.396               0               0
          3.398               0               0
            3.4               0               0
          3.402               0               0
          3.404               0               0
          3.406               0               0
          3.408               0               0
           3.41               0               0
          3.412               0               0
          3.414               0               0
          3.416               0               0
          3.418               0               0
           3.42               0               0
          3.422               0               0
          3.424               0               0
          3.426               0               0
          3.428               0               0
           3.43               0               0
          3.432               0               0
          3.434               0               0
          3.436               0               0
          3.438               0               0
           3.44               0               0
          3.442               0               0
          3.444               0               0
          3.446               0               0
          3.448               0               0
           3.45               0               0
          3.452               0               0
          3.454               0               0
          3.456               0               0
          3.458               0               0
           3.46               0               0
          3.462               0               0
          3.464               0               0
          3.466               0               0
          3.468               0               0
           3.47               0               0
          3.472               0               0
          3.474               0               0
          3.476               0               0
          3.478               0               0
           3.48               0               0
          3.482               0               0
          3.484               0               0
          3.486               0               0
          3.488               0               0
           3.49               0               0
          3.492               0               0
          3.494               0               0
          3.496               0               0
          3.498               0               0
            3.5               0               0
