          0.002       42191.962       931002.59
          0.004        40371.03       890815.92
          0.006       38628.699       852363.89
          0.008       36961.575       815571.64
           0.01       35366.412       780367.53
          0.012       33840.104          746683
          0.014        32379.68       714452.47
          0.016       30982.295       683613.16
          0.018       29645.227       654105.03
           0.02       28365.874       625870.62
          0.022       27141.745       598854.94
          0.024       25970.455        573005.4
          0.026       24849.723       548271.65
          0.028       23777.368       524605.53
           0.03       22751.301       501960.95
          0.032       21769.524       480293.83
          0.034       20830.126       459561.97
          0.036       19931.276          439725
          0.038       19071.226       420744.29
           0.04       18248.299       402582.89
          0.042       17460.894       385205.41
          0.044       16707.478       368578.04
          0.046       15986.582       352668.39
          0.048       15296.804       337445.47
           0.05         14636.8       322879.66
          0.052       14005.285       308942.57
          0.054        13401.03       295607.08
          0.056       12822.857       282847.22
          0.058       12269.641       270638.13
           0.06       11740.305       258956.05
          0.062       11233.817       247778.22
          0.064       10749.192       237082.89
          0.066       10285.485       226849.21
          0.068       9841.7948       217057.28
           0.07       9417.2562       207688.01
          0.072       9011.0428       198723.17
          0.074       8622.3636       190145.29
          0.076       8250.4616       181937.68
          0.078       7894.6128       174084.35
           0.08       7554.1242       166570.01
          0.082       7228.3328       159380.02
          0.084       6916.6042       152500.39
          0.086       6618.3313       145917.72
          0.088       6332.9333       139619.18
           0.09       6059.8545       133592.53
          0.092       5798.5632       127826.01
          0.094       5548.5505       122308.41
          0.096       5309.3295       117028.97
          0.098       5080.4346       111977.42
            0.1       4861.4199       107143.92
          0.102       4651.8589       102519.06
          0.104       4451.3436        98093.83
          0.106       4259.4836       93859.615
          0.108       4075.9052       89808.169
           0.11       3900.2509       85931.604
          0.112       3732.1787        82222.37
          0.114       3571.3614       78673.246
          0.116       3417.4858       75277.319
          0.118       3270.2521       72027.977
           0.12       3129.3738       68918.893
          0.122       2994.5766       65944.012
          0.124       2865.5978       63097.542
          0.126       2742.1864       60373.939
          0.128        2624.102       57767.901
           0.13       2511.1148       55274.352
          0.132       2403.0046       52888.438
          0.134        2299.561       50605.511
          0.136       2200.5826       48421.126
          0.138       2105.8765       46331.031
           0.14       2015.2585       44331.154
          0.142       1928.5519       42417.602
          0.144       1845.5881       40586.648
          0.146       1766.2053       38834.727
          0.148       1690.2492       37158.428
           0.15       1617.5716       35554.486
          0.152       1548.0312       34019.779
          0.154       1481.4925       32551.317
          0.156       1417.8259        31146.24
          0.158       1356.9075       29801.814
           0.16       1298.6187       28515.421
          0.162       1242.8459       27284.554
          0.164       1189.4805       26106.817
          0.166       1138.4186       24979.918
          0.168       1089.5608       23901.661
           0.17       1042.8119       22869.947
          0.172       998.08101       21882.767
          0.174       955.28088       20938.198
          0.176       914.32822       20034.402
          0.178       875.14327       19169.618
           0.18       837.64975       18342.162
          0.182       801.77462       17550.424
          0.184       767.44805        16792.86
          0.186       734.60318       16067.997
          0.188       703.17606       15374.423
           0.19       673.10549       14710.787
          0.192       644.33292       14075.796
          0.194       616.80231       13468.215
          0.196       590.46005        12886.86
          0.198       565.25486         12330.6
            0.2       541.13766        11798.35
          0.202       518.06146       11289.075
          0.204       495.98136       10801.782
          0.206       474.85434       10335.524
          0.208       454.63926       9889.3915
           0.21       435.29677       9462.5164
          0.212        416.7892       9054.0673
          0.214        399.0805       8663.2489
          0.216        382.1362       8289.3002
          0.218        365.9233       7931.4929
           0.22       350.41023       7589.1304
          0.222       335.56678        7261.546
          0.224       321.36404       6948.1017
          0.226       307.77437       6648.1872
          0.228        294.7713       6361.2185
           0.23        282.3295       6086.6368
          0.232       270.42475       5823.9074
          0.234       259.03387       5572.5188
          0.236       248.13467       5331.9812
          0.238       237.70594       5101.8265
           0.24       227.72737       4881.6064
          0.242       218.17952       4670.8921
          0.244        209.0438       4469.2733
          0.246       200.30242       4276.3573
          0.248       191.93837       4091.7686
           0.25       183.93535       3915.1476
          0.252       176.27778       3746.1504
          0.254       168.95075        3584.448
          0.256       161.93999       3429.7255
          0.258       155.23185       3281.6815
           0.26       148.81326       3140.0279
          0.262       142.67173       3004.4888
          0.264       136.79531       2874.8002
          0.266       131.17253       2750.7095
          0.268       125.79247       2631.9753
           0.27       120.64463       2518.3662
          0.272         115.719        2409.661
          0.274       111.00599       2305.6481
          0.276       106.49641       2206.1249
          0.278       102.18149       2110.8977
           0.28        98.05282       2019.7809
          0.282       94.102365       1932.5971
          0.284       90.322431       1849.1767
          0.286       86.705658        1769.357
          0.288       83.245003       1692.9828
           0.29       79.933727       1619.9053
          0.292       76.765382       1549.9822
          0.294       73.733798       1483.0773
          0.296       70.833073       1419.0603
          0.298       68.057557       1357.8066
            0.3       65.401846        1299.197
          0.302       62.860769       1243.1172
          0.304       60.429378       1189.4581
          0.306       58.102937       1138.1152
          0.308       55.876917       1088.9885
           0.31       53.746983       1041.9824
          0.312       51.708987       997.00525
          0.314       49.758962       953.96957
          0.316       47.893109       912.79152
          0.318       46.107796       873.39091
           0.32       44.399545       835.69104
          0.322       42.765032       799.61847
          0.324       41.201072       608.95662
          0.326       40.329205      -88.021128
          0.328       41.553156       74.631218
           0.33        40.03068       1821.7867
          0.332       34.266009       1182.4481
          0.334       35.300888       163.99457
          0.336       33.610031       971.82745
          0.338       31.413578       701.80979
           0.34       30.802792       446.11476
          0.342       29.629119       853.51431
          0.344       27.388735       1013.6013
          0.346       25.574714        571.9484
          0.348       25.100941       372.07565
           0.35       24.086411       590.17686
          0.352       22.740234       449.41508
          0.354       22.288751       396.09159
          0.356       21.155867       442.80846
          0.358       20.517517       333.60363
           0.36       19.821453       456.66373
          0.362       18.690862       475.74395
          0.364       17.918477       351.14058
          0.366         17.2863       289.39916
          0.368        16.76088       316.61151
           0.37       16.019854       328.52075
          0.372       15.446797       273.13695
          0.374       14.927306       230.77229
          0.376       14.523708       237.71601
          0.378       13.976442        298.4601
           0.38       13.329868       255.73051
          0.382        12.95352       215.04628
          0.384       12.469683       245.84978
          0.386       11.970121       234.55777
          0.388       11.531452       214.33891
           0.39       11.112765       189.13676
          0.392       10.774905       168.49102
          0.394       10.438801       188.55631
          0.396       10.020679       173.22668
          0.398       9.7458943       181.48469
            0.4       9.2947405       182.82105
          0.402       9.0146101       136.12641
          0.404       8.7502349       123.74232
          0.406       8.5196408       137.68259
          0.408       8.1995045       151.80481
           0.41       7.9124216       147.47554
          0.412       7.6096024       137.81706
          0.414       7.3611534       104.45002
          0.416       7.1918023        113.6274
          0.418       6.9066437       143.38142
           0.42       6.6182767       111.25603
          0.422       6.4616196       104.73094
          0.424       6.1993529       126.59411
          0.426       5.9552432       114.12467
          0.428       5.7428542       95.733315
           0.43       5.5723099       93.902864
          0.432       5.3672427        99.61967
          0.434       5.1738312       98.361645
          0.436       4.9737962       97.516777
          0.438       4.7837641       88.376771
           0.44       4.6202891       90.259111
          0.442       4.4227277       102.17249
          0.444       4.2115991       85.257049
          0.446       4.0816995       80.691926
          0.448       3.8888314       94.289587
           0.45       3.7045411       82.750287
          0.452       3.5578303       81.938822
          0.454       3.3767859       88.066162
          0.456       3.2055656       82.287692
          0.458       3.0476351       73.078105
           0.46       2.9132532       84.942274
          0.462        2.707866       79.374762
          0.464       2.5957541       69.221904
          0.466       2.4309784       81.530902
          0.468       2.2696305       81.351587
           0.47        2.105572         74.1717
          0.472       1.9729437       64.870031
          0.474       1.8460919       62.718158
          0.476       1.7220711       70.977658
          0.478       1.5621813       71.540388
           0.48       1.4359096        57.55541
          0.482       1.3319596       52.475387
          0.484        1.226008       53.443242
          0.486       1.1181867       58.260937
          0.488      0.99296425       54.736438
           0.49      0.89924091       50.119435
          0.492      0.79248651        51.80231
          0.494      0.69203167       48.956301
          0.496      0.59666131       43.243571
          0.498      0.51905738       42.676293
            0.5      0.42595614       43.213676
          0.502      0.34620268       47.098757
          0.504      0.23756111         46.5349
          0.506      0.16006308       31.191052
          0.508       0.1127969       33.040984
           0.51     0.027899145       49.527394
          0.512    -0.085312673         35.9896
          0.514     -0.11605926       18.845753
          0.516     -0.16069569       29.825638
          0.518     -0.23536181        26.93722
           0.52     -0.26844456       24.310087
          0.522     -0.33260216       33.751674
          0.524     -0.40345126        23.42481
          0.526      -0.4263014       15.494311
          0.528     -0.46542851       20.177484
           0.53     -0.50701134       28.157697
          0.532     -0.57805929        32.11781
          0.534     -0.63548258       26.489596
          0.536     -0.68401768       12.687329
          0.538     -0.68623189       10.372196
           0.54     -0.72550646       18.364895
          0.542     -0.75969147       16.525594
          0.544     -0.79160884       24.975899
          0.546     -0.85959507       18.849227
          0.548     -0.86700575       11.743773
           0.55     -0.90657016       16.916742
          0.552     -0.93467271       16.415214
          0.554     -0.97223102       11.886278
          0.556     -0.98221782        11.99908
          0.558      -1.0202273       17.097986
           0.56      -1.0506098       19.421883
          0.562      -1.0979149       18.209481
          0.564      -1.1234477          9.4636
          0.566      -1.1357693       12.939616
          0.568      -1.1752062       10.470695
           0.57       -1.177652        8.788593
          0.572      -1.2103605       9.7169143
          0.574      -1.2165197        3.675543
          0.576      -1.2250627       10.529162
          0.578      -1.2586364       12.304757
           0.58      -1.2742817       11.408107
          0.582      -1.3042688       7.1254032
          0.584      -1.3027833        6.627998
          0.586      -1.3307808        11.73128
          0.588      -1.3497085       7.2372867
           0.59      -1.3597299        1.176136
          0.592       -1.354413       2.0800523
          0.594      -1.3680501       9.4326818
          0.596      -1.3921437       2.2427157
          0.598       -1.377021       1.2347285
            0.6      -1.3970826       8.4591702
          0.602      -1.4108577      -2.2672598
          0.604      -1.3880136      -1.1443678
          0.606      -1.4062802       6.0649657
          0.608      -1.4122735      0.34228725
           0.61      -1.4076494     -0.44566075
          0.612      -1.4104908       2.7567278
          0.614      -1.4186763      -2.0617268
          0.616      -1.4022439       -5.633484
          0.618      -1.3961423      -2.7143775
           0.62      -1.3913864      -4.9640235
          0.622      -1.3762862      -3.6037723
          0.624      -1.3769713       -2.231925
          0.626      -1.3673585      -12.262199
          0.628      -1.3279225       -12.10539
           0.63       -1.318937       -2.852195
          0.632      -1.3165137      -7.5455642
          0.634      -1.2887547      -12.117348
          0.636      -1.2680443       -9.622162
          0.638      -1.2502661      -14.393586
           0.64        -1.21047      -15.593091
          0.642      -1.1878937      -9.0396065
          0.644      -1.1743116        -12.1098
          0.646      -1.1394545      -13.410935
          0.648      -1.1206678       -11.02135
           0.65      -1.0953691      -11.393093
          0.652      -1.0750955      -18.458828
          0.654      -1.0215338      -18.499415
          0.656      -1.0010978      -14.547825
          0.658     -0.96334249      -11.732948
           0.66     -0.95416601      -7.2943558
          0.662     -0.93416506      -12.422656
          0.664     -0.90447539      -15.286003
          0.666     -0.87302105       -22.21359
          0.668     -0.81562103      -18.223903
           0.67     -0.80012544      -9.5944156
          0.672     -0.77724337      -8.8709463
          0.674     -0.76464166      -16.265603
          0.676     -0.71218096      -16.641218
          0.678     -0.69807679      -11.844067
           0.68     -0.66480469      -17.520112
          0.682     -0.62799634      -16.690739
          0.684     -0.59804173      -9.0293918
          0.686     -0.59187877       -10.25464
          0.688     -0.55702317      -15.686804
           0.69     -0.52913156      -13.615081
          0.692     -0.50256285      -11.658373
          0.694     -0.48249806      -6.7736056
          0.696     -0.47546842      -12.072069
          0.698     -0.43420979      -17.015572
            0.7     -0.40740613      -14.719485
          0.702     -0.37533185      -8.8874498
          0.704     -0.37185634      -7.4347012
          0.706     -0.34559305      -15.532168
          0.708     -0.30972766      -15.961056
           0.71     -0.28174882      -11.002651
          0.712     -0.26571706      -10.807434
          0.714     -0.23851909      -8.1854684
          0.716     -0.23297518      -9.6483757
          0.718     -0.19992559      -8.4517183
           0.72     -0.19916831      -14.666925
          0.722     -0.14125789      -15.515355
          0.724     -0.13710689      -1.7914261
          0.726     -0.13409218       -9.283131
          0.728    -0.099974365       -14.22818
           0.73    -0.077179463      -10.900896
          0.732    -0.056370782      -3.0234296
          0.734    -0.065085745      0.02912994
          0.736    -0.056487301      -8.4772264
          0.738    -0.031176839      -10.929368
           0.74    -0.012769831      -9.2423874
          0.742    0.0057927106      -10.238255
          0.744      0.02818319      -3.4216891
          0.746     0.019479467     -0.88873742
          0.748      0.03173814       0.2996191
           0.75     0.018280991      -3.9393136
          0.752     0.047495394      -9.4812094
          0.754     0.056205828      -1.0251339
          0.756     0.051595929      -1.5143572
          0.758     0.062263257     -0.71294085
           0.76     0.054447693      -2.7193027
          0.762     0.073140468      -6.5690243
          0.764      0.08072379      -4.7293123
          0.766     0.092057717      0.50411841
          0.768     0.078707316       1.7420484
           0.77     0.085089523       2.3662912
          0.772     0.069242152       2.2871324
          0.774     0.075940994      -8.1577835
          0.776      0.10187329      0.10873813
          0.778     0.075506041       9.4897585
           0.78     0.063914252      0.95595739
          0.782     0.071682212      0.66145659
          0.784     0.061268425       4.2796833
          0.786     0.054563478       5.6469982
          0.788     0.038680432      0.67032239
           0.79     0.051882189      -3.7770395
          0.792      0.05378859       8.9092159
          0.794     0.016245325       7.4650223
          0.796     0.023928501        8.027419
          0.798    -0.015864351        6.190066
            0.8   -0.0008317627      -3.5732095
          0.802   -0.0015715132        1.384076
          0.804   -0.0063680669       3.8564159
          0.806    -0.016997177       6.0367426
          0.808    -0.030515037       5.9804204
           0.81    -0.040918858       3.3575223
          0.812    -0.043945126       2.1591824
          0.814    -0.049555588     -0.56913429
          0.816    -0.041668589       5.1775768
          0.818    -0.070265895       16.761505
           0.82     -0.10871461       9.7588776
          0.822     -0.10930141      -2.2000209
          0.824    -0.099914527       1.8011008
          0.826     -0.11650581      0.55924849
          0.828     -0.10215152       1.1378103
           0.83     -0.12105705         6.96096
          0.832     -0.12999536       1.3608231
          0.834     -0.12650034     -0.56036007
          0.836     -0.12775392       1.9299513
          0.838     -0.13422015       5.1311191
           0.84      -0.1482784       5.2620458
          0.842     -0.15526833       4.7720277
          0.844     -0.16736651      0.40140825
          0.846     -0.15687396      -2.6544304
          0.848     -0.15674879       1.6853404
           0.85     -0.16361533       3.0801473
          0.852     -0.16906938       1.7941614
          0.854     -0.17079197       4.0335427
          0.856     -0.18520355      -3.0397424
          0.858       -0.158633      -2.1191709
           0.86     -0.17672686       4.2020307
          0.862     -0.17544112       4.1245196
          0.864     -0.19322494       1.7738848
          0.866     -0.18253666    -0.077258275
          0.868     -0.19291591      0.95889923
           0.87     -0.18637226      -3.3495573
          0.872     -0.17951768      -3.4632923
          0.874     -0.17251909         3.97196
          0.876     -0.19540552        4.869994
          0.878     -0.19199907         1.27471
           0.88     -0.20050436      -2.9775872
          0.882     -0.18008872      -10.010328
          0.884     -0.16046305      -1.5274281
          0.886     -0.17397901        1.052296
          0.888     -0.16467223      -6.9008828
           0.89     -0.14637548        1.561504
          0.892     -0.17091825       3.3162933
          0.894     -0.15964065        1.137549
          0.896     -0.17546844      0.14391603
          0.898     -0.16021631      -6.2466906
            0.9     -0.15048168      0.20589588
          0.902      -0.1610399       3.0224251
          0.904     -0.16257138       -7.958024
          0.906      -0.1292078      -2.6468894
          0.908     -0.15198382       2.1133977
           0.91     -0.13766139      -3.9367235
          0.912     -0.13623693      0.62800703
          0.914     -0.14017342      -1.9813296
          0.916     -0.12831161      -5.2458586
          0.918     -0.11918998      -1.6625592
           0.92     -0.12166138       2.5444051
          0.922      -0.1293676       -4.737526
          0.924     -0.10271127      -5.6553515
          0.926      -0.1067462     -0.70721794
          0.928      -0.0998824    -0.002068775
           0.93     -0.10673792      0.83071074
          0.932     -0.10320524      0.32648265
          0.934     -0.10804385     -0.27371428
          0.936     -0.10211039      -1.2155319
          0.938     -0.10318173      -5.5009431
           0.94    -0.080106613      -7.5986883
          0.942    -0.072786973     -0.78834614
          0.944    -0.076953228      0.16686072
          0.946    -0.073454416      -2.0883638
          0.948    -0.068599773       -3.551393
           0.95    -0.059248844      -4.8419556
          0.952    -0.049231951      -3.7224019
          0.954    -0.044359236       2.1133254
          0.956    -0.057685253      -1.2056214
          0.958    -0.039536751      -6.4302178
           0.96    -0.031964382      -3.9961292
          0.962    -0.023552234      -3.5415273
          0.964    -0.017798272       -4.093171
          0.966     -0.00717955      -1.9609997
          0.968   -0.0099542736        1.359677
           0.97    -0.012618258      -2.0141291
          0.972   -0.0018977571      -4.5867911
          0.974    0.0057289062      -1.2490239
          0.976    0.0030983385     -0.37036128
          0.978    0.0072103514      -4.8574731
           0.98     0.022528231      -1.6376314
          0.982     0.013760877       2.6068047
          0.984     0.012101012      -4.8389457
          0.986      0.03311666       -4.406423
          0.988     0.029726704       2.8507266
           0.99     0.021713753       2.6956123
          0.992     0.018944255      -2.9014968
          0.994     0.033319741       1.6808792
          0.996     0.012220738       5.5369289
          0.998     0.011172025      -3.2380777
              1     0.025173049       -1.646486
          1.002     0.017757969     -0.71878483
          1.004     0.028048188       2.5009812
          1.006    0.0077540445       1.9148267
          1.008     0.020388881      -2.0014513
           1.01      0.01575985       3.7462768
          1.012     0.005403774       2.5782077
          1.014    0.0054470191     -0.46051791
          1.016    0.0072458457       -2.367059
          1.018     0.014915255      -0.7219878
           1.02     0.010133797       1.2603147
          1.022     0.009873996      0.59610322
          1.024     0.007749384       1.8101194
          1.026    0.0026335184       1.3328609
          1.028    0.0024179402      0.68509989
           1.03  -0.00010688115       3.3005021
          1.032    -0.010784068      0.81316312
          1.034   -0.0033595336     -0.87178738
          1.036   -0.0072969187       2.8201477
          1.038    -0.014640124       2.4884773
           1.04    -0.017250828       1.8827249
          1.042    -0.022171024      -3.1677668
          1.044   -0.0045797605       0.2574038
          1.046    -0.023200639       5.5998503
          1.048    -0.026979162       3.2171183
           1.05    -0.036069112       3.6197951
          1.052    -0.041458342      0.97702583
          1.054    -0.039977216     -0.73279116
          1.056    -0.038527178       1.0173283
          1.058    -0.044046529       2.9706169
           1.06    -0.050409645       4.3881363
          1.062    -0.061599074       4.0781317
          1.064    -0.066722172       2.8046858
          1.066    -0.072817818       2.3945997
          1.068    -0.076300571       2.5588518
           1.07    -0.083053225      0.97123556
          1.072    -0.080185513     -0.15890343
          1.074    -0.082417611     -0.15865885
          1.076    -0.079550878       4.7217901
          1.078     -0.10130477       7.6155014
           1.08     -0.11001288      0.57105085
          1.082     -0.10358897      -1.7926716
          1.084      -0.1028422        5.824723
          1.086     -0.12688787       6.4030946
          1.088     -0.12845458      0.74630933
           1.09      -0.1298731       3.7038169
          1.092     -0.14326984       1.8709806
          1.094     -0.13735703       -0.295181
          1.096     -0.14208912       3.6299431
          1.098      -0.1518768       4.3155402
            1.1     -0.15935128       2.3660296
          1.102     -0.16134092       1.2034605
          1.104     -0.16416512      -1.5993033
          1.106      -0.1549437      0.23393938
          1.108     -0.16510088       8.2753661
           1.11     -0.18804517       5.4319442
          1.112     -0.18682866        1.139071
          1.114     -0.19260145       1.0560584
          1.116     -0.19105289       2.9413003
          1.118     -0.20436665       4.2902461
           1.12     -0.20821387     -0.19499437
          1.122     -0.20358668    -0.059677675
          1.124     -0.20797516       5.4329972
          1.126     -0.22531867       2.7336987
          1.128     -0.21890996     -0.13227902
           1.13     -0.22478955       4.1696607
          1.132      -0.2355886       3.4816673
          1.134     -0.23871622       1.4799718
          1.136     -0.24150849       2.0624199
          1.138      -0.2469659      -1.0868697
           1.14     -0.23716101     -0.03732395
          1.142      -0.2468166       2.5406842
          1.144     -0.24732375       3.0753791
          1.146     -0.25911812       1.7845372
          1.148      -0.2544619       2.1849873
           1.15     -0.26785807       1.2976733
          1.152     -0.25965259       2.1585714
          1.154     -0.27649235       6.2947933
          1.156     -0.28483176       2.0231483
          1.158     -0.28458495      0.78063098
           1.16     -0.28795429      0.76849888
          1.162     -0.28765894     -0.68463438
          1.164     -0.28521575      0.82800463
          1.166     -0.29097096       2.7487264
          1.168     -0.29621065      0.89820448
           1.17     -0.29456378      -1.0355406
          1.172     -0.29206849        2.961589
          1.174     -0.30641013       1.8095349
          1.176     -0.29930663      -2.2752375
          1.178     -0.29730918       1.9569141
           1.18     -0.30713429     -0.05410945
          1.182     -0.29709275      -1.9860233
          1.184     -0.29919019       4.0637223
          1.186     -0.31334764       2.4456079
          1.188     -0.30897263      -1.0319272
           1.19     -0.30921993     -0.88378903
          1.192     -0.30543747      -2.4438304
          1.194     -0.29944461      -1.0703687
          1.196       -0.301156     -0.64694665
          1.198     -0.29685682      -1.3945612
            1.2     -0.29557775     -0.86624877
          1.202     -0.29339182       1.3926372
          1.204      -0.3011483       1.8985124
          1.206     -0.30098587      -3.0919252
          1.208      -0.2887806      -2.0479242
           1.21     -0.29279418       1.5032735
          1.212     -0.29479369        4.623677
          1.214     -0.31128888       2.0411097
          1.216     -0.30295813      -8.2803826
          1.218     -0.27816735      -3.1666673
           1.22     -0.29029146       4.0319726
          1.222     -0.29429524      -3.2581208
          1.224     -0.27725898      -5.4287464
          1.226     -0.27258026      -2.9435913
          1.228     -0.26548461       1.4284997
           1.23     -0.27829426       2.7426184
          1.232     -0.27645509      -2.5483845
          1.234     -0.26810072       -2.234441
          1.236     -0.26751732      -2.4701787
          1.238        -0.25822      0.30486625
           1.24     -0.26873679       1.1849286
          1.242     -0.26295972      -2.8968071
          1.244     -0.25714956      -3.5014499
          1.246     -0.24895392      -3.2538957
          1.248     -0.24413398      -1.0837579
           1.25     -0.24461889      -1.2840049
          1.252     -0.23899796      -4.6209463
          1.254      -0.2261351     -0.69649092
          1.256     -0.23621199       0.2623769
          1.258     -0.22718461       1.3087465
           1.26     -0.24144698      -1.9790967
          1.262     -0.21926822      -4.2973989
          1.264     -0.22425738       1.2469128
          1.266     -0.22425588      -2.8802783
          1.268     -0.21273627      -3.0581107
           1.27     -0.21202343     -0.31612635
          1.272     -0.21147177      -2.4650687
          1.274     -0.20216316      -1.6993422
          1.276      -0.2046744     -0.77081077
          1.278     -0.19907991      -1.4752243
           1.28      -0.1987735     -0.73299817
          1.282     -0.19614792       0.1821546
          1.284     -0.19950212    -0.035840825
          1.286     -0.19600456      -2.8651329
          1.288     -0.18804159      -2.1758876
           1.29     -0.18730101      -1.3496159
          1.292     -0.18264312       -2.303363
          1.294     -0.17808756       -2.009826
          1.296     -0.17460382      0.85870375
          1.298     -0.18152237     -0.32867157
            1.3     -0.17328913      -4.4988554
          1.302     -0.16352695      -3.7228175
          1.304     -0.15839786      0.95910617
          1.306     -0.16736337       3.2623317
          1.308     -0.17144719        1.033398
           1.31     -0.17149697      -2.5801573
          1.312     -0.16112656      -5.8978577
          1.314     -0.14790554      -5.3650411
          1.316      -0.1396664       1.0095003
          1.318     -0.15194354       4.9788375
           1.32     -0.15958175    -0.023187125
          1.322     -0.15185079      -3.6337393
          1.324     -0.14504679      -2.7156988
          1.326     -0.14098799      -0.7882671
          1.328     -0.14189372       1.8276374
           1.33     -0.14829854     0.071696675
          1.332     -0.14218051      -1.7266355
          1.334       -0.141392       1.5229191
          1.336     -0.14827218     -0.19454608
          1.338     -0.14061382      -2.1172115
           1.34     -0.13980334      -1.6244793
          1.342      -0.1341159      -1.1788066
          1.344     -0.13508811     -0.68759877
          1.346      -0.1313655      -2.3981204
          1.348     -0.12549563      -2.9161556
           1.35     -0.11970088       1.6651551
          1.352     -0.13215625       5.6970138
          1.354     -0.14248894       -1.421945
          1.356     -0.12646847      -4.1691441
          1.358     -0.12581236      0.56609785
           1.36     -0.12873286       2.8179192
          1.362     -0.13708404       0.3629037
          1.364     -0.13018448      -2.6707368
          1.366     -0.12640109     -0.64289513
          1.368     -0.12761289      -1.5778806
           1.37     -0.12008957       0.4330297
          1.372     -0.12934501       2.6961802
          1.374     -0.13087429      -1.6893668
          1.376     -0.12258755     -0.45439555
          1.378     -0.12905671       1.8232083
           1.38     -0.12988038    -0.023973625
          1.382     -0.12896081      -2.7889953
          1.384      -0.1187244      -3.9273037
          1.386      -0.1132516       1.5199741
          1.388      -0.1248043       3.7667386
           1.39     -0.12831855      0.75861345
          1.392     -0.12783875      -1.3682174
          1.394     -0.12284568     -0.34874627
          1.396     -0.12644376      -1.9600083
          1.398     -0.11500565      -2.6432396
            1.4     -0.11587081       1.5530214
          1.402     -0.12121773       0.0260391
          1.404     -0.11597496      -1.6299163
          1.406     -0.11469807      0.60520562
          1.408     -0.11839578        1.381091
           1.41     -0.12022243      -0.9180197
          1.412     -0.11472371      -1.5457047
          1.414     -0.11403961      0.42895855
          1.416     -0.11643954      0.48200647
          1.418     -0.11596764       2.1198194
           1.42     -0.12491882       1.1053655
          1.422      -0.1203891       -1.162401
          1.424     -0.12026921     -0.79568167
          1.426     -0.11720638      -2.0435001
          1.428     -0.11209521      -1.4938701
           1.43      -0.1112309      0.92673397
          1.432     -0.11580215       1.2575492
          1.434     -0.11626109      -1.7729132
          1.436      -0.1087105       -2.463999
          1.438      -0.1064051       0.9606848
           1.44     -0.11255324     -0.43517143
          1.442     -0.10466441      -2.3418617
          1.444     -0.10318579      -0.1914967
          1.446     -0.10389842     -0.33916683
          1.448     -0.10182912      -4.5482963
           1.45    -0.085705238      -2.5319615
          1.452    -0.091701275       3.6277352
          1.454     -0.10021618     -0.89240433
          1.456    -0.088131658      -2.5244492
          1.458    -0.090118382      0.43317717
           1.46    -0.089864366    -0.014749633
          1.462    -0.090059384        1.082648
          1.464    -0.094194958      0.80674502
          1.466    -0.093286364       1.9172419
          1.468     -0.10186393      -2.0491517
           1.47    -0.085089757      -3.0892882
          1.472    -0.089506773     -0.99787975
          1.474    -0.081098238      -1.9299668
          1.476    -0.081786906      0.90975293
          1.478     -0.08473725     -0.29562378
           1.48    -0.080604411     -0.46636515
          1.482    -0.082871789      -1.3391948
          1.484    -0.075247632      0.71973084
          1.486    -0.085750712       2.5981768
          1.488    -0.085640339      -0.5814507
           1.49     -0.08342491      -2.8287434
          1.492    -0.074325365     -0.01539448
          1.494    -0.083363332      0.67296563
          1.496    -0.077017228      -5.0918566
          1.498    -0.062995906        0.112376
            1.5    -0.077466732       3.8485006
          1.502    -0.078389908     -0.94707954
          1.504    -0.073678414      0.83663657
          1.506    -0.081736454       1.7207352
          1.508    -0.080561354      -1.5571909
           1.51    -0.075507691      -2.6691932
          1.512    -0.069884581      0.72130262
          1.514    -0.078392901       1.5007085
          1.516    -0.075887415     -0.90196557
          1.518    -0.074785039      0.40376104
           1.52     -0.07750246     -0.26639592
          1.522    -0.073719455      -2.1508833
          1.524    -0.068898926       1.7266877
          1.526    -0.080626206       1.3026427
          1.528    -0.074109497      -1.2674391
           1.53    -0.075556449     -0.16584335
          1.532    -0.073446124      -1.2826372
          1.534    -0.070425901      0.52591822
          1.536    -0.075549797        1.492646
          1.538    -0.076396485      0.26165924
           1.54    -0.076596434       0.0162247
          1.542    -0.076461383       1.4086179
          1.544    -0.082230905       2.0375171
          1.546    -0.084611452      -1.2210671
          1.548    -0.077346637     -0.37895485
           1.55    -0.083095633       3.3608846
          1.552    -0.090790175     -0.30071781
          1.554    -0.081892761     -0.53379346
          1.556    -0.088655001       1.7125991
          1.558    -0.088743158      -1.1934036
           1.56    -0.083881387      -1.7626859
          1.562    -0.081692414     -0.72440579
          1.564    -0.080983764     -0.99090223
          1.566    -0.077728805     -0.74836835
          1.568     -0.07799029     -0.26268728
           1.57    -0.076678056      0.58508309
          1.572    -0.080330623     -0.52346249
          1.574    -0.074584206      0.57661393
          1.576    -0.082637079      0.76554793
          1.578    -0.077646398     -0.74014327
           1.58    -0.079676506       2.2303181
          1.582     -0.08656767       1.6857166
          1.584    -0.086419372     -0.52435047
          1.586    -0.084470268         1.02439
          1.588    -0.090516932       2.3324522
           1.59    -0.093800077      -3.5467833
          1.592    -0.076329798      -3.1000042
          1.594     -0.08140006       3.0322096
          1.596    -0.088458637        3.236486
          1.598    -0.094346005       2.0890792
            1.6    -0.096814954       -2.797762
          1.602    -0.083154957      -3.8884063
          1.604    -0.081261329       1.2972416
          1.606    -0.088343923       2.4910359
          1.608    -0.091225472     -0.39737202
           1.61    -0.086754435     -0.49914171
          1.612    -0.089228905       0.6341074
          1.614    -0.089290865       2.5741089
          1.616    -0.099525341      0.39420413
          1.618    -0.090867681      -2.4094828
           1.62     -0.08988741     -0.38402799
          1.622    -0.089331569     -0.99027125
          1.624    -0.085926325      -1.5697386
          1.626    -0.083052615        1.768878
          1.628    -0.093001837      -1.1679642
           1.63    -0.078380758      -2.2469887
          1.632    -0.084013882       3.5313801
          1.634    -0.092506278    -0.066519425
          1.636    -0.083747804      -2.1316329
          1.638    -0.083979747       2.3219741
           1.64    -0.093035701       2.2205694
          1.642    -0.092862025      0.54479943
          1.644    -0.095214898       -1.277949
          1.646    -0.087750229     -0.31077492
          1.648    -0.093971799       1.3464247
           1.65    -0.093135928     -0.26973289
          1.652    -0.092892867    -0.054955888
          1.654    -0.092916104      0.20168099
          1.656    -0.093699591       -1.017441
          1.658     -0.08884634      0.78223768
           1.66    -0.096828542        2.545938
          1.662    -0.099030092       1.0845312
          1.664     -0.10116667       -2.546582
          1.666    -0.088843764      0.53371903
          1.668     -0.10330154       1.5511583
           1.67    -0.095048397      -2.7601582
          1.672     -0.09226091      -2.5834398
          1.674    -0.084714638      0.21271308
          1.676    -0.093111762       1.1597771
          1.678    -0.089353746       0.1098808
           1.68    -0.093551286      0.75966837
          1.682     -0.09239242      -1.2577822
          1.684    -0.088520157     -0.32981122
          1.686    -0.091073175     -0.87580899
          1.688    -0.085016921     -0.12921278
           1.69    -0.090556324       2.6630931
          1.692    -0.095669293      0.99392398
          1.694     -0.09453202     -0.37464493
          1.696    -0.094170713      -1.9923797
          1.698    -0.086562501      -1.6212193
            1.7    -0.087685836       2.1082103
          1.702    -0.094995342       0.6581332
          1.704    -0.090318369       -3.063541
          1.706    -0.082741178      -1.6024221
          1.708     -0.08390868       1.0600122
           1.71    -0.086981227      0.79640765
          1.712    -0.087094311      0.38775035
          1.714    -0.088532229      -1.7537932
          1.716    -0.080079138    -0.065036265
          1.718    -0.088272084    -0.025707062
           1.72     -0.07997631      -2.6021842
          1.722    -0.077863347       1.6866225
          1.724      -0.0867228       1.6853685
          1.726    -0.084604821      0.83752086
          1.728    -0.090072883       1.5955025
           1.73    -0.090986831     -0.80802592
          1.732    -0.086840779      -2.6839911
          1.734    -0.080250867       -2.154208
          1.736    -0.078223947      0.29294377
          1.738    -0.081422642      0.72720858
           1.74    -0.081132781      0.95716907
          1.742    -0.085251318      -1.1293485
          1.744    -0.076615388      -2.6150414
          1.746    -0.074791152      0.17999641
          1.748    -0.077335373     -0.69219733
           1.75    -0.072022363     -0.20723709
          1.752    -0.076506425       2.5655956
          1.754    -0.082284746        -1.52001
          1.756    -0.070426385      -2.7658574
          1.758    -0.071221316       2.2290117
           1.76    -0.079342432     -0.00587261
          1.762    -0.071197826      0.15495197
          1.764     -0.07996224      0.22691775
          1.766    -0.072105497      -3.4960972
          1.768    -0.065977851      -2.4159349
           1.77    -0.062441757       -0.575151
          1.772    -0.063677247      0.38265859
          1.774    -0.063972391      -1.5522919
          1.776     -0.05746808      -1.0219492
          1.778    -0.059884595     -0.26188032
           1.78    -0.056420558      0.60226197
          1.782    -0.062293642     -0.21663174
          1.784    -0.055554031       -2.643669
          1.786    -0.051718966       1.2432575
          1.788    -0.060527062     -0.13915104
           1.79    -0.051162362      -1.9232251
          1.792    -0.052834161     -0.17593458
          1.794    -0.050458624      -1.5055874
          1.796    -0.046811812      -1.8006612
          1.798    -0.043255979      -2.2257204
            1.8     -0.03790893      0.76352762
          1.802    -0.046310089       2.4018135
          1.804    -0.047516184      -1.1805317
          1.806    -0.041587963      -1.7922602
          1.808    -0.040347143      -1.1448018
           1.81    -0.037008755     -0.29160031
          1.812    -0.039180742     -0.33463207
          1.814    -0.035670227      -1.9018951
          1.816    -0.031573161     -0.42390814
          1.818    -0.033974594       0.5654941
           1.82    -0.033835138        0.794482
          1.822    -0.037152523     -0.29515888
          1.824    -0.032654502     -0.32333625
          1.826    -0.035859178      -0.2252931
          1.828     -0.03175333      -1.2078821
           1.83    -0.031027649      -1.3497364
          1.832    -0.026354384      -0.3004701
          1.834    -0.029825769     -0.85025373
          1.836    -0.022953369      -1.7571193
          1.838    -0.022797291        2.334758
           1.84    -0.032292401     -0.46154077
          1.842    -0.020951128     -0.75207166
          1.844    -0.029284114      -1.0193273
          1.846    -0.016873819      -2.3588138
          1.848    -0.019848859      -0.0637018
           1.85    -0.016619012       1.3673169
          1.852    -0.025318127       1.8179427
          1.854    -0.023890783       -1.460244
          1.856    -0.019477151     -0.44784415
          1.858    -0.022099406     -0.54644729
           1.86    -0.017291362      -1.8440295
          1.862    -0.014723288      0.49940319
          1.864    -0.019288975      0.06755002
          1.866    -0.014993488     -0.70130816
          1.868    -0.016483742     -0.79840873
           1.87    -0.011799854      -1.0345975
          1.872    -0.012345352     -0.55214058
          1.874   -0.0095912912       0.1037966
          1.876    -0.012760538      0.55315881
          1.878    -0.011803926     0.031438692
           1.88    -0.012886293      0.81562561
          1.882    -0.015066429    -0.054121202
          1.884    -0.012669808     -0.07227013
          1.886    -0.014777348     -0.25598007
          1.888    -0.011645888     -0.15408526
           1.89    -0.014161007      0.47916016
          1.892    -0.013562529      0.51689802
          1.894    -0.016228599     -0.65460144
          1.896    -0.010944123      -2.0181877
          1.898   -0.0081558485      0.31792225
            1.9    -0.012215812      0.95472857
          1.902    -0.011974763      -1.4690525
          1.904   -0.0063396017     -0.70783851
          1.906   -0.0091434088      -0.2759091
          1.908   -0.0052359653      0.34686824
           1.91    -0.010530882     -0.84769524
          1.912   -0.0018451843     0.034209555
          1.914     -0.01066772       1.9844049
          1.916   -0.0097828041      -1.7257847
          1.918   -0.0037645812      -1.8533949
           1.92   -0.0023692246      0.44156406
          1.922   -0.0055308375        -1.01878
          1.924    0.0017058953      -1.3942063
          1.926   4.5987886e-05       2.5622614
          1.928   -0.0085431503       1.0474112
           1.93   -0.0041436569     -0.88824911
          1.932   -0.0049901538     -0.80712742
          1.934  -0.00091514718      0.23561836
          1.936   -0.0059326272        1.494108
          1.938    -0.006891579      0.47662184
           1.94   -0.0078391146      -1.4059615
          1.942    -0.001267733      -1.0895833
          1.944   -0.0034807816       1.4966695
          1.946   -0.0072544109     -0.44663177
          1.948   -0.0016942545      -2.1435606
           1.95    0.0013198316     0.085862847
          1.952   -0.0020377059       1.9317716
          1.954   -0.0064072546     -0.14212804
          1.956   -0.0014691937      -2.3322639
          1.958     0.002921801      0.71021095
           1.96   -0.0043100375      0.63876998
          1.962   0.00036672104      -1.2888135
          1.964   0.00084521632      -1.4745342
          1.966    0.0062648577       1.6801437
          1.968   -0.0058753583       1.6888722
           1.97  -0.00049063123       -1.222467
          1.972  -0.00098549041      0.31830551
          1.974   -0.0017638533      -1.5466221
          1.976    0.0052009982       -0.565775
          1.978    0.0004992467       3.0726984
           1.98   -0.0070897952       2.5617009
          1.982   -0.0097475571      -1.5382961
          1.984  -0.00093661087      -1.6094878
          1.986   -0.0033096058     -0.70354572
          1.988     0.001877572       -1.153816
           1.99    0.0013056581    -0.014514554
          1.992    0.0019356302      0.34479002
          1.994  -7.3501954e-05      0.78228036
          1.996   -0.0011934912    -0.080329765
          1.998   0.00024781711      -0.2983728
              2               0     0.061954277
          2.002               0               0
          2.004               0               0
          2.006               0               0
          2.008               0               0
           2.01               0               0
          2.012               0               0
          2.014               0               0
          2.016               0               0
          2.018               0               0
           2.02               0               0
          2.022               0               0
          2.024               0               0
          2.026               0               0
          2.028               0               0
           2.03               0               0
          2.032               0               0
          2.034               0               0
          2.036               0               0
          2.038               0               0
           2.04               0               0
          2.042               0               0
          2.044               0               0
          2.046               0               0
          2.048               0               0
           2.05               0               0
          2.052               0               0
          2.054               0               0
          2.056               0               0
          2.058               0               0
           2.06               0               0
          2.062               0               0
          2.064               0               0
          2.066               0               0
          2.068               0               0
           2.07               0               0
          2.072               0               0
          2.074               0               0
          2.076               0               0
          2.078               0               0
           2.08               0               0
          2.082               0               0
          2.084               0               0
          2.086               0               0
          2.088               0               0
           2.09               0               0
          2.092               0               0
          2.094               0               0
          2.096               0               0
          2.098               0               0
            2.1               0               0
          2.102               0               0
          2.104               0               0
          2.106               0               0
          2.108               0               0
           2.11               0               0
          2.112               0               0
          2.114               0               0
          2.116               0               0
          2.118               0               0
           2.12               0               0
          2.122               0               0
          2.124               0               0
          2.126               0               0
          2.128               0               0
           2.13               0               0
          2.132               0               0
          2.134               0               0
          2.136               0               0
          2.138               0               0
           2.14               0               0
          2.142               0               0
          2.144               0               0
          2.146               0               0
          2.148               0               0
           2.15               0               0
          2.152               0               0
          2.154               0               0
          2.156               0               0
          2.158               0               0
           2.16               0               0
          2.162               0               0
          2.164               0               0
          2.166               0               0
          2.168               0               0
           2.17               0               0
          2.172               0               0
          2.174               0               0
          2.176               0               0
          2.178               0               0
           2.18               0               0
          2.182               0               0
          2.184               0               0
          2.186               0               0
          2.188               0               0
           2.19               0               0
          2.192               0               0
          2.194               0               0
          2.196               0               0
          2.198               0               0
            2.2               0               0
          2.202               0               0
          2.204               0               0
          2.206               0               0
          2.208               0               0
           2.21               0               0
          2.212               0               0
          2.214               0               0
          2.216               0               0
          2.218               0               0
           2.22               0               0
          2.222               0               0
          2.224               0               0
          2.226               0               0
          2.228               0               0
           2.23               0               0
          2.232               0               0
          2.234               0               0
          2.236               0               0
          2.238               0               0
           2.24               0               0
          2.242               0               0
          2.244               0               0
          2.246               0               0
          2.248               0               0
           2.25               0               0
          2.252               0               0
          2.254               0               0
          2.256               0               0
          2.258               0               0
           2.26               0               0
          2.262               0               0
          2.264               0               0
          2.266               0               0
          2.268               0               0
           2.27               0               0
          2.272               0               0
          2.274               0               0
          2.276               0               0
          2.278               0               0
           2.28               0               0
          2.282               0               0
          2.284               0               0
          2.286               0               0
          2.288               0               0
           2.29               0               0
          2.292               0               0
          2.294               0               0
          2.296               0               0
          2.298               0               0
            2.3               0               0
          2.302               0               0
          2.304               0               0
          2.306               0               0
          2.308               0               0
           2.31               0               0
          2.312               0               0
          2.314               0               0
          2.316               0               0
          2.318               0               0
           2.32               0               0
          2.322               0               0
          2.324               0               0
          2.326               0               0
          2.328               0               0
           2.33               0               0
          2.332               0               0
          2.334               0               0
          2.336               0               0
          2.338               0               0
           2.34               0               0
          2.342               0               0
          2.344               0               0
          2.346               0               0
          2.348               0               0
           2.35               0               0
          2.352               0               0
          2.354               0               0
          2.356               0               0
          2.358               0               0
           2.36               0               0
          2.362               0               0
          2.364               0               0
          2.366               0               0
          2.368               0               0
           2.37               0               0
          2.372               0               0
          2.374               0               0
          2.376               0               0
          2.378               0               0
           2.38               0               0
          2.382               0               0
          2.384               0               0
          2.386               0               0
          2.388               0               0
           2.39               0               0
          2.392               0               0
          2.394               0               0
          2.396               0               0
          2.398               0               0
            2.4               0               0
          2.402               0               0
          2.404               0               0
          2.406               0               0
          2.408               0               0
           2.41               0               0
          2.412               0               0
          2.414               0               0
          2.416               0               0
          2.418               0               0
           2.42               0               0
          2.422               0               0
          2.424               0               0
          2.426               0               0
          2.428               0               0
           2.43               0               0
          2.432               0               0
          2.434               0               0
          2.436               0               0
          2.438               0               0
           2.44               0               0
          2.442               0               0
          2.444               0               0
          2.446               0               0
          2.448               0               0
           2.45               0               0
          2.452               0               0
          2.454               0               0
          2.456               0               0
          2.458               0               0
           2.46               0               0
          2.462               0               0
          2.464               0               0
          2.466               0               0
          2.468               0               0
           2.47               0               0
          2.472               0               0
          2.474               0               0
          2.476               0               0
          2.478               0               0
           2.48               0               0
          2.482               0               0
          2.484               0               0
          2.486               0               0
          2.488               0               0
           2.49               0               0
          2.492               0               0
          2.494               0               0
          2.496               0               0
          2.498               0               0
            2.5               0               0
          2.502               0               0
          2.504               0               0
          2.506               0               0
          2.508               0               0
           2.51               0               0
          2.512               0               0
          2.514               0               0
          2.516               0               0
          2.518               0               0
           2.52               0               0
          2.522               0               0
          2.524               0               0
          2.526               0               0
          2.528               0               0
           2.53               0               0
          2.532               0               0
          2.534               0               0
          2.536               0               0
          2.538               0               0
           2.54               0               0
          2.542               0               0
          2.544               0               0
          2.546               0               0
          2.548               0               0
           2.55               0               0
          2.552               0               0
          2.554               0               0
          2.556               0               0
          2.558               0               0
           2.56               0               0
          2.562               0               0
          2.564               0               0
          2.566               0               0
          2.568               0               0
           2.57               0               0
          2.572               0               0
          2.574               0               0
          2.576               0               0
          2.578               0               0
           2.58               0               0
          2.582               0               0
          2.584               0               0
          2.586               0               0
          2.588               0               0
           2.59               0               0
          2.592               0               0
          2.594               0               0
          2.596               0               0
          2.598               0               0
            2.6               0               0
          2.602               0               0
          2.604               0               0
          2.606               0               0
          2.608               0               0
           2.61               0               0
          2.612               0               0
          2.614               0               0
          2.616               0               0
          2.618               0               0
           2.62               0               0
          2.622               0               0
          2.624               0               0
          2.626               0               0
          2.628               0               0
           2.63               0               0
          2.632               0               0
          2.634               0               0
          2.636               0               0
          2.638               0               0
           2.64               0               0
          2.642               0               0
          2.644               0               0
          2.646               0               0
          2.648               0               0
           2.65               0               0
          2.652               0               0
          2.654               0               0
          2.656               0               0
          2.658               0               0
           2.66               0               0
          2.662               0               0
          2.664               0               0
          2.666               0               0
          2.668               0               0
           2.67               0               0
          2.672               0               0
          2.674               0               0
          2.676               0               0
          2.678               0               0
           2.68               0               0
          2.682               0               0
          2.684               0               0
          2.686               0               0
          2.688               0               0
           2.69               0               0
          2.692               0               0
          2.694               0               0
          2.696               0               0
          2.698               0               0
            2.7               0               0
          2.702               0               0
          2.704               0               0
          2.706               0               0
          2.708               0               0
           2.71               0               0
          2.712               0               0
          2.714               0               0
          2.716               0               0
          2.718               0               0
           2.72               0               0
          2.722               0               0
          2.724               0               0
          2.726               0               0
          2.728               0               0
           2.73               0               0
          2.732               0               0
          2.734               0               0
          2.736               0               0
          2.738               0               0
           2.74               0               0
          2.742               0               0
          2.744               0               0
          2.746               0               0
          2.748               0               0
           2.75               0               0
          2.752               0               0
          2.754               0               0
          2.756               0               0
          2.758               0               0
           2.76               0               0
          2.762               0               0
          2.764               0               0
          2.766               0               0
          2.768               0               0
           2.77               0               0
          2.772               0               0
          2.774               0               0
          2.776               0               0
          2.778               0               0
           2.78               0               0
          2.782               0               0
          2.784               0               0
          2.786               0               0
          2.788               0               0
           2.79               0               0
          2.792               0               0
          2.794               0               0
          2.796               0               0
          2.798               0               0
            2.8               0               0
          2.802               0               0
          2.804               0               0
          2.806               0               0
          2.808               0               0
           2.81               0               0
          2.812               0               0
          2.814               0               0
          2.816               0               0
          2.818               0               0
           2.82               0               0
          2.822               0               0
          2.824               0               0
          2.826               0               0
          2.828               0               0
           2.83               0               0
          2.832               0               0
          2.834               0               0
          2.836               0               0
          2.838               0               0
           2.84               0               0
          2.842               0               0
          2.844               0               0
          2.846               0               0
          2.848               0               0
           2.85               0               0
          2.852               0               0
          2.854               0               0
          2.856               0               0
          2.858               0               0
           2.86               0               0
          2.862               0               0
          2.864               0               0
          2.866               0               0
          2.868               0               0
           2.87               0               0
          2.872               0               0
          2.874               0               0
          2.876               0               0
          2.878               0               0
           2.88               0               0
          2.882               0               0
          2.884               0               0
          2.886               0               0
          2.888               0               0
           2.89               0               0
          2.892               0               0
          2.894               0               0
          2.896               0               0
          2.898               0               0
            2.9               0               0
          2.902               0               0
          2.904               0               0
          2.906               0               0
          2.908               0               0
           2.91               0               0
          2.912               0               0
          2.914               0               0
          2.916               0               0
          2.918               0               0
           2.92               0               0
          2.922               0               0
          2.924               0               0
          2.926               0               0
          2.928               0               0
           2.93               0               0
          2.932               0               0
          2.934               0               0
          2.936               0               0
          2.938               0               0
           2.94               0               0
          2.942               0               0
          2.944               0               0
          2.946               0               0
          2.948               0               0
           2.95               0               0
          2.952               0               0
          2.954               0               0
          2.956               0               0
          2.958               0               0
           2.96               0               0
          2.962               0               0
          2.964               0               0
          2.966               0               0
          2.968               0               0
           2.97               0               0
          2.972               0               0
          2.974               0               0
          2.976               0               0
          2.978               0               0
           2.98               0               0
          2.982               0               0
          2.984               0               0
          2.986               0               0
          2.988               0               0
           2.99               0               0
          2.992               0               0
          2.994               0               0
          2.996               0               0
          2.998               0               0
              3               0               0
          3.002               0               0
          3.004               0               0
          3.006               0               0
          3.008               0               0
           3.01               0               0
          3.012               0               0
          3.014               0               0
          3.016               0               0
          3.018               0               0
           3.02               0               0
          3.022               0               0
          3.024               0               0
          3.026               0               0
          3.028               0               0
           3.03               0               0
          3.032               0               0
          3.034               0               0
          3.036               0               0
          3.038               0               0
           3.04               0               0
          3.042               0               0
          3.044               0               0
          3.046               0               0
          3.048               0               0
           3.05               0               0
          3.052               0               0
          3.054               0               0
          3.056               0               0
          3.058               0               0
           3.06               0               0
          3.062               0               0
          3.064               0               0
          3.066               0               0
          3.068               0               0
           3.07               0               0
          3.072               0               0
          3.074               0               0
          3.076               0               0
          3.078               0               0
           3.08               0               0
          3.082               0               0
          3.084               0               0
          3.086               0               0
          3.088               0               0
           3.09               0               0
          3.092               0               0
          3.094               0               0
          3.096               0               0
          3.098               0               0
            3.1               0               0
          3.102               0               0
          3.104               0               0
          3.106               0               0
          3.108               0               0
           3.11               0               0
          3.112               0               0
          3.114               0               0
          3.116               0               0
          3.118               0               0
           3.12               0               0
          3.122               0               0
          3.124               0               0
          3.126               0               0
          3.128               0               0
           3.13               0               0
          3.132               0               0
          3.134               0               0
          3.136               0               0
          3.138               0               0
           3.14               0               0
          3.142               0               0
          3.144               0               0
          3.146               0               0
          3.148               0               0
           3.15               0               0
          3.152               0               0
          3.154               0               0
          3.156               0               0
          3.158               0               0
           3.16               0               0
          3.162               0               0
          3.164               0               0
          3.166               0               0
          3.168               0               0
           3.17               0               0
          3.172               0               0
          3.174               0               0
          3.176               0               0
          3.178               0               0
           3.18               0               0
          3.182               0               0
          3.184               0               0
          3.186               0               0
          3.188               0               0
           3.19               0               0
          3.192               0               0
          3.194               0               0
          3.196               0               0
          3.198               0               0
            3.2               0               0
          3.202               0               0
          3.204               0               0
          3.206               0               0
          3.208               0               0
           3.21               0               0
          3.212               0               0
          3.214               0               0
          3.216               0               0
          3.218               0               0
           3.22               0               0
          3.222               0               0
          3.224               0               0
          3.226               0               0
          3.228               0               0
           3.23               0               0
          3.232               0               0
          3.234               0               0
          3.236               0               0
          3.238               0               0
           3.24               0               0
          3.242               0               0
          3.244               0               0
          3.246               0               0
          3.248               0               0
           3.25               0               0
          3.252               0               0
          3.254               0               0
          3.256               0               0
          3.258               0               0
           3.26               0               0
          3.262               0               0
          3.264               0               0
          3.266               0               0
          3.268               0               0
           3.27               0               0
          3.272               0               0
          3.274               0               0
          3.276               0               0
          3.278               0               0
           3.28               0               0
          3.282               0               0
          3.284               0               0
          3.286               0               0
          3.288               0               0
           3.29               0               0
          3.292               0               0
          3.294               0               0
          3.296               0               0
          3.298               0               0
            3.3               0               0
          3.302               0               0
          3.304               0               0
          3.306               0               0
          3.308               0               0
           3.31               0               0
          3.312               0               0
          3.314               0               0
          3.316               0               0
          3.318               0               0
           3.32               0               0
          3.322               0               0
          3.324               0               0
          3.326               0               0
          3.328               0               0
           3.33               0               0
          3.332               0               0
          3.334               0               0
          3.336               0               0
          3.338               0               0
           3.34               0               0
          3.342               0               0
          3.344               0               0
          3.346               0               0
          3.348               0               0
           3.35               0               0
          3.352               0               0
          3.354               0               0
          3.356               0               0
          3.358               0               0
           3.36               0               0
          3.362               0               0
          3.364               0               0
          3.366               0               0
          3.368               0               0
           3.37               0               0
          3.372               0               0
          3.374               0               0
          3.376               0               0
          3.378               0               0
           3.38               0               0
          3.382               0               0
          3.384               0               0
          3.386               0               0
          3.388               0               0
           3.39               0               0
          3.392               0               0
          3.394               0               0
          3.396               0               0
          3.398               0               0
            3.4               0               0
          3.402               0               0
          3.404               0               0
          3.406               0               0
          3.408               0               0
           3.41               0               0
          3.412               0               0
          3.414               0               0
          3.416               0               0
          3.418               0               0
           3.42               0               0
          3.422               0               0
          3.424               0               0
          3.426               0               0
          3.428               0               0
           3.43               0               0
          3.432               0               0
          3.434               0               0
          3.436               0               0
          3.438               0               0
           3.44               0               0
          3.442               0               0
          3.444               0               0
          3.446               0               0
          3.448               0               0
           3.45               0               0
          3.452               0               0
          3.454               0               0
          3.456               0               0
          3.458               0               0
           3.46               0               0
          3.462               0               0
          3.464               0               0
          3.466               0               0
          3.468               0               0
           3.47               0               0
          3.472               0               0
          3.474               0               0
          3.476               0               0
          3.478               0               0
           3.48               0               0
          3.482               0               0
          3.484               0               0
          3.486               0               0
          3.488               0               0
           3.49               0               0
          3.492               0               0
          3.494               0               0
          3.496               0               0
          3.498               0               0
            3.5               0               0
