          0.002        720318.1        20691676
          0.004       680122.54        19537028
          0.006       642169.99        18446813
          0.008       606335.29        17417434
           0.01       572500.25        16445497
          0.012        540553.3        15527797
          0.014       510389.06        14661307
          0.016       481908.07        13843169
          0.018       455016.39        13070685
           0.02       429625.33        12341308
          0.022       405651.15        11652632
          0.024        383014.8        11002386
          0.026       361641.61        10388425
          0.028        341461.1       9808724.9
           0.03       322406.71       9261373.3
          0.032        304415.6       8744565.4
          0.034       287428.45       8256596.6
          0.036       271389.22       7795857.7
          0.038       256245.02       7360829.2
           0.04        241945.9       6950076.4
          0.042       228444.71       6562244.7
          0.044       215696.92       6196054.9
          0.046       203660.49       5850299.4
          0.048       192295.72         5523838
           0.05       181565.14       5215593.9
          0.052       171433.35       4924550.6
          0.054       161866.94       4649748.3
          0.056       152834.36       4390280.7
          0.058       144305.81       4145291.9
           0.06       136253.19       3913974.2
          0.062       128649.92       3695564.6
          0.064       121470.93       3489342.8
          0.066       114692.55       3294628.7
          0.068       108292.41       3110780.1
           0.07       102249.43       2937190.7
          0.072       96543.651       2773288.1
          0.074       91156.274       2618531.6
          0.076       86069.525         2472411
          0.078        81266.63       2334444.2
           0.08       76731.748       2204176.4
          0.082       72449.924       2081177.8
          0.084       68407.037       1965042.8
          0.086       64589.753       1855388.5
          0.088       60985.483       1751853.1
           0.09       57582.341       1654095.3
          0.092       54369.102       1561792.6
          0.094        51335.17       1474640.7
          0.096       48470.539         1392352
          0.098       45765.762       1314655.2
            0.1       43211.918       1241294.2
          0.102       40800.585       1172026.8
          0.104       38523.811       1106624.8
          0.106       36374.086       1044872.3
          0.108       34344.322       986565.83
           0.11       32427.823       931512.97
          0.112        30618.27        879532.2
          0.114       28909.694       830452.09
          0.116       27296.461       784110.77
          0.118       25773.251       740355.42
           0.12        24335.04       699041.72
          0.122       22977.084       660033.43
          0.124       21694.906       623201.91
          0.126       20484.276       588425.67
          0.128       19341.203       555590.04
           0.13       18261.916       524586.71
          0.132       17242.856       495313.45
          0.134       16280.663       467673.72
          0.136       15372.162       441576.34
          0.138       14514.357       416935.27
           0.14        13704.42       393669.23
          0.142        12939.68        371701.5
          0.144       12217.614       350959.62
          0.146       11535.842       331375.19
          0.148       10892.114       312883.62
           0.15       10284.307       295423.93
          0.152        9710.418       278938.53
          0.154       9168.5531       263373.05
          0.156       8656.9257       248676.18
          0.158       8173.8484       234799.42
           0.16       7717.7281       221697.02
          0.162       7287.0604       209325.77
          0.164        6880.425       197644.86
          0.166       6496.4809       186615.78
          0.168       6133.9619       176202.15
           0.17       5791.6723       166369.63
          0.172       5468.4834       157085.78
          0.174       5163.3292          148320
          0.176       4875.2034       140043.37
          0.178       4603.1557        132228.6
           0.18        4346.289       124849.91
          0.182        4103.756       117882.97
          0.184       3874.7571        111304.8
          0.186       3658.5368       105093.72
          0.188       3454.3822       99229.222
           0.19       3261.6199       93691.981
          0.192       3079.6143       88463.733
          0.194        2907.765       83527.234
          0.196       2745.5054       78866.204
          0.198       2592.3002       74465.271
            0.2       2447.6443       70309.921
          0.202       2311.0605       66386.451
          0.204       2182.0985        62681.92
          0.206       2060.3328       59184.111
          0.208        1945.362       55881.488
           0.21       1836.8069       52763.161
          0.212       1734.3094       49818.843
          0.214       1637.5315       47038.826
          0.216       1546.1541       44413.941
          0.218       1459.8757       41935.532
           0.22       1378.4119       39595.423
          0.222        1301.494       37385.899
          0.224       1228.8684       35299.672
          0.226       1160.2954       33329.861
          0.228       1095.5489       31469.971
           0.23       1034.4155       29713.867
          0.232       976.69344       28055.759
          0.234       922.19244       26490.177
          0.236       870.73273       25011.958
          0.238        822.1446       23616.228
           0.24       776.26782       22298.383
          0.242       732.95107       21054.077
          0.244       692.05151       19879.207
          0.246       653.43425       18769.897
          0.248       616.97192       17722.489
           0.25       582.54429        16733.53
          0.252        550.0378       15799.757
          0.254       519.34526        14918.09
          0.256       490.36544       14085.623
          0.258       463.00277        13299.61
           0.26         437.167       12557.458
          0.262       412.77293       11856.721
          0.264       389.74012       11195.086
          0.266       367.99259       10570.372
          0.268       347.45863       9980.5184
           0.27       328.07052       9423.5804
          0.272       309.76431       8897.7209
          0.274       292.47963       8401.2056
          0.276       276.15949       7932.3972
          0.278       260.75005       7489.7495
           0.28       246.20049       7071.8026
          0.282       232.46283       6677.1782
          0.284       219.49178       6304.5748
          0.286       207.24454       5952.7637
          0.288       195.68072       5620.5845
           0.29        184.7622       5306.9417
          0.292       174.45295        5010.801
          0.294       164.71899       4731.1857
          0.296       155.52821       4467.1736
          0.298        146.8503       4217.8941
            0.3       138.65664        3982.525
          0.302        130.9202         3760.29
          0.304       123.61548       3550.4564
          0.306       116.71837        3352.332
          0.308       110.20615       3165.2634
           0.31       104.05732       2988.6338
          0.312       98.251613       2821.8605
          0.314       92.769878       3284.0086
          0.316       85.115578        3887.175
          0.318       77.221178        2882.525
           0.32       73.585478          2197.6
          0.322       68.430778        1861.225
          0.324       66.140578          1273.6
          0.326       63.336378         1446.25
          0.328       60.355578          1160.2
           0.33       58.695578        1006.025
          0.332       56.331478          821.25
          0.334       55.410578             331
          0.336       55.007478         420.225
          0.338       53.729678           773.7
           0.34       51.912678         662.725
          0.342       51.078778          437.05
          0.344       50.164478         523.625
          0.346       48.984278           527.1
          0.348       48.056078             431
           0.35       47.260278         493.125
          0.352       46.083578          668.15
          0.354       44.587678         670.475
          0.356       43.401678          637.25
          0.358       42.038678          736.25
           0.36       40.456678          825.35
          0.362       38.737278         868.025
          0.364       36.984578         877.425
          0.366       35.227578         875.025
          0.368       33.484478         820.475
           0.37       31.945678         724.725
          0.372       30.585578           707.2
          0.374       29.116878         678.975
          0.376       27.869678          608.65
          0.378       26.682278         552.925
           0.38       25.657978          478.15
          0.382       24.769678         443.825
          0.384       23.882678          424.75
          0.386       23.070678         351.725
          0.388       22.475778         280.175
           0.39       21.949978           258.7
          0.392       21.440978         227.575
          0.394       21.039678         192.425
          0.396       20.671278           177.9
          0.398       20.328078         145.125
            0.4       20.090778          134.75
          0.402       19.789078         173.725
          0.404       19.395878          240.75
          0.406       18.826078          319.15
          0.408       18.119278          375.35
           0.41       17.324678         429.075
          0.412       16.402978         499.975
          0.414       15.324778          556.75
          0.416       14.175978         580.725
          0.418       13.001878           586.6
           0.42       11.829578         583.075
          0.422       10.669578        563.9775
          0.424       9.5736682         522.705
          0.426       8.5787582        481.8775
          0.428       7.6461582        445.8525
           0.43       6.7953482          396.32
          0.432       6.0608782        341.1625
          0.434       5.4306982          295.19
          0.436       4.8801182        248.5925
          0.438       4.4363282        187.7925
           0.44       4.1289482         129.855
          0.442       3.9169082          89.185
          0.444       3.7722082         49.3775
          0.446       3.7193982         -3.1125
          0.448       3.7846582        -46.8425
           0.45       3.9067682          -65.38
          0.452       4.0461782        -70.1075
          0.454       4.1871982         -65.845
          0.456       4.3095582        -47.2375
          0.458       4.3761482         -7.5975
           0.46       4.3399482         47.2975
          0.462       4.1869582        106.1425
          0.464       3.9153782        174.5675
          0.466       3.4886882        232.8825
          0.468       2.9838482        258.6025
           0.47       2.4542782        266.0375
          0.472       1.9196982         264.835
          0.474       1.3949382         252.101
          0.476       0.9112942       216.44175
          0.478       0.5291712        167.1925
           0.48       0.2425242       114.94747
          0.482       0.0693813        60.63105
          0.484               0        7.249825
          0.486        0.040382        -52.8578
          0.488       0.2114312       -109.2273
           0.49       0.4772912        -162.597
          0.492       0.8618192      -218.34425
          0.494       1.3506682      -255.74225
          0.496       1.8847882       -270.0375
          0.498       2.4308182       -267.3325
            0.5       2.9541182       -242.6775
          0.502       3.4015282        -181.345
          0.504       3.6794982        -93.3175
          0.506       3.7747982         -7.8775
          0.508       3.7110082         70.2425
           0.51       3.4938282         121.195
          0.512       3.2262282         127.655
          0.514       2.9832082        100.8675
          0.516       2.8227582          42.375
          0.518       2.8137082          -49.39
           0.52       3.0203182        -164.505
          0.522       3.4717282       -293.6925
          0.524       4.1950882       -437.0275
          0.526       5.2198382        -588.895
          0.528       6.5506682        -743.685
           0.53       8.1945782       -907.2525
          0.532       10.179678       -1092.175
          0.534       12.563278       -1270.925
          0.536       15.263378        -1440.75
          0.538       18.326278       -1646.375
           0.54       21.848878       -1822.475
          0.542       25.616178       -1986.025
          0.544       29.792978       -2245.475
          0.546       34.598078         -2501.7
          0.548       39.799778       -2644.325
           0.55       45.175378       -2867.125
          0.552       51.268278           -3090
          0.554       57.535378       -3150.925
          0.556       63.871978       -3683.125
          0.558       72.267878       -3199.875
           0.56       76.671478           -2799
          0.562       83.463878        -4465.65
          0.564       94.534078       -1693.175
          0.566       90.236578          -66.05
          0.568       94.798278        -2300.85
           0.57       99.439978        -2340.95
          0.572       104.16208       -2380.775
          0.574       108.96308        -2420.75
          0.576       113.84508           -2461
          0.578       118.80708        -2500.75
           0.58       123.84808        -2540.75
          0.582       128.97008           -2581
          0.584       134.17208           -2621
          0.586       139.45408        -2660.75
          0.588       144.81508        -2700.75
           0.59       150.25708           -2741
          0.592       155.77908        -2780.75
          0.594       161.38008        -2820.75
          0.596       167.06208           -2861
          0.598       172.82408        -2900.75
            0.6       178.66508      -2903.4781
          0.602       184.43799      -2933.0933
          0.604       190.39745      -3027.8746
          0.606       196.54949      -3125.7187
          0.608       202.90033      -3226.7246
           0.61       209.45639      -3330.9944
          0.612        216.2243      -3438.6337
          0.614       223.21092      -3549.7513
          0.616       230.42331      -3664.4595
          0.618       237.86876      -3782.8745
           0.62       245.55481       -3905.116
          0.622       253.48922      -4031.3077
          0.624       261.68004      -4161.5772
          0.626       270.13553      -4296.0563
          0.628       278.86426       -4434.881
           0.63       287.87506      -4578.1918
          0.632       297.17703      -4726.1335
          0.634       306.77959       -4878.856
          0.636       316.69245      -5036.5135
          0.638       326.92565      -5199.2657
           0.64       337.48952      -5367.2771
          0.642       348.39475      -5540.7177
          0.644       359.65239       -5719.763
          0.646       371.27381       -5904.594
          0.648       383.27076      -6095.3977
           0.65        395.6554      -6292.3672
          0.652       408.44023      -6495.7016
          0.654        421.6382      -6705.6066
          0.656       435.26266      -6922.2946
          0.658       449.32738      -7145.9848
           0.66        463.8466      -7376.9034
          0.662         478.835       -7615.284
          0.664       494.30773      -7861.3677
          0.666       510.28047      -8115.4035
          0.668       526.76935      -8377.6483
           0.67       543.79106      -8648.3674
          0.672       561.36282      -8927.8347
          0.674        579.5024      -9216.3328
          0.676       598.22815      -9514.1535
          0.678       617.55901      -9821.5982
           0.68       637.51454      -10138.978
          0.682       658.11492      -10466.613
          0.684         679.381      -10804.836
          0.686       701.33427      -11153.989
          0.688       723.99695      -11514.424
           0.69       747.39196      -11886.506
          0.692       771.54297      -12270.612
          0.694       796.47441       -12667.13
          0.696       822.21149      -13076.461
          0.698       848.78025       -13499.02
            0.7       876.20757      -13935.233
          0.702       904.52119      -14385.543
          0.704       933.74974      -14850.404
          0.706        963.9228      -15330.286
          0.708       995.07089      -15825.676
           0.71       1027.2255      -16337.074
          0.712       1060.4192      -16864.998
          0.714       1094.6855      -17409.981
          0.716       1130.0591      -17972.575
          0.718       1166.5758      -18553.349
           0.72       1204.2725       -19152.89
          0.722       1243.1874      -19771.806
          0.724       1283.3597      -20410.721
          0.726       1324.8302      -21070.282
          0.728       1367.6409      -21751.156
           0.73       1411.8349      -22454.033
          0.732        1457.457      -23179.623
          0.734       1504.5534       -23928.66
          0.736       1553.1716      -24701.901
          0.738        1603.361       -25500.13
           0.74       1655.1721      -26324.152
          0.742       1708.6576      -27174.803
          0.744       1763.8714      -28052.942
          0.746       1820.8693      -28959.457
          0.748       1879.7092      -29895.266
           0.75       1940.4504      -30861.316
          0.752       2003.1545      -31858.582
          0.754       2067.8847      -32888.075
          0.756       2134.7068      -33950.835
          0.758       2203.6881      -35047.938
           0.76       2274.8985      -36180.492
          0.762         2348.41      -37349.645
          0.764       2424.2971      -38556.579
          0.766       2502.6364      -39802.513
          0.768       2583.5071       -41088.71
           0.77       2666.9912      -42416.469
          0.772        2753.173      -43787.134
          0.774       2842.1397      -45202.091
          0.776       2933.9814      -46662.772
          0.778       3028.7908      -48170.654
           0.78        3126.664      -49727.262
          0.782       3227.6999      -51334.171
          0.784       3332.0007      -52993.007
          0.786       3439.6719      -54705.447
          0.788       3550.8225      -56473.224
           0.79       3665.5648      -58298.125
          0.792        3784.015      -60181.997
          0.794       3906.2928      -62126.745
          0.796       4032.5219      -64134.337
          0.798       4162.8301      -66206.803
            0.8       4297.3492       -68346.24
          0.802       4436.2151      -70554.811
          0.804       4579.5684      -72834.751
          0.806       4727.5541      -75188.366
          0.808       4880.3219      -77618.037
           0.81       5038.0262      -80126.221
          0.812       5200.8268      -82715.456
          0.814       5368.8881      -85388.361
          0.816       5542.3802      -88147.639
          0.818       5721.4786      -90996.082
           0.82       5906.3645      -93936.571
          0.822       6097.2249      -96972.079
          0.824       6294.2528      -100105.68
          0.826       6497.6476      -103340.54
          0.828        6707.615      -106679.93
           0.83       6924.3674      -110127.24
          0.832       7148.1239      -113685.94
          0.834       7379.1111      -117359.64
          0.836       7617.5625      -121152.05
          0.838       7863.7193      -125067.01
           0.84       8117.8305      -129108.48
          0.842       8380.1532      -133280.55
          0.844       8650.9527      -137587.44
          0.846        8930.503       -142033.5
          0.848       9219.0868      -146623.24
           0.85       9516.9959      -151361.29
          0.852       9824.5319      -156252.45
          0.854       10142.006      -161301.66
          0.856       10469.739      -166514.03
          0.858       10808.062      -171894.84
           0.86       11157.318      -177449.53
          0.862        11517.86      -183183.71
          0.864       11890.053       -189103.2
          0.866       12274.273      -195213.96
          0.868       12670.909      -201522.19
           0.87       13080.362      -208034.27
          0.872       13503.046      -214756.79
          0.874       13939.389      -221696.53
          0.876       14389.832      -228860.54
          0.878       14854.831      -236256.04
           0.88       15334.856      -243890.52
          0.882       15830.393      -251771.71
          0.884       16341.943      -259907.58
          0.886       16870.023      -268306.35
          0.888       17415.168      -276976.52
           0.89       17977.929      -285926.87
          0.892       18558.876      -295166.44
          0.894       19158.595      -304704.58
          0.896       19777.694      -314550.94
          0.898       20416.799      -324715.48
            0.9       21076.556      -335208.49
          0.902       21757.633      -346040.56
          0.904       22460.718      -357222.68
          0.906       23186.523      -368766.13
          0.908       23935.783      -380682.61
           0.91       24709.254      -392984.16
          0.912       25507.719      -405683.22
          0.914       26331.987      -418792.66
          0.916        27182.89      -432325.71
          0.918        28061.29      -446296.08
           0.92       28968.074      -460717.89
          0.922       29904.161      -475605.74
          0.924       30870.497      -490974.68
          0.926        31868.06      -506840.26
          0.928       32897.858      -523218.52
           0.93       33960.934      -540126.04
          0.932       35058.362      -557579.92
          0.934       36191.254      -575597.81
          0.936       37360.754      -594197.94
          0.938       38568.045      -613399.12
           0.94        39814.35      -633220.78
          0.942       41100.929      -653682.96
          0.944       42429.082      -674806.36
          0.946       43800.154      -696612.36
          0.948       45215.531      -719123.01
           0.95       46676.646      -742361.08
          0.952       48184.976      -766350.07
          0.954       49742.046      -791114.25
          0.956       51349.433      -816678.68
          0.958       53008.761       -843069.2
           0.96        54721.71      -870312.52
          0.962       56490.011      -898436.19
          0.964       58315.454      -927468.67
          0.966       60199.886      -957439.31
          0.968       62145.212      -988378.43
           0.97       64153.399      -1020317.3
          0.972       66226.481      -1053288.3
          0.974       68366.553      -1087324.8
          0.976        70575.78      -1122461.1
          0.978       72856.397      -1158732.8
           0.98       75210.711      -1196176.6
          0.982       77641.104      -1234830.4
          0.984       80150.033      -1274733.3
          0.986       82740.037      -1315925.6
          0.988       85413.735        -1358449
           0.99       88173.833      -1402346.5
          0.992       91023.121      -1447662.6
          0.994       93964.483        -1494443
          0.996       97000.893      -1542735.1
          0.998       100135.42      -1592587.8
              1       103371.24               0
